## BAT - batSNR4flux
0.0409999978542328	0.04	-0.04	3.1109426861666e-07	5.97264223020918e-08	-5.97264223020918e-08
0.101000030040741	0.02	-0.02	6.49363399843902e-07	1.19898107038138e-07	-1.19898107038138e-07
0.18100001335144	0.06	-0.06	4.81407305958753e-07	1.04219685319796e-07	-1.04219685319796e-07
0.26099999666214	0.02	-0.02	1.26370034614112e-06	3.05549912795147e-07	-3.05549912795147e-07
0.340999999841054	0.06	-0.06	7.34693856384601e-07	1.45794678591252e-07	-1.45794678591252e-07
0.421000022888184	0.02	-0.02	5.72640362782576e-07	1.31981783332502e-07	-1.31981783332502e-07
0.460999984741211	0.02	-0.02	2.2660635601963e-07	8.64970262668828e-08	-8.64970262668828e-08
0.501000006198883	0.02	-0.02	2.90353521647797e-07	6.36316047089541e-08	-6.36316047089541e-08
0.561000008583069	0.04	-0.04	1.4696211045425e-07	3.57428482378437e-08	-3.57428482378437e-08
0.621000010967255	0.02	-0.02	2.57021035387835e-07	4.91713147122299e-08	-4.91713147122299e-08
0.68100001335144	0.04	-0.04	1.54535877381886e-07	3.46310903145368e-08	-3.46310903145368e-08
0.761000026464462	0.04	-0.04	1.45805596353344e-07	3.76666666839561e-08	-3.76666666839561e-08
0.861000000635783	0.06	-0.06	1.39976804746636e-07	3.14105567424607e-08	-3.14105567424607e-08
0.941000003814697	0.02	-0.02	2.67284236474606e-07	6.52879268773271e-08	-6.52879268773271e-08
1.00100000619888	0.04	-0.04	2.00149982418053e-07	5.57035828928948e-08	-5.57035828928948e-08
1.06100000858307	0.02	-0.02	4.14379120472483e-07	9.23331382948648e-08	-9.23331382948648e-08
1.12100001096725	0.04	-0.04	3.55731688221693e-07	8.44561491020122e-08	-8.44561491020122e-08
1.2210000149409	0.06	-0.06	4.81062015950823e-07	9.62428171097641e-08	-9.62428171097641e-08
1.34099999984105	0.06	-0.06	5.73585252402802e-07	1.52714504073791e-07	-1.52714504073791e-07
1.4410000038147	0.04	-0.04	6.19590443550484e-07	1.54690930958226e-07	-1.54690930958226e-07
1.50100000619888	0.02	-0.02	9.10258632834933e-07	1.90559796351115e-07	-1.90559796351115e-07
1.56100000858307	0.04	-0.04	4.39222901923824e-07	1.07462269798419e-07	-1.07462269798419e-07
1.64100002169609	0.04	-0.04	3.61090420361228e-07	8.14737950580394e-08	-8.14737950580394e-08
1.70099999427795	0.02	-0.02	3.92663144001291e-07	8.72460619313949e-08	-8.72460619313949e-08
1.74100001573563	0.02	-0.02	4.17635692607139e-07	8.66876855094829e-08	-8.66876855094829e-08
1.82100001891454	0.06	-0.06	1.84952977995366e-07	4.53020659401043e-08	-4.53020659401043e-08
1.9410000038147	0.06	-0.06	2.29962891617817e-07	6.2207288234826e-08	-6.2207288234826e-08
2.06100000858307	0.06	-0.06	3.34350768404633e-07	8.35046610217799e-08	-8.35046610217799e-08
2.20100000917912	0.08	-0.08	4.52849474052259e-07	1.05832217332259e-07	-1.05832217332259e-07
2.36100000560284	0.08	-0.08	7.08554551725752e-07	1.55070980787319e-07	-1.55070980787319e-07
2.62100001096725	0.18	-0.18	5.61629231477553e-07	1.25439788687477e-07	-1.25439788687477e-07
2.82099999904633	0.02	-0.02	1.39263879206816e-06	3.06079842836975e-07	-3.06079842836975e-07
2.98100000824247	0.14	-0.14	4.02505594985747e-07	1.14257334713691e-07	-1.14257334713691e-07
3.28100000739098	0.16	-0.16	3.42199041169473e-07	8.53204791411013e-08	-8.53204791411013e-08
3.5410000038147	0.1	-0.1	3.50214639265108e-07	8.7495782804998e-08	-8.7495782804998e-08
3.8210000122918	0.18	-0.18	1.70974134703875e-07	5.2337885464503e-08	-5.2337885464503e-08
4.1810000067287	0.18	-0.18	1.64554677064348e-07	4.08662251451065e-08	-4.08662251451065e-08
4.48100000540415	0.12	-0.12	1.63816257601845e-07	4.02865176113665e-08	-4.02865176113665e-08
4.7210000149409	0.12	-0.12	1.00528703522711e-07	3.46423277093075e-08	-3.46423277093075e-08
4.9410000038147	0.1	-0.1	1.63806910420366e-07	3.88236485196567e-08	-3.88236485196567e-08
5.24100000977516	0.2	-0.2	7.993664509714e-08	2.8793752137472e-08	-2.8793752137472e-08
5.601000007689	0.16	-0.16	1.42199262094243e-07	3.50558245778242e-08	-3.50558245778242e-08
5.7810000371933	0.02	-0.02	4.54102167939992e-07	9.8471653457367e-08	-9.8471653457367e-08
5.96100000709295	0.16	-0.16	1.61092755394085e-07	3.79761326145532e-08	-3.79761326145532e-08
6.44100000753999	0.32	-0.32	1.59099287092919e-07	2.94174082818738e-08	-2.94174082818738e-08
6.88100001136462	0.12	-0.12	2.4656037124422e-07	5.3779781673735e-08	-5.3779781673735e-08
7.20100000619888	0.2	-0.2	1.5192831569823e-07	3.77265156433695e-08	-3.77265156433695e-08
7.50100000619888	0.1	-0.1	2.04085604279361e-07	4.72228877742877e-08	-4.72228877742877e-08
7.62100001096725	0.02	-0.02	4.40332491371473e-07	1.0083254492547e-07	-1.0083254492547e-07
7.88100001136462	0.24	-0.24	1.59497456921341e-07	3.300599407877e-08	-3.300599407877e-08
8.20100000917911	0.08	-0.08	3.47200545792504e-07	8.22502104144814e-08	-8.22502104144814e-08
8.4410000038147	0.16	-0.16	2.99133737903922e-07	7.57618267794583e-08	-7.57618267794583e-08
8.68100001335144	0.08	-0.08	6.43134869183351e-07	1.39231073424431e-07	-1.39231073424431e-07
8.80100001811981	0.04	-0.04	7.57757111399771e-07	1.70665313246844e-07	-1.70665313246844e-07
8.96100000460942	0.12	-0.12	2.3751077951347e-07	5.08034716040051e-08	-5.08034716040051e-08
9.20100001414617	0.12	-0.12	8.36000018890737e-08	2.06449620192961e-08	-2.06449620192961e-08
9.34099997997284	0.02	-0.02	1.56210558802493e-07	3.12140778338548e-08	-3.12140778338548e-08
9.42100000301997	0.06	-0.06	6.58712402954112e-08	1.29272087722492e-08	-1.29272087722492e-08
9.50100000619888	0.02	-0.02	8.96204135562976e-08	1.70041235621023e-08	-1.70041235621023e-08
9.54100002765655	0.02	-0.02	3.82468127371083e-08	1.35882950824559e-08	-1.35882950824559e-08
9.58099998950958	0.02	-0.02	6.88664000749913e-08	1.17524163292863e-08	-1.17524163292863e-08
9.62100001096725	0.02	-0.02	6.05225732373246e-08	1.09832403314261e-08	-1.09832403314261e-08
9.66100003242493	0.02	-0.02	5.15039663449615e-08	1.11728362355677e-08	-1.11728362355677e-08
9.70099999427795	0.02	-0.02	5.27785944659168e-08	1.24037779165339e-08	-1.24037779165339e-08
9.74100001573563	0.02	-0.02	5.05117162468765e-08	1.25767507508013e-08	-1.25767507508013e-08
9.7810000371933	0.02	-0.02	7.11432849024187e-08	1.52927304638813e-08	-1.52927304638813e-08
9.86100000063578	0.06	-0.06	5.29146326122404e-08	9.53821445177302e-09	-9.53821445177302e-09
9.9410000038147	0.02	-0.02	7.08345545769395e-08	1.73480975537541e-08	-1.73480975537541e-08
9.98100002527237	0.02	-0.02	7.4224337001918e-08	1.82569354922341e-08	-1.82569354922341e-08
10.0409999978542	0.04	-0.04	4.79911537412659e-08	1.32416899183111e-08	-1.32416899183111e-08
10.1010000300407	0.02	-0.02	9.1523309196375e-08	1.87636261772119e-08	-1.87636261772119e-08
10.1610000026226	0.04	-0.04	8.46466157904398e-08	2.03891259412602e-08	-2.03891259412602e-08
10.2410000157356	0.04	-0.04	3.4753564146388e-07	7.76760514270958e-08	-7.76760514270958e-08
10.3010000181198	0.02	-0.02	1.23527824156237e-06	2.85854790030596e-07	-2.85854790030596e-07
10.3409999799728	0.02	-0.02	1.45662785778793e-06	5.23119361324284e-07	-5.23119361324284e-07
10.3810000014305	0.02	-0.02	5.26916204687171e-06	1.07308380513808e-06	-1.07308380513808e-06
10.4610000046094	0.06	-0.06	1.41790978448546e-06	3.32316924229135e-07	-3.32316924229135e-07
10.5810000093778	0.06	-0.06	3.27057172780233e-07	7.31157586149445e-08	-7.31157586149445e-08
10.6610000324249	0.02	-0.02	1.73630889190724e-07	4.20974306611139e-08	-4.20974306611139e-08
10.700999994278	0.02	-0.02	8.26729362160552e-08	3.06031421950545e-08	-3.06031421950545e-08
10.7410000157356	0.02	-0.02	1.1409350495951e-07	2.70978994837612e-08	-2.70978994837612e-08
10.8010000181198	0.04	-0.04	8.15004842747787e-08	1.72017752401955e-08	-1.72017752401955e-08
10.8810000014305	0.04	-0.04	7.37514017031891e-08	1.54003943012277e-08	-1.54003943012277e-08
10.9410000038147	0.02	-0.02	8.4210379560298e-08	1.97727863617395e-08	-1.97727863617395e-08
10.9810000252724	0.02	-0.02	7.77827882128957e-08	1.7779777095656e-08	-1.7779777095656e-08
11.0209999871254	0.02	-0.02	7.04757476408766e-08	1.5962506711431e-08	-1.5962506711431e-08
11.0610000085831	0.02	-0.02	7.82116680143925e-08	1.57176184175719e-08	-1.57176184175719e-08
11.1010000300407	0.02	-0.02	6.63188902697007e-08	1.56134236770247e-08	-1.56134236770247e-08
11.1409999918938	0.02	-0.02	5.42529548693894e-08	1.64320776232079e-08	-1.64320776232079e-08
11.1810000133514	0.02	-0.02	8.60232889212983e-08	1.51347220992603e-08	-1.51347220992603e-08
11.281000007391	0.08	-0.08	4.90334595450216e-08	1.03774385270972e-08	-1.03774385270972e-08
11.4010000121593	0.04	-0.04	2.12157200530425e-07	4.64777995159618e-08	-4.64777995159618e-08
11.48099999547	0.04	-0.04	4.43608165262569e-07	9.59955263494321e-08	-9.59955263494321e-08
11.5410000276566	0.02	-0.02	1.01119682486862e-06	2.37340255805391e-07	-2.37340255805391e-07
11.6410000067949	0.08	-0.08	5.08651894270886e-07	1.40547091635951e-07	-1.40547091635951e-07
11.7610000264645	0.04	-0.04	1.16988705453616e-06	2.50042345401781e-07	-2.50042345401781e-07
11.8410000097752	0.04	-0.04	1.22839182450197e-06	2.95999732176268e-07	-2.95999732176268e-07
12.0610000085831	0.06	-0.06	6.59676180832485e-07	1.4286006734352e-07	-1.4286006734352e-07
12.1610000026226	0.04	-0.04	5.64030800432149e-07	1.31504325573543e-07	-1.31504325573543e-07
12.2410000157356	0.04	-0.04	2.85700135308212e-07	9.59773340407483e-08	-9.59773340407483e-08
12.3209999990463	0.04	-0.04	3.19212314100237e-07	7.63607877666197e-08	-7.63607877666197e-08
12.42100000302	0.06	-0.06	2.50948050795725e-07	8.07001326312109e-08	-8.07001326312109e-08
12.5610000085831	0.08	-0.08	3.80839220364587e-07	8.82433642441626e-08	-8.82433642441626e-08
12.6610000324249	0.02	-0.02	9.38921801790202e-07	1.9822208994944e-07	-1.9822208994944e-07
12.7410000157356	0.06	-0.06	5.79364147462654e-07	1.37497408039761e-07	-1.37497408039761e-07
12.9010000061989	0.1	-0.1	5.98168498275599e-07	1.49194062832573e-07	-1.49194062832573e-07
13.1610000100732	0.16	-0.16	7.53338861957765e-07	1.79085011790471e-07	-1.79085011790471e-07
13.6410000067949	0.32	-0.32	7.51063556390253e-07	2.33419257658419e-07	-2.33419257658419e-07
14.1210000109673	0.16	-0.16	1.34707268232006e-06	3.3112326205436e-07	-3.3112326205436e-07
15.0810000088811	0.8	-0.8	6.73751327958582e-07	1.53770991929686e-07	-1.53770991929686e-07
16.0410000053048	0.16	-0.16	1.50130112871915e-06	3.58724604999033e-07	-3.58724604999033e-07
17.0010000091791	0.8	-0.8	6.85535369776325e-07	1.64414566580833e-07	-1.64414566580833e-07
18.0010000061989	0.2	-0.2	1.386613265899e-06	3.46189589978757e-07	-3.46189589978757e-07
340.201000008542	9.35999999999989	-9.35999999999989	2.57436244270085e-10	6.33374146295154e-11	-6.33374146295154e-11
354.281000008654	4.71999999999999	-4.71999999999999	2.18489647111666e-09	4.87406506804206e-10	-4.87406506804206e-10
360.881000008406	1.88	-1.88	7.51377468000921e-09	1.70146308407532e-09	-1.70146308407532e-09
363.601000008754	0.84	-0.84	1.49509275252841e-08	3.55327063911779e-09	-3.55327063911779e-09
365.28100000881	0.84	-0.84	1.33135697666888e-08	3.98853487060575e-09	-3.98853487060575e-09
366.541000007789	0.42	-0.42	2.63281069538549e-08	6.13210631276089e-09	-6.13210631276089e-09
367.101000013011	0.14	-0.14	4.44546153417271e-08	1.09845679746461e-08	-1.09845679746461e-08
367.521000008413	0.28	-0.28	3.27748519845068e-08	7.98308857101614e-09	-7.98308857101614e-09
368.08100000654	0.28	-0.28	3.32172003614274e-08	8.38834984982272e-09	-8.38834984982272e-09
368.561000008583	0.2	-0.2	4.46619934468237e-08	1.00436644093696e-08	-1.00436644093696e-08
368.881000011365	0.12	-0.12	5.41736067957478e-08	1.33021985344686e-08	-1.33021985344686e-08
369.161000010073	0.16	-0.16	3.69690051174869e-08	1.15787612814394e-08	-1.15787612814394e-08
369.481000002921	0.16	-0.16	4.84004648437025e-08	1.18651530863952e-08	-1.18651530863952e-08
369.961000010818	0.32	-0.32	3.62157866653518e-08	8.23264634520933e-09	-8.23264634520933e-09
370.601000007689	0.32	-0.32	3.69278382598116e-08	8.08196628329142e-09	-8.08196628329142e-09
371.041000007788	0.12	-0.12	5.29442532354337e-08	1.29703056308255e-08	-1.29703056308255e-08
371.761000008583	0.2	-0.2	4.52360597850799e-08	9.92998093460911e-09	-9.92998093460911e-09
372.441000008782	0.48	-0.48	2.00181622353469e-08	6.18603996947483e-09	-6.18603996947483e-09
373.16100000759	0.24	-0.24	3.6999413825404e-08	8.52649396271072e-09	-8.52649396271072e-09
374.24100000864	0.84	-0.84	1.20116886407518e-08	4.44170177700159e-09	-4.44170177700159e-09
375.921000008697	0.84	-0.84	1.47203495046028e-08	3.34524701729418e-09	-3.34524701729418e-09
377.64100000815	0.88	-0.88	6.40276935226225e-09	2.04202749726058e-09	-2.04202749726058e-09
378.841000009775	0.32	-0.32	9.59231374274128e-09	2.39148840045805e-09	-2.39148840045805e-09
380.841000008356	1.68	-1.68	2.16663951221417e-09	6.06335970165303e-10	-6.06335970165303e-10
382.741000010317	0.22	-0.22	4.10672355393729e-09	1.01163580720289e-09	-1.01163580720289e-09
384.861000008583	1.9	-1.9	1.9098357887064e-09	4.05779002500965e-10	-4.05779002500965e-10
387.141000007579	0.38	-0.38	1.53186107283168e-08	3.66190074066025e-09	-3.66190074066025e-09
388.021000008583	0.5	-0.5	1.69649257763545e-08	5.56763223876025e-09	-5.56763223876025e-09
388.561000008583	0.04	-0.04	1.14142217755729e-07	2.80822899673866e-08	-2.80822899673866e-08
388.721000014941	0.12	-0.12	4.00599839320404e-08	1.76595136203014e-08	-1.76595136203014e-08
388.961000004609	0.12	-0.12	9.26806763396287e-08	2.09463213669756e-08	-2.09463213669756e-08
389.32100000898	0.24	-0.24	8.14157439950569e-08	1.84185701017045e-08	-1.84185701017045e-08
389.641000006795	0.08	-0.08	1.5019221956043e-07	3.51091476638486e-08	-3.51091476638486e-08
389.841000009775	0.12	-0.12	1.31695565948689e-07	2.83957266729484e-08	-2.83957266729484e-08
390.441000008782	0.48	-0.48	5.86616736949374e-08	1.4721349636362e-08	-1.4721349636362e-08
391.401000009676	0.48	-0.48	6.47089200006693e-08	1.50394281998169e-08	-1.50394281998169e-08
392.201000005454	0.32	-0.32	7.57715085920979e-08	1.89427198896607e-08	-1.89427198896607e-08
393.221000009265	0.7	-0.7	5.0343255656493e-08	1.34186858524127e-08	-1.34186858524127e-08
394.101000010173	0.18	-0.18	1.25548296626552e-07	2.70782743633521e-08	-2.70782743633521e-08
398.16100000846	3.88	-3.88	3.0472721761803e-08	7.08491127016324e-09	-7.08491127016324e-09
409.821000008546	7.77999999999992	-7.77999999999992	3.9070669888869e-08	8.45157782730256e-09	-8.45157782730256e-09

## XRT - xrtwtflux
366.509	0.443	-0.562	2.12926526411923e-08	3.2445911187798e-09	-3.2443078963587e-09
367.460	0.544	-0.507	2.00463575917057e-08	3.12223992560162e-09	-3.12199595960947e-09
368.391	0.561	-0.387	2.18839824515338e-08	3.48461455437302e-09	-3.48435641015792e-09
369.253	0.321	-0.301	3.44720056633259e-08	5.25275989066318e-09	-5.25234126837887e-09
369.881	0.272	-0.307	3.71472816651387e-08	5.66042345035447e-09	-5.65996401721689e-09
370.467	0.330	-0.314	3.41235923190023e-08	5.14039003501323e-09	-5.13998440688695e-09
371.269	0.379	-0.472	2.5701516634875e-08	3.83222307485777e-09	-3.83192356338946e-09
372.178	0.407	-0.531	2.29632934583874e-08	3.49907855062873e-09	-3.49880223611846e-09
373.040	0.527	-0.455	2.22968574851584e-08	3.3247096528222e-09	-3.32440326824425e-09
374.313	0.635	-0.746	1.51233428591648e-08	2.40822943427713e-09	-2.40801043160191e-09
375.540	0.604	-0.592	1.80702013618854e-08	2.75366035652508e-09	-2.75338308834818e-09
376.856	0.689	-0.713	1.56921106981558e-08	2.33996885408653e-09	-2.33971888731882e-09
378.202	0.510	-0.657	1.88787859216536e-08	2.8151710133055e-09	-2.81486619121524e-09
379.729	0.634	-1.017	1.29407804343019e-08	2.01567158162283e-09	-2.01546911455542e-09
380.884	0.582	-0.521	2.00293363173317e-08	2.9867546000494e-09	-2.9864257204611e-09
382.579	0.844	-1.113	1.07686037150394e-08	1.71481644024338e-09	-1.71464943902308e-09
384.160	0.784	-0.737	1.45717961732749e-08	2.17291833271103e-09	-2.17268388709038e-09
385.611	0.531	-0.667	1.79491742661812e-08	2.79572273861341e-09	-2.79546323995655e-09
386.563	0.543	-0.421	2.30423006022111e-08	3.43591190143863e-09	-3.43557840306373e-09
387.760	0.465	-0.654	2.02900908708816e-08	3.09182343873855e-09	-3.09155236794901e-09
388.662	0.316	-0.436	3.23943623381073e-08	4.83033055531589e-09	-4.82989490462447e-09
389.374	0.346	-0.396	3.43169535182123e-08	5.11706564370019e-09	-5.11658497007571e-09
390.351	0.750	-0.631	1.89464267658557e-08	2.95103697806709e-09	-2.95076857233142e-09
391.578	0.448	-0.478	3.09575932631344e-08	4.71755700676976e-09	-4.71707232796042e-09
392.524	0.658	-0.498	2.66474734614109e-08	3.97368628286905e-09	-3.9732346926765e-09
393.663	0.367	-0.481	3.97567622982682e-08	5.86390663402301e-09	-5.86319028873167e-09
394.559	0.564	-0.528	3.13797223518262e-08	4.78206000930463e-09	-4.78150934590838e-09
395.830	0.853	-0.707	2.4092581277253e-08	3.5927708289075e-09	-3.5923384912552e-09
397.517	0.861	-0.834	2.41301284634044e-08	3.67727221573462e-09	-3.67684888180131e-09
398.924	0.623	-0.545	3.68221627895989e-08	5.86377521093235e-09	-5.86316023058198e-09
399.975	0.706	-0.427	4.24473827978483e-08	6.32985594430684e-09	-6.32911016108235e-09
401.395	0.633	-0.714	3.4018947087209e-08	5.07295015788969e-09	-5.07236548669451e-09
402.748	0.783	-0.72	2.85221324379667e-08	4.34649310985267e-09	-4.34602331814583e-09
404.320	0.536	-0.789	3.10162287254473e-08	4.62510665448466e-09	-4.62459814628638e-09
405.606	0.715	-0.749	2.54984656980159e-08	4.06038733401062e-09	-4.0600074459622e-09
407.350	0.836	-1.029	1.94092343226578e-08	2.9576913657466e-09	-2.95740024610905e-09
409.114	1.053	-0.929	1.65486182402798e-08	2.63515506108311e-09	-2.63492690623749e-09
411.151	0.897	-0.984	1.67302473001105e-08	2.54938500220616e-09	-2.54915665311025e-09
412.672	0.807	-0.624	2.1151656964792e-08	3.15392487456415e-09	-3.15364194334395e-09
414.345	0.887	-0.867	1.59781562849145e-08	2.43475300880394e-09	-2.43454428128456e-09
416.018	0.818	-0.785	1.77648550277112e-08	2.6489407454315e-09	-2.64869561329818e-09
417.693	0.669	-0.857	1.89942332316564e-08	2.83228187857829e-09	-2.83201074452537e-09
419.331	0.706	-0.97	1.73230965483258e-08	2.63973738972952e-09	-2.63949617730645e-09
420.850	0.677	-0.812	2.01334055952274e-08	3.00211060334728e-09	-3.00183511509772e-09
422.132	0.571	-0.605	2.64180990773472e-08	3.89616051161719e-09	-3.89580718844529e-09
423.653	0.744	-0.95	1.76553425715396e-08	2.74984986138127e-09	-2.74963046810121e-09
424.783	0.345	-0.386	4.27466423275245e-08	6.37395075713431e-09	-6.37337955045506e-09
425.714	0.450	-0.586	2.99999051835231e-08	4.57142228617166e-09	-4.57101817269159e-09
426.681	0.501	-0.518	3.02851536732295e-08	4.71707089236182e-09	-4.71665869751659e-09
427.544	0.346	-0.362	4.39981082773086e-08	6.85298276481411e-09	-6.85236482766673e-09
428.353	0.374	-0.462	3.71306345574268e-08	5.78336790086478e-09	-5.78283616335186e-09
429.201	0.430	-0.474	3.50604428024834e-08	5.22803845204287e-09	-5.22751041943161e-09
430.063	0.410	-0.432	3.66430244936874e-08	5.58385051070181e-09	-5.58330945388416e-09
430.832	0.426	-0.36	3.88048398536184e-08	5.91328167283254e-09	-5.91270742228812e-09
431.683	0.344	-0.425	3.92320875940281e-08	5.97839050311537e-09	-5.97780916343307e-09
432.851	0.485	-0.824	2.30206961885446e-08	3.43273827849203e-09	-3.43238891182134e-09
433.786	0.472	-0.449	3.22859593831428e-08	4.81433685239066e-09	-4.81384475385013e-09
434.670	0.374	-0.412	3.67783180778244e-08	5.60449156294076e-09	-5.60394063537647e-09
435.657	0.543	-0.612	2.47065352325855e-08	3.76493230673627e-09	-3.76455926456416e-09
436.894	0.485	-0.695	2.33892220372676e-08	3.64308380079052e-09	-3.64273531838904e-09
437.867	0.521	-0.488	2.78707172948353e-08	4.15599335485894e-09	-4.15555618068822e-09
438.955	0.562	-0.568	2.55177592665517e-08	3.97463807199844e-09	-3.97425244837171e-09
440.014	0.525	-0.497	3.21895581647804e-08	4.8000209528302e-09	-4.79951048286383e-09
441.122	0.633	-0.584	2.99592356270249e-08	4.46744779289046e-09	-4.46697048579992e-09
442.429	0.572	-0.674	3.25293101185935e-08	4.9570684180627e-09	-4.95655831493947e-09
443.528	0.465	-0.528	4.59143311768469e-08	6.84665362677597e-09	-6.84591495988255e-09
444.627	0.848	-0.634	3.40466923335151e-08	5.07697971185212e-09	-5.07643043272262e-09
446.288	0.813	-0.813	3.38611810281822e-08	5.51378595322224e-09	-5.51328401008506e-09
447.848	0.713	-0.746	4.57779620542337e-08	6.97602946231347e-09	-6.97530327574024e-09
449.351	0.553	-0.79	5.79751499255765e-08	8.64517924449427e-09	-8.64423356389352e-09
450.568	0.857	-0.664	5.39241893304861e-08	8.04111550055115e-09	-8.0402327195122e-09
452.102	0.930	-0.677	5.00466050120788e-08	7.4629101532235e-09	-7.46208466764095e-09
453.695	0.917	-0.663	4.90543137162283e-08	7.47535264908336e-09	-7.47455709377535e-09
455.360	0.785	-0.748	5.02542470579609e-08	7.49387601149166e-09	-7.49304660842093e-09
457.159	0.990	-1.014	3.75880519792419e-08	5.60509308369623e-09	-5.60447523423184e-09
459.384	1.108	-1.235	2.97386779902745e-08	4.73565059860306e-09	-4.73519048177744e-09
461.423	0.878	-0.931	3.93961069468394e-08	5.87475682461541e-09	-5.87409398958722e-09
463.648	1.256	-1.347	2.71867285070956e-08	4.05410005093273e-09	-4.05364034233745e-09
466.639	1.879	-1.736	1.97898873798756e-08	3.08245685885053e-09	-3.08216120511807e-09
469.780	1.484	-1.262	2.77140289489964e-08	4.22318624684869e-09	-4.22278285632768e-09
473.384	1.760	-2.12	2.09791038829063e-08	3.12830474262404e-09	-3.12798747765846e-09
477.432	2.299	-2.287	1.87968833579049e-08	2.80293821857227e-09	-2.80264133650961e-09
482.073	2.185	-2.342	1.967693263418e-08	3.0649386047549e-09	-3.06461983720531e-09
486.800	2.269	-2.541	1.57195902294376e-08	2.44849075143781e-09	-2.44824921273115e-09
491.442	1.833	-2.373	9.87067357640424e-09	1.92486571959677e-09	-1.92475382549388e-09
495.245	2.519	-1.97	8.0094291475643e-09	1.56192349748009e-09	-1.56182780782937e-09
498.918	2.412	-1.154	9.61653121861527e-09	1.75316772468715e-09	-1.75302952411671e-09
503.394	1.714	-2.065	8.18931097324959e-09	1.4457296660417e-09	-1.44563251903848e-09
507.088	1.868	-1.98	5.52715402852379e-09	1.23683799169236e-09	-1.23679075889653e-09
511.445	2.067	-2.489	4.64206856425921e-09	8.47667699596813e-10	-8.47617237330797e-10
516.873	3.242	-3.36	2.52329029160073e-09	4.76050255943083e-10	-4.76022053718057e-10
524.424	3.662	-4.309	1.46635749806063e-09	3.05978113285945e-10	-3.05960492902791e-10
529.772	2.813	-1.687	2.20744282971373e-09	4.45182707135976e-10	-4.45152968436948e-10
535.159	2.840	-2.574	3.53280583357994e-09	7.63198881941873e-10	-7.63150575709834e-10
541.798	2.730	-3.799	3.16442988816972e-09	6.17109900261902e-10	-6.17067900676824e-10

## XRT - xrtpcflux
114.151	26.067	-21.572	1.80281837882922e-09	4.07648367143439e-10	-4.07648367143439e-10
166.665	18.685	-26.447	1.94593473317653e-09	4.37204749220183e-10	-4.37204749220183e-10
198.788	11.635	-13.438	3.5706348768318e-09	8.04800903411892e-10	-8.04800903411892e-10
228.422	12.089	-17.999	3.5557501056166e-09	7.3064332410624e-10	-7.3064332410624e-10
248.543	9.519	-8.032	5.66007553391851e-09	1.21373335563079e-09	-1.21373335563079e-09
265.913	9.701	-7.851	5.13048635831108e-09	1.1582346937166e-09	-1.1582346937166e-09
285.071	8.093	-9.458	6.20598103577694e-09	1.27183449528913e-09	-1.27183449528913e-09
307.055	11.182	-13.891	4.12107956819985e-09	8.72541472589754e-10	-8.72541472589754e-10
325.052	5.722	-6.815	1.25412280123404e-08	2.1275683516516e-09	-2.1275683516516e-09
337.165	6.146	-6.391	1.2709631138428e-08	2.16203754136927e-09	-2.16203754136927e-09
349.052	4.288	-5.741	1.5302098073377e-08	2.64402386538878e-09	-2.64402386538878e-09
358.305	5.063	-4.965	1.57376587885658e-08	2.67713603579678e-09	-2.67713603579678e-09
577.175	13.648	-23.962	5.3821846935932e-09	1.21994378252648e-09	-1.21994378252648e-09
614.315	14.118	-23.492	6.229635641235e-09	1.31127047086647e-09	-1.31127047086647e-09
644.196	14.324	-15.763	7.16093522678087e-09	1.56868844644577e-09	-1.56868844644577e-09
675.028	13.580	-16.508	6.77761052007417e-09	1.52373940166962e-09	-1.52373940166962e-09
705.713	15.490	-17.105	6.2805741877121e-09	1.41199633475207e-09	-1.41199633475207e-09
737.279	21.534	-16.076	5.51646452144442e-09	1.2418933913167e-09	-1.2418933913167e-09
774.911	19.004	-16.098	6.07577636355874e-09	1.36225916011966e-09	-1.36225916011966e-09
820.763	18.284	-26.847	4.83440056808613e-09	1.0898227826747e-09	-1.0898227826747e-09
858.932	15.218	-19.885	7.01609769692552e-09	1.50320877742094e-09	-1.50320877742094e-09
894.707	12.037	-20.558	7.35134185189809e-09	1.61456306657454e-09	-1.61456306657454e-09
926.891	14.956	-20.146	6.57732230694918e-09	1.48273165898106e-09	-1.48273165898106e-09
959.949	19.508	-18.102	6.25084859623334e-09	1.40913451236723e-09	-1.40913451236723e-09
999.943	24.645	-20.487	5.29474402712389e-09	1.19685236984737e-09	-1.19685236984737e-09
1049.076	15.629	-24.488	7.32364258168254e-09	1.4999901413487e-09	-1.4999901413487e-09
1088.960	15.863	-24.255	6.20748463308822e-09	1.40126325740914e-09	-1.40126325740914e-09
1119.068	20.857	-14.246	7.2199568163335e-09	1.62099005003523e-09	-1.62099005003523e-09
1171.540	33.575	-31.616	4.37609530352601e-09	9.35280071306746e-10	-9.35280071306746e-10
1220.991	19.227	-15.876	7.88408618931265e-09	1.72710380209821e-09	-1.72710380209821e-09
1274.511	38.419	-34.293	3.74617955118227e-09	8.20645484216877e-10	-8.20645484216877e-10
1350.964	29.664	-38.034	3.65838396995934e-09	8.292213771083e-10	-8.292213771083e-10
1395.260	20.469	-14.633	6.96081601211588e-09	1.56705257618913e-09	-1.56705257618913e-09
1436.241	19.606	-20.511	5.95759871714934e-09	1.35221760223734e-09	-1.35221760223734e-09
1480.802	35.220	-24.955	3.89111903839925e-09	8.84391247440838e-10	-8.84391247440838e-10
1550.438	43.312	-34.415	3.25571372683822e-09	6.9840176073349e-10	-6.9840176073349e-10
1666.168	57.954	-72.419	2.77446900276623e-09	4.88563088799962e-10	-4.88563088799962e-10
5046.321	83.159	-108.952	6.90159473269236e-11	1.55463230375882e-11	-1.55463230375882e-11
5176.788	50.477	-47.308	9.53710555626003e-11	2.14829838366385e-11	-2.14829838366385e-11
5286.304	63.819	-59.039	7.47921129198458e-11	1.69098236952247e-11	-1.69098236952247e-11
5439.690	65.887	-89.566	6.07700506108849e-11	1.35284910670189e-11	-1.35284910670189e-11
5592.302	48.670	-86.725	6.90389000810987e-11	1.52967287304141e-11	-1.52967287304141e-11
5716.670	59.697	-75.698	6.52085876672609e-11	1.47249038612742e-11	-1.47249038612742e-11
5857.746	59.030	-81.379	6.151278538836e-11	1.39419029480421e-11	-1.39419029480421e-11
5967.989	49.080	-51.212	8.56886286236004e-11	1.92782456915695e-11	-1.92782456915695e-11
6073.440	36.399	-56.372	9.14214152813871e-11	2.05176012601286e-11	-2.05176012601286e-11
6208.114	62.193	-98.275	5.45054416376753e-11	1.21195128708495e-11	-1.21195128708495e-11
6341.137	97.161	-70.83	4.96739286490904e-11	1.11893977577178e-11	-1.11893977577178e-11
6513.614	82.645	-75.316	5.3813255678086e-11	1.1951445282833e-11	-1.1951445282833e-11
6717.635	59.151	-121.376	4.41632169169709e-11	9.98490828018616e-12	-9.98490828018616e-12
6871.175	81.123	-94.39	4.4432923107052e-11	1.01460588438312e-11	-1.01460588438312e-11
7042.693	90.132	-90.395	4.30606390878024e-11	9.78392387738585e-12	-9.78392387738585e-12
7291.930	171.845	-159.105	4.0977243534892e-11	7.01018802009014e-12	-7.01018802009014e-12
10854.358	150.136	-160.771	2.15022025224872e-11	5.68183093036701e-12	-5.68183093036701e-12
11225.649	144.913	-221.154	1.8231683177998e-11	4.80823444217819e-12	-4.80823444217819e-12
11490.461	98.237	-119.899	3.0959979544512e-11	8.09674258639598e-12	-8.09674258639598e-12
11783.420	188.897	-194.722	1.73593688538309e-11	4.58115279800171e-12	-4.58115279800171e-12
12200.276	138.109	-227.959	1.81722492925934e-11	4.7987895522522e-12	-4.7987895522522e-12
12769.923	438.486	-431.538	1.46932570087839e-11	2.82119670661116e-12	-2.82119670661116e-12
17583.543	771.135	-1174.041	9.01660478895522e-12	1.75345170796129e-12	-1.75345170796129e-12
25027.668	14985.871	-2049.465	2.22689982129724e-12	5.74778344546779e-13	-5.74778344546779e-13
96321.218	58557.037	-26602.324	1.76309104017887e-13	9.31301954886641e-14	-7.33726639682774e-14
