## BAT - batSNR4flux
42.5209999989857	3.92	-3.92	2.9378626417728e-08	6.42182668103342e-09	-6.42182668103342e-09
46.7809999986256	0.34	-0.34	8.75817536035489e-08	2.13245804823246e-08	-2.13245804823246e-08
47.7609999985248	0.64	-0.64	4.69028777737208e-08	1.59749419971353e-08	-1.59749419971353e-08
48.62100000013	0.22	-0.22	1.12888064989622e-07	2.70683925567009e-08	-2.70683925567009e-08
50.8209999990464	1.98	-1.98	3.74090120329599e-08	8.95832926967683e-09	-8.95832926967683e-09
53.0209999979626	0.22	-0.22	1.13695040171128e-07	2.69491825493326e-08	-2.69491825493326e-08
55.0009999994257	1.76	-1.76	1.90446945322653e-08	8.36122336713959e-09	-8.36122336713959e-09
58.52099999864	1.76	-1.76	2.60182162661317e-08	5.29160740003609e-09	-5.29160740003609e-09
63.800999999155	3.52	-3.52	6.24274195522508e-09	1.91179148732944e-09	-1.91179148732944e-09
67.5410000005635	0.22	-0.22	2.17802525498388e-08	4.88841583432083e-09	-4.88841583432083e-09
68.4209999994076	0.66	-0.66	1.09043189045688e-08	2.53958615627769e-09	-2.53958615627769e-09
69.3009999964454	0.22	-0.22	1.65214927819342e-08	3.89123424446852e-09	-3.89123424446852e-09
69.8809999981191	0.36	-0.36	1.33998609427848e-08	2.87458144925294e-09	-2.87458144925294e-09
70.621000001556	0.38	-0.38	1.04155626832051e-08	2.45317098461738e-09	-2.45317098461738e-09
71.9210000005364	0.16	-0.16	1.20069210235786e-08	2.94604608824652e-09	-2.94604608824652e-09
73.1209999983586	1.04	-1.04	3.76126332886185e-09	9.24870877543319e-10	-9.24870877543319e-10
75.2209999988214	1.06	-1.06	2.09377914845916e-09	6.34424028636624e-10	-6.34424028636624e-10
76.5810000014305	0.3	-0.3	3.86603588568406e-09	9.51854391843992e-10	-9.51854391843992e-10
78.6209999986354	1.74	-1.74	1.67013818041541e-09	3.79782184101407e-10	-3.79782184101407e-10
80.5410000011656	0.18	-0.18	4.74216368415294e-09	1.18092045980415e-09	-1.18092045980415e-09
81.0009999976839	0.28	-0.28	2.74843925594086e-09	9.87615109604841e-10	-9.87615109604841e-10
81.3610000056028	0.08	-0.08	7.30756007701019e-09	1.79626966823306e-09	-1.79626966823306e-09
82.8009999988361	1.36	-1.36	2.56144724708359e-09	4.46590587326677e-10	-4.46590587326677e-10
84.5609999996424	0.4	-0.4	5.35357467058798e-09	1.22422165315385e-09	-1.22422165315385e-09
85.301000000589	0.34	-0.34	6.96017664136546e-09	1.62432339814612e-09	-1.62432339814612e-09
85.7409999918938	0.1	-0.1	1.4413497451463e-08	3.42629393822145e-09	-3.42629393822145e-09
85.9610000046094	0.12	-0.12	1.25386806314961e-08	3.38553773834332e-09	-3.38553773834332e-09
86.200999994278	0.12	-0.12	1.60310902342025e-08	3.66132698171745e-09	-3.66132698171745e-09
86.4810000029206	0.16	-0.16	1.47345010929986e-08	3.40979373388158e-09	-3.40979373388158e-09
86.9609999959171	0.32	-0.32	1.77409787346569e-08	3.21505772653299e-09	-3.21505772653299e-09
87.4010000022252	0.12	-0.12	3.01371542232233e-08	7.19324539225003e-09	-7.19324539225003e-09
87.7209999990463	0.2	-0.2	2.97895538931551e-08	7.34623263980299e-09	-7.34623263980299e-09
87.9610000145435	0.04	-0.04	8.83023175962024e-08	1.84545664536078e-08	-1.84545664536078e-08
88.1409999918938	0.14	-0.14	4.48565293969167e-08	1.06477425307992e-08	-1.06477425307992e-08
88.4410000038147	0.16	-0.16	3.07058289090654e-08	7.29704863154897e-09	-7.29704863154897e-09
88.700999994278	0.1	-0.1	2.85935933392498e-08	7.10939742803834e-09	-7.10939742803834e-09
88.9410000038147	0.14	-0.14	1.9559414161985e-08	4.69707864982625e-09	-4.69707864982625e-09
89.1009999704361	0.02	-0.02	4.34456461053385e-08	9.7501088529511e-09	-9.7501088529511e-09
89.200999994278	0.08	-0.08	1.67562439365415e-08	4.63822863896597e-09	-4.63822863896597e-09
89.3610000056028	0.08	-0.08	1.70723084048748e-08	4.02412522026117e-09	-4.02412522026117e-09
89.5410000038147	0.1	-0.1	8.91162631033116e-09	3.34534313283792e-09	-3.34534313283792e-09
89.7409999918938	0.1	-0.1	1.27722993371599e-08	3.16299023016269e-09	-3.16299023016269e-09
89.9410000038147	0.1	-0.1	1.3150056290866e-08	3.15925701627797e-09	-3.15925701627797e-09
90.3009999997799	0.26	-0.26	8.53809157489049e-09	1.91261551201333e-09	-1.91261551201333e-09
90.6010000002384	0.04	-0.04	2.11250463404611e-08	4.88214961576611e-09	-4.88214961576611e-09
90.8009999957681	0.16	-0.16	1.03383332519906e-08	2.3864927307279e-09	-2.3864927307279e-09
91.0010000061989	0.04	-0.04	1.97099716178173e-08	4.86656950777951e-09	-4.86656950777951e-09
91.0809999895096	0.04	-0.04	1.98447459414571e-08	4.93023878472539e-09	-4.93023878472539e-09
91.3610000006358	0.24	-0.24	7.38953462804045e-09	1.86324415896384e-09	-1.86324415896384e-09
91.7209999950727	0.12	-0.12	1.07779384978845e-08	2.52339665541041e-09	-2.52339665541041e-09
92.0809999994437	0.24	-0.24	5.56851506176359e-09	1.79578275181454e-09	-1.79578275181454e-09
92.5209999990463	0.2	-0.2	8.26870880080599e-09	1.96499764524152e-09	-1.96499764524152e-09
92.8010000032186	0.08	-0.08	1.2711724666241e-08	3.09578268757759e-09	-3.09578268757759e-09
93.2809999984503	0.4	-0.4	5.35118705456154e-09	1.39861318098795e-09	-1.39861318098795e-09
93.7609999966621	0.08	-0.08	1.37528022978316e-08	3.01686980481341e-09	-3.01686980481341e-09
94.2609999995005	0.42	-0.42	5.41653730298113e-09	1.29617814035042e-09	-1.29617814035042e-09
95.1009999988192	0.42	-0.42	6.59802968932937e-09	1.67970256845476e-09	-1.67970256845476e-09
95.8010000010899	0.28	-0.28	1.16122910423695e-08	2.88679168595644e-09	-2.88679168595644e-09
96.3609999992166	0.28	-0.28	1.33944024707035e-08	3.84489567818488e-09	-3.84489567818488e-09
96.700999994278	0.06	-0.06	4.24877944744176e-08	9.79873661624367e-09	-9.79873661624367e-09
97.0009999962648	0.24	-0.24	1.89435492842687e-08	5.12183379281085e-09	-5.12183379281085e-09
97.5010000016139	0.26	-0.26	2.17096839290799e-08	5.30733465665724e-09	-5.30733465665724e-09
97.8609999966621	0.1	-0.1	3.71748472450576e-08	8.49389026199834e-09	-8.49389026199834e-09
98.4410000038147	0.16	-0.16	2.87989073038588e-08	7.07724305370319e-09	-7.07724305370319e-09
98.8010000002384	0.2	-0.2	1.58819112319621e-08	5.76338786220297e-09	-5.76338786220297e-09
99.0809999895096	0.08	-0.08	3.53958806909706e-08	8.44720715811947e-09	-8.44720715811947e-09
99.4010000022252	0.24	-0.24	1.55568363912302e-08	4.4871850998268e-09	-4.4871850998268e-09
99.7209999901056	0.08	-0.08	3.27704527902472e-08	7.40586317172343e-09	-7.40586317172343e-09
100.060999999413	0.26	-0.26	2.84071706388366e-08	5.53192022170859e-09	-5.53192022170859e-09
100.601000000238	0.28	-0.28	3.43853538604992e-08	9.0833635416849e-09	-9.0833635416849e-09
100.920999993086	0.04	-0.04	1.40580490442644e-07	3.14781379766073e-08	-3.14781379766073e-08
101.460999999046	0.5	-0.5	4.79247956639985e-08	9.27268291480172e-09	-9.27268291480172e-09
102.060999996662	0.1	-0.1	4.22433479674567e-08	1.00003276255142e-08	-1.00003276255142e-08
102.401000002225	0.24	-0.24	1.98090992595656e-08	4.26989948073329e-09	-4.26989948073329e-09
102.700999994278	0.06	-0.06	2.61330446110888e-08	5.86168031557156e-09	-5.86168031557156e-09
102.900999999387	0.14	-0.14	1.75941376657642e-08	4.22647233177454e-09	-4.22647233177454e-09
103.380999997924	0.34	-0.34	9.85022331980465e-09	3.062635690619e-09	-3.062635690619e-09
104.080999999444	0.36	-0.36	1.68976552870138e-08	3.74904713543195e-09	-3.74904713543195e-09
104.700999998863	0.26	-0.26	2.5864770475778e-08	5.43766100245778e-09	-5.43766100245778e-09
105.001000006199	0.04	-0.04	6.03500340469654e-08	1.46492824199428e-08	-1.46492824199428e-08
105.280999997457	0.24	-0.24	1.92114139101945e-08	5.56174520820749e-09	-5.56174520820749e-09
105.781000000514	0.26	-0.26	1.9191132871874e-08	4.53874646340521e-09	-4.53874646340521e-09
106.180999996322	0.14	-0.14	2.56498189767119e-08	5.51374134652501e-09	-5.51374134652501e-09
106.340999979973	0.02	-0.02	5.50420864234579e-08	1.35817921861028e-08	-1.35817921861028e-08
106.641000000409	0.28	-0.28	1.10449752979855e-08	3.23091337068063e-09	-3.23091337068063e-09
106.961000014544	0.04	-0.04	3.0262504106208e-08	7.54398202780565e-09	-7.54398202780565e-09
107.040999997854	0.04	-0.04	3.03488234892753e-08	7.56414966650052e-09	-7.56414966650052e-09
107.300999996445	0.22	-0.22	1.26932774070981e-08	2.96974264637624e-09	-2.96974264637624e-09
108.000999998748	0.48	-0.48	8.18326639292335e-09	1.68157049433711e-09	-1.68157049433711e-09
108.621000002452	0.14	-0.14	1.09072216469568e-08	2.67121462616497e-09	-2.67121462616497e-09
109.000999996265	0.24	-0.24	8.05848649576542e-09	2.02804449038291e-09	-2.02804449038291e-09
109.461000000997	0.22	-0.22	1.21627743309069e-08	2.53287274436907e-09	-2.53287274436907e-09
109.781000001431	0.1	-0.1	1.7493076067542e-08	4.28401928649852e-09	-4.28401928649852e-09
110.140999996479	0.26	-0.26	9.51752697345715e-09	3.15607612244833e-09	-3.15607612244833e-09
110.66100000033	0.26	-0.26	1.62855385692156e-08	3.87151742853918e-09	-3.87151742853918e-09
111.200999998535	0.28	-0.28	1.94614734255164e-08	4.57745402087691e-09	-4.57745402087691e-09
111.640999999344	0.16	-0.16	2.94531283472346e-08	7.08344659924258e-09	-7.08344659924258e-09
111.92100000302	0.12	-0.12	3.87183975213107e-08	9.02407356551351e-09	-9.02407356551351e-09
112.320999999046	0.28	-0.28	2.56572691390988e-08	6.82591113232653e-09	-6.82591113232653e-09
112.740999998706	0.14	-0.14	4.6608421084124e-08	1.03763847662717e-08	-1.03763847662717e-08
113.02099999564	0.14	-0.14	3.68384943796731e-08	9.99085364407163e-09	-9.99085364407163e-09
113.320999999046	0.16	-0.16	3.73926894529548e-08	9.17112307028623e-09	-9.17112307028623e-09
113.640999999344	0.16	-0.16	4.65210094837927e-08	8.63589857697435e-09	-8.63589857697435e-09
113.881000001431	0.08	-0.08	4.87518101622859e-08	1.21298118028372e-08	-1.21298118028372e-08
114.160999996662	0.2	-0.2	3.48101223431929e-08	7.27919591464961e-09	-7.27919591464961e-09
114.561000002623	0.2	-0.2	2.29117807383174e-08	6.47180555981496e-09	-6.47180555981496e-09
114.820999999046	0.06	-0.06	4.62843787627677e-08	1.13196814102992e-08	-1.13196814102992e-08
115.02099999564	0.14	-0.14	3.00753507576558e-08	7.06242696516879e-09	-7.06242696516879e-09
115.440999999557	0.28	-0.28	2.06423316576173e-08	4.59216315938327e-09	-4.59216315938327e-09
115.741000015736	0.02	-0.02	7.05187211429326e-08	1.69378391099313e-08	-1.69378391099313e-08
115.881000001431	0.12	-0.12	3.14374505299516e-08	7.51924862890337e-09	-7.51924862890337e-09
116.120999991099	0.12	-0.12	2.72381850678977e-08	7.78727591965492e-09	-7.78727591965492e-09
116.361000000636	0.12	-0.12	4.05314116829941e-08	7.8337960678384e-09	-7.8337960678384e-09
116.541000007788	0.06	-0.06	5.23028261877077e-08	1.16402577454435e-08	-1.16402577454435e-08
116.660999992689	0.06	-0.06	4.01674850732153e-08	1.39075866480371e-08	-1.39075866480371e-08
116.780999997457	0.06	-0.06	6.96871502721266e-08	1.69030228987141e-08	-1.69030228987141e-08
117.021000000371	0.18	-0.18	5.48106532577472e-08	1.32772324011724e-08	-1.32772324011724e-08
117.260999996662	0.06	-0.06	1.31833739473375e-07	3.06739778172822e-08	-3.06739778172822e-08
117.381000001431	0.06	-0.06	9.59124968067221e-08	3.88774772399514e-08	-3.88774772399514e-08
117.48099999547	0.04	-0.04	2.30066899679189e-07	5.42857475931133e-08	-5.42857475931133e-08
117.660999998365	0.14	-0.14	1.03235900042217e-07	2.68287153501896e-08	-2.68287153501896e-08
117.820999999046	0.02	-0.02	3.04804973016901e-07	6.31609515853159e-08	-6.31609515853159e-08
117.881000001431	0.04	-0.04	8.8342973545403e-08	3.89975191686538e-08	-3.89975191686538e-08
117.961000014544	0.04	-0.04	1.58284547709335e-07	3.641739317535e-08	-3.641739317535e-08
118.180999993483	0.18	-0.18	6.10937540883493e-08	1.36300241882473e-08	-1.36300241882473e-08
118.42100000302	0.06	-0.06	7.60612677612712e-08	1.85451633997368e-08	-1.85451633997368e-08
118.681000001431	0.2	-0.2	3.33935605608969e-08	7.63840687273192e-09	-7.63840687273192e-09
119.08099999547	0.2	-0.2	2.94390576306889e-08	8.0391965548525e-09	-8.0391965548525e-09
119.361000005603	0.08	-0.08	8.47296608052574e-08	1.95463286169485e-08	-1.95463286169485e-08
119.980999998781	0.18	-0.18	1.26832266864631e-07	3.0557669485895e-08	-3.0557669485895e-08
120.960999999642	0.8	-0.8	2.86520665863272e-07	5.80140162678197e-08	-5.80140162678197e-08
122.160999999642	0.4	-0.4	1.8839098028019e-07	4.31797329151027e-08	-4.31797329151027e-08
122.960999996662	0.4	-0.4	7.38198654441474e-08	2.54713066465378e-08	-2.54713066465378e-08
123.760999999642	0.4	-0.4	6.44657735976132e-08	1.5182249157308e-08	-1.5182249157308e-08
124.560999999642	0.4	-0.4	3.88049354129437e-08	1.71470222234127e-08	-1.71470222234127e-08
125.080999999444	0.12	-0.12	1.80018737388066e-07	4.15717764852361e-08	-4.15717764852361e-08
125.440999998848	0.24	-0.24	8.66368183204478e-08	3.43645119760141e-08	-3.43645119760141e-08
125.920999998053	0.24	-0.24	1.84114517695565e-07	4.4510178161935e-08	-4.4510178161935e-08
126.820999999046	0.18	-0.18	3.32645751979546e-07	8.06174037052273e-08	-8.06174037052273e-08
128.020999998813	1.02	-1.02	2.33453532083999e-07	4.62561523403048e-08	-4.62561523403048e-08
129.200999994278	0.16	-0.16	4.68633668037401e-07	1.11199318749453e-07	-1.11199318749453e-07
130.160999999642	0.8	-0.8	2.31189433086803e-07	5.186068725441e-08	-5.186068725441e-08
132.160999998649	1.2	-1.2	1.09971234582308e-07	2.6489145371388e-08	-2.6489145371388e-08
134.560999999643	1.2	-1.2	2.82210307694779e-08	7.03892414237697e-09	-7.03892414237697e-09
135.960999996662	0.2	-0.2	5.50007305056958e-08	1.3217102261029e-08	-1.3217102261029e-08
136.440999999557	0.28	-0.28	2.79470412107349e-08	1.18339712923979e-08	-1.18339712923979e-08
136.881000001431	0.16	-0.16	7.08625286116582e-08	1.69985275454368e-08	-1.69985275454368e-08
137.280999997457	0.24	-0.24	5.84032111448771e-08	1.5385985047565e-08	-1.5385985047565e-08
137.761000001629	0.24	-0.24	6.93874622210592e-08	1.7186947744262e-08	-1.7186947744262e-08
138.160999995172	0.16	-0.16	1.01847593315289e-07	2.18263329262178e-08	-2.18263329262178e-08
138.640999999344	0.32	-0.32	7.2317276947499e-08	1.65645043803622e-08	-1.65645043803622e-08
139.220999998129	0.26	-0.26	8.66404513280272e-08	2.03323667482917e-08	-2.03323667482917e-08
139.541000007788	0.06	-0.06	2.00765832580794e-07	4.33120470423952e-08	-4.33120470423952e-08
139.68099999845	0.08	-0.08	9.79426416704385e-08	3.80112713844679e-08	-3.80112713844679e-08
139.840999994874	0.08	-0.08	1.6469453653571e-07	3.9748170047808e-08	-3.9748170047808e-08
140.200999998535	0.28	-0.28	7.75130506489143e-08	2.09425801182266e-08	-2.09425801182266e-08
140.781000001431	0.3	-0.3	7.94117562578014e-08	1.9595896533885e-08	-1.9595896533885e-08
141.100999970436	0.02	-0.02	3.02227591668504e-07	7.05570890832671e-08	-7.05570890832671e-08
141.200999994278	0.08	-0.08	1.51898955581512e-07	3.68548075907919e-08	-3.68548075907919e-08
141.700999999955	0.42	-0.42	5.88751811442806e-08	1.55513994817478e-08	-1.55513994817478e-08
142.540999999273	0.42	-0.42	4.94193600763567e-08	1.23489429115278e-08	-1.23489429115278e-08
143.240999998706	0.28	-0.28	4.97390758986739e-08	1.08304585974074e-08	-1.08304585974074e-08
143.80100000109	0.28	-0.28	3.41902307793931e-08	8.47622960549931e-09	-8.47622960549931e-09
144.360999999217	0.28	-0.28	1.59108611398046e-08	6.65198527034382e-09	-6.65198527034382e-09
144.760999996662	0.12	-0.12	3.7556728095626e-08	8.63376586842017e-09	-8.63376586842017e-09
145.120999996066	0.24	-0.24	2.22378228968812e-08	5.31823853884987e-09	-5.31823853884987e-09
146.160999999642	0.8	-0.8	1.5680437293438e-08	3.31246268585384e-09	-3.31246268585384e-09
147.400999998613	0.44	-0.44	2.11127359010234e-08	5.1835201779574e-09	-5.1835201779574e-09
147.901000002225	0.06	-0.06	6.37170607278679e-08	1.52276829587347e-08	-1.52276829587347e-08
149.280999999263	1.32	-1.32	1.74005053254769e-08	3.01441597344535e-09	-3.01441597344535e-09
150.820999999046	0.22	-0.22	2.92216667021198e-08	7.02220224531353e-09	-7.02220224531353e-09
151.720999997995	0.68	-0.68	8.52091519665186e-09	3.89901138007686e-09	-3.89901138007686e-09
152.461000004609	0.06	-0.06	5.70634444777596e-08	1.28463351315407e-08	-1.28463351315407e-08
152.701000000901	0.18	-0.18	2.95831093517783e-08	7.7068096113894e-09	-7.7068096113894e-09
152.920999993086	0.04	-0.04	6.68695706962209e-08	1.63529781953565e-08	-1.63529781953565e-08
153.301000000589	0.34	-0.34	2.7046434244345e-08	6.07465382757967e-09	-6.07465382757967e-09
155.38099999869	1.74	-1.74	2.02642220699156e-08	3.78413429630575e-09	-3.78413429630575e-09
157.381000001431	0.26	-0.26	5.71976097527694e-08	1.35837079406839e-08	-1.35837079406839e-08
158.440999997854	0.8	-0.8	3.93595548373072e-08	9.30712039873778e-09	-9.30712039873778e-09
160.920999999472	1.68	-1.68	4.79234339592338e-08	9.73363483628182e-09	-9.73363483628182e-09
164.280999998876	1.68	-1.68	7.59809680349203e-08	1.6959102243394e-08	-1.6959102243394e-08
169.420999999116	3.46	-3.46	1.24537639472935e-07	2.81842075316942e-08	-2.81842075316942e-08

## XRT - xrtwtflux
118.788	0.657	-0.576	1.86340547278482e-08	2.50323514988181e-09	-2.41718410491009e-09
120.046	0.717	-0.601	1.73576344864404e-08	2.27547498483091e-09	-2.19816146670439e-09
121.440	0.567	-0.677	1.80573171277981e-08	2.37598881211074e-09	-2.29566694250159e-09
122.703	0.703	-0.697	1.58871510090951e-08	2.05298088009022e-09	-1.96428935824876e-09
124.221	0.869	-0.814	1.24303696439746e-08	1.68836740896736e-09	-1.63201377691055e-09
125.764	0.642	-0.675	1.59565341957417e-08	2.12305447206417e-09	-2.04478340950863e-09
126.977	0.488	-0.571	2.01714914984415e-08	2.62896001982812e-09	-2.55439191869899e-09
128.115	0.600	-0.65	1.76581885999511e-08	2.28653359210392e-09	-2.23619259081243e-09
129.202	0.471	-0.486	2.3289328058954e-08	2.89100370461566e-09	-2.84667281696905e-09
130.170	0.456	-0.498	2.31475436109472e-08	2.94710742289481e-09	-2.89688076443771e-09
131.167	0.497	-0.541	2.10675700293107e-08	2.68738074538963e-09	-2.63662801077389e-09
132.185	0.480	-0.521	2.07993060143447e-08	2.75242717646915e-09	-2.73082416146875e-09
133.275	0.550	-0.61	1.83358833561048e-08	2.28818837222918e-09	-2.26728104802919e-09
134.396	0.554	-0.571	1.76609638294136e-08	2.28401166465533e-09	-2.26337290112608e-09
135.454	0.529	-0.505	1.90086210749994e-08	2.37148062844774e-09	-2.35035012440249e-09
136.416	0.494	-0.433	2.1089396499237e-08	2.69527797745678e-09	-2.67046803549278e-09
137.406	0.422	-0.496	2.22585669100209e-08	2.77485941719569e-09	-2.75212507537156e-09
138.248	0.391	-0.42	2.55906233373076e-08	3.19065958721239e-09	-3.16418362764409e-09
139.164	0.496	-0.525	1.93055024513216e-08	2.46368128587142e-09	-2.44445468407587e-09
140.165	0.486	-0.505	1.90480169838189e-08	2.46487393797291e-09	-2.44115237412609e-09
141.045	0.369	-0.394	2.46913140440747e-08	3.11946518243932e-09	-3.0895211952285e-09
141.836	0.483	-0.421	2.05032152069705e-08	2.62453585196927e-09	-2.59641568817398e-09
142.668	0.389	-0.349	2.56424317947011e-08	3.16025504719726e-09	-3.13343243971195e-09
143.597	0.506	-0.54	1.82643149646989e-08	2.36162798439298e-09	-2.34074577134733e-09
144.481	0.417	-0.378	2.55615866870893e-08	3.22315150609645e-09	-3.19821909140529e-09
145.405	0.456	-0.507	2.15325653731909e-08	2.67108090948133e-09	-2.64269938798625e-09
146.273	0.406	-0.413	2.33130172702617e-08	2.95433612301708e-09	-2.91780355697342e-09
147.138	0.482	-0.459	1.89524579821274e-08	2.43291027718673e-09	-2.40070555695037e-09
148.056	0.372	-0.436	2.26799128863167e-08	2.90892647848702e-09	-2.87268624707587e-09
148.887	0.480	-0.459	1.99533998104203e-08	2.5793939154713e-09	-2.55714169841216e-09
149.749	0.378	-0.382	2.44012191564718e-08	3.15491022468164e-09	-3.12710215774337e-09
150.551	0.394	-0.424	2.20421606999623e-08	2.75083084166569e-09	-2.72557285663509e-09
151.333	0.518	-0.388	1.84129041442026e-08	2.38560151245038e-09	-2.36009083545149e-09
152.421	0.542	-0.57	1.56716828032657e-08	2.00591204694843e-09	-1.98472911719957e-09
153.367	0.444	-0.404	2.13555890755645e-08	2.70001345768114e-09	-2.67224910178721e-09
154.278	0.439	-0.466	2.09408072059128e-08	2.61182446171961e-09	-2.58926752595742e-09
155.207	0.496	-0.49	1.96267034914424e-08	2.5065902631452e-09	-2.48526597329925e-09
156.069	0.354	-0.366	2.63882844400517e-08	3.49157410269923e-09	-3.46464692099306e-09
156.886	0.298	-0.463	2.4015633860278e-08	3.18210792792087e-09	-3.15339875882784e-09
157.641	0.491	-0.456	1.95315944983698e-08	2.43918184067022e-09	-2.41524080933483e-09
158.466	0.290	-0.334	3.05270267990757e-08	3.7944365720755e-09	-3.73248134942492e-09
159.149	0.347	-0.393	2.58079236093441e-08	3.33280079823328e-09	-3.26942761691305e-09
159.844	0.383	-0.348	2.73267271516805e-08	3.44475259529266e-09	-3.38022236326461e-09
160.592	0.300	-0.365	3.01416041579011e-08	3.89618143567184e-09	-3.81834854517009e-09
161.308	0.330	-0.415	2.72055292220312e-08	3.5692105764375e-09	-3.48759566958824e-09
162.067	0.483	-0.429	2.12023275117874e-08	2.68557769844954e-09	-2.65345076226495e-09
162.943	0.410	-0.393	2.125395322259e-08	2.68563001041754e-09	-2.65957291333665e-09
163.840	0.424	-0.486	1.66103088202742e-08	2.21374822903704e-09	-2.18193205513482e-09
164.680	0.449	-0.416	1.95771426664617e-08	2.51140162974947e-09	-2.47971383701219e-09
165.468	0.401	-0.339	2.51980987103038e-08	3.14473694279722e-09	-3.11582364072802e-09
166.205	0.374	-0.336	2.49208004513852e-08	3.14794691590022e-09	-3.11836894822794e-09
167.013	0.421	-0.434	1.94489113160631e-08	2.45767387362201e-09	-2.43372189291107e-09
167.772	0.323	-0.337	2.54573466954724e-08	3.18526477363801e-09	-3.14839711168445e-09
168.488	0.464	-0.394	2.00760061129581e-08	2.5409394673349e-09	-2.51245111502265e-09
169.324	0.403	-0.372	2.26530002977901e-08	2.83443230449448e-09	-2.80157716931296e-09
170.203	0.428	-0.476	1.91509187895801e-08	2.4021930285917e-09	-2.34079571851436e-09
171.009	0.361	-0.377	2.28324040325039e-08	2.91762215509262e-09	-2.85786201697848e-09
171.630	0.247	-0.26	3.66963372539208e-08	4.42079449601993e-09	-4.35771302550626e-09
172.215	0.327	-0.338	2.67776483468766e-08	3.31365293568986e-09	-3.27299321204296e-09
172.910	0.361	-0.368	2.24579380000625e-08	2.91763293725498e-09	-2.87910689085296e-09
173.640	0.388	-0.368	2.139205996891e-08	2.65600365409012e-09	-2.61527519703424e-09
174.460	0.324	-0.432	2.30876993046359e-08	2.92422715896606e-09	-2.88949653173655e-09
175.036	0.250	-0.252	3.77949945173117e-08	4.73002041222497e-09	-4.67430651520329e-09
175.597	0.338	-0.311	2.97464097534475e-08	3.74100211788963e-09	-3.69423768787248e-09
176.244	0.348	-0.309	2.75261078085423e-08	3.61478063872125e-09	-3.57143206738195e-09
176.856	0.239	-0.265	3.83449110775351e-08	4.76066138570052e-09	-4.69113954851335e-09
177.385	0.320	-0.29	3.21149345153675e-08	4.01614521396177e-09	-3.94313758738745e-09
177.956	0.258	-0.251	4.15457741472347e-08	5.30131877850239e-09	-5.13809859239143e-09
178.504	0.252	-0.29	3.559930762455e-08	4.58318055964417e-09	-4.40184077002639e-09
179.017	0.327	-0.261	3.08631891705088e-08	3.99510801036241e-09	-3.90947024688276e-09
179.590	0.268	-0.246	3.72207102232602e-08	4.59135272753676e-09	-4.52039819553834e-09
180.121	0.290	-0.263	3.11124000073632e-08	4.00170047998034e-09	-3.94134885059149e-09
180.731	0.278	-0.32	2.9002170375852e-08	3.696320145574e-09	-3.63086192899493e-09
181.365	0.381	-0.356	2.40269724682466e-08	3.09031461310561e-09	-3.04386384812533e-09
182.075	0.256	-0.33	3.14861772003647e-08	3.97897436423382e-09	-3.93998709389734e-09
182.629	0.307	-0.298	2.96878586179806e-08	3.78945945057493e-09	-3.75911714808741e-09
183.208	0.308	-0.272	3.07114987264612e-08	3.87381624859996e-09	-3.84263870015507e-09
183.837	0.404	-0.321	2.42956785503087e-08	3.10434514576642e-09	-3.07647213063849e-09
184.681	0.406	-0.44	2.11796436751958e-08	2.73590376380119e-09	-2.68244118845012e-09
185.387	0.388	-0.3	2.69225939753254e-08	3.43053491086164e-09	-3.28993045835308e-09
186.103	0.317	-0.327	2.86048307765303e-08	3.63694281225035e-09	-3.49562335395249e-09
186.776	0.323	-0.357	2.69517296826297e-08	3.39325412822575e-09	-3.29428811138144e-09
187.508	0.431	-0.409	2.08177514830345e-08	2.61541731677107e-09	-2.57505680755107e-09
188.354	0.415	-0.416	1.98774356813092e-08	2.52631599989902e-09	-2.48834318758235e-09
189.062	0.300	-0.293	2.71599423831147e-08	3.42550918497876e-09	-3.35966812431012e-09
189.752	0.359	-0.39	2.08439322259904e-08	2.63942046955616e-09	-2.5782426427158e-09
190.500	0.330	-0.389	2.19080111804549e-08	2.79699964707285e-09	-2.77408617805457e-09
191.268	0.385	-0.439	2.07826365243652e-08	2.62288706467962e-09	-2.60041717194494e-09
191.952	0.285	-0.299	3.01187927652017e-08	3.85007715205224e-09	-3.81405541579526e-09
192.618	0.311	-0.381	2.50815575857376e-08	3.1435660108867e-09	-3.10228592135263e-09
193.272	0.385	-0.342	2.31595577111082e-08	2.90203403010496e-09	-2.86451300249957e-09
193.939	0.236	-0.282	3.18538961793288e-08	3.97492138598006e-09	-3.93880644152101e-09
194.444	0.313	-0.269	2.68728586079068e-08	3.50908295726817e-09	-3.48542636146517e-09
195.032	0.279	-0.276	2.97469807586905e-08	3.75038524063816e-09	-3.72182039074844e-09
195.637	0.308	-0.326	2.72886883634292e-08	3.36636494158798e-09	-3.33465094465818e-09
196.285	0.267	-0.34	2.94982897217238e-08	3.67613387348816e-09	-3.64721319228999e-09
196.867	0.321	-0.315	2.8995114726537e-08	3.66144627368925e-09	-3.62812225449672e-09
197.577	0.446	-0.389	2.20635414122714e-08	2.71666102934118e-09	-2.69596558586522e-09
198.411	0.347	-0.388	2.26455056361272e-08	2.86484519786137e-09	-2.83369191743766e-09
199.140	0.339	-0.382	2.17137714712762e-08	2.78257542596134e-09	-2.74983158815889e-09
199.864	0.386	-0.386	1.97197916163909e-08	2.54900678156203e-09	-2.52714129561113e-09
200.664	0.419	-0.413	1.82937413178292e-08	2.30739614020276e-09	-2.28891735703594e-09
201.433	0.317	-0.35	2.3530316723108e-08	2.87750911027737e-09	-2.85404883389934e-09
202.040	0.285	-0.289	2.66230841996732e-08	3.31644251374951e-09	-3.29168375992099e-09
202.766	0.399	-0.441	1.81111750231605e-08	2.30922040037494e-09	-2.29314408507202e-09
203.515	0.436	-0.35	1.977189627001e-08	2.49657173536645e-09	-2.47402097169065e-09
204.318	0.339	-0.368	2.17196194730698e-08	2.77605776244088e-09	-2.75036158370863e-09
204.974	0.333	-0.316	2.39111953247669e-08	2.98472174189561e-09	-2.95659738497212e-09
205.781	0.461	-0.474	1.57833932584548e-08	2.06657486009766e-09	-2.04732341555734e-09
206.737	0.518	-0.494	1.46882291679925e-08	1.88108715005399e-09	-1.86705037150051e-09
207.676	0.503	-0.422	1.59324281030479e-08	2.01029302464283e-09	-1.99345899359416e-09
208.605	0.428	-0.425	1.71123221050316e-08	2.18412044526328e-09	-2.16680080385974e-09
209.413	0.434	-0.381	1.8206826764759e-08	2.26836533935319e-09	-2.25111391962473e-09
210.405	0.476	-0.558	1.44608218635741e-08	1.80148076493515e-09	-1.78794384342715e-09
211.297	0.485	-0.417	1.64337623396403e-08	2.09935858814993e-09	-2.08098645933588e-09
212.285	0.474	-0.503	1.51787044851667e-08	1.96621432906463e-09	-1.94552054220244e-09
213.179	0.508	-0.419	1.61851589320083e-08	2.04770753503357e-09	-2.02547195250118e-09
214.184	0.464	-0.498	1.5327868292337e-08	1.97015420409906e-09	-1.94175553841912e-09
215.172	0.575	-0.523	1.37154230157104e-08	1.7138480959198e-09	-1.69607165700277e-09
216.190	0.432	-0.444	1.67943804891408e-08	2.17238489378968e-09	-2.15229744282838e-09
217.045	0.494	-0.424	1.64231963650454e-08	2.07783589347936e-09	-2.05508389528885e-09
218.053	0.528	-0.513	1.41275804504862e-08	1.87326420719985e-09	-1.85498635219932e-09
219.109	0.447	-0.528	1.52619918106326e-08	2.00069095220962e-09	-1.9797847199232e-09
220.048	0.395	-0.492	1.71285891509696e-08	2.11385928125149e-09	-2.09312950622318e-09
220.885	0.486	-0.441	1.60315676608084e-08	2.00159626054164e-09	-1.9823064746612e-09
221.938	0.494	-0.568	1.35708021540726e-08	1.80130333889034e-09	-1.78195611282445e-09
222.892	0.451	-0.46	1.65107641357361e-08	2.10114725089158e-09	-2.06630042157092e-09
223.805	0.434	-0.461	1.69056655164769e-08	2.12075909445716e-09	-2.090797217585e-09
224.756	0.582	-0.517	1.37088691775593e-08	1.72837859206433e-09	-1.6955581714893e-09
225.860	0.486	-0.522	1.43433939193836e-08	1.89318672077146e-09	-1.86086831352976e-09
226.791	0.484	-0.445	1.6168273780793e-08	2.02789353460027e-09	-1.99958783166837e-09
227.774	0.560	-0.499	1.37955419538966e-08	1.78282188753921e-09	-1.76791521313987e-09
228.891	0.503	-0.557	1.38972995745889e-08	1.77250932004178e-09	-1.75962585719677e-09
229.854	0.620	-0.46	1.36382823436511e-08	1.74648223661592e-09	-1.72710138279703e-09
231.112	0.491	-0.637	1.31704130470503e-08	1.66492934741781e-09	-1.64799851855388e-09
232.063	0.702	-0.461	1.27073731286407e-08	1.60682480987367e-09	-1.59007542808253e-09
233.275	0.402	-0.509	1.61894058260903e-08	2.02338873211034e-09	-2.00190495302761e-09
234.261	0.556	-0.585	1.28237827549696e-08	1.61926381646983e-09	-1.60455845786722e-09
235.368	0.411	-0.552	1.53023761094669e-08	1.93044362103296e-09	-1.91462465059418e-09
236.335	0.459	-0.555	1.44802097012184e-08	1.85631412624927e-09	-1.83403118374262e-09
237.359	0.424	-0.565	1.09583514410589e-08	1.36845164130454e-09	-1.33967552214828e-09
238.223	0.404	-0.441	1.05812733726315e-08	1.3340811696784e-09	-1.29429745406199e-09
238.943	0.382	-0.315	1.27609257067825e-08	1.59953152113113e-09	-1.5600384989512e-09
239.720	0.385	-0.395	1.12523741545161e-08	1.41636983248568e-09	-1.39283767475412e-09
240.518	0.448	-0.414	1.00761841518758e-08	1.28549278730741e-09	-1.26369974683884e-09
241.353	0.399	-0.388	1.11423284178158e-08	1.40297214253857e-09	-1.37923586278153e-09
242.223	0.472	-0.471	9.29089831106431e-09	1.17414672451426e-09	-1.15026160629735e-09
243.146	0.611	-0.451	8.16372021569547e-09	1.04591308146869e-09	-1.02407881920236e-09
244.246	0.445	-0.489	9.37116379228134e-09	1.18302483541175e-09	-1.16013621231072e-09
245.140	0.419	-0.449	1.00781839494337e-08	1.27295456092715e-09	-1.24771120002078e-09
246.049	0.473	-0.49	8.88484928037184e-09	1.16632330165489e-09	-1.14428370417982e-09
247.019	0.431	-0.497	9.70993623521477e-09	1.21676213887357e-09	-1.19299339494668e-09
247.956	0.571	-0.506	8.3146690926744e-09	1.04650425838019e-09	-1.02920057799915e-09
249.197	0.662	-0.67	6.89320854102549e-09	8.62037123624981e-10	-8.4252280980927e-10
250.655	0.906	-0.795	5.42768600529696e-09	6.97264592126147e-10	-6.81030244706887e-10
252.134	0.639	-0.574	7.80061622357665e-09	1.00811803518266e-09	-9.79335449299141e-10
253.379	0.704	-0.605	7.30720603068614e-09	9.46229123000364e-10	-9.28679921326158e-10
254.654	0.631	-0.571	8.15920714490197e-09	1.04088779951916e-09	-1.01098805704607e-09
255.938	0.597	-0.652	7.97331842827482e-09	9.92773865731336e-10	-9.74276763688484e-10
257.196	0.399	-0.662	6.04462930590896e-09	7.41237272548964e-10	-7.38512511346123e-10
257.858	0.278	-0.263	7.03983063806835e-09	8.60053856497843e-10	-8.60054388966396e-10
258.446	0.299	-0.31	6.03901161123675e-09	7.48602289551914e-10	-7.48602289551914e-10
259.023	0.277	-0.278	6.53059388524975e-09	7.9784105691039e-10	-7.9784105691039e-10
259.610	0.353	-0.311	5.32958355073239e-09	6.51113603231029e-10	-6.51113603231029e-10
260.280	0.263	-0.317	6.3253860297201e-09	7.72770455475916e-10	-7.72770455475916e-10
260.859	0.301	-0.316	6.16329619410239e-09	7.52968005278168e-10	-7.52968537375686e-10
261.443	0.273	-0.283	5.33668458711209e-09	7.61728067001107e-10	-7.61728618988367e-10
261.960	0.294	-0.245	7.34271505814434e-09	8.97057557073512e-10	-8.97057557073512e-10
262.547	0.259	-0.293	4.7541667873728e-09	7.0871035327438e-10	-7.0871035327438e-10
263.139	0.384	-0.333	5.31235588472669e-09	6.58525602524619e-10	-6.58525602524619e-10
263.793	0.335	-0.27	6.20045249941096e-09	7.68614303879895e-10	-7.68614834063299e-10
264.446	0.346	-0.318	5.13769186743368e-09	7.0704965997768e-10	-7.0704965997768e-10
265.150	0.284	-0.358	5.70113862158013e-09	6.96506329242938e-10	-6.96506329242938e-10
265.704	0.288	-0.271	6.46245132808106e-09	7.89515773552138e-10	-7.89516278427993e-10
266.286	0.258	-0.293	6.51294734329272e-09	8.07351647494256e-10	-8.07352155262269e-10
266.861	0.377	-0.317	5.12863897164195e-09	6.45748173308362e-10	-6.45748691965347e-10
267.532	0.229	-0.294	5.31511143992117e-09	7.59302621585168e-10	-7.59303153214014e-10
268.098	0.330	-0.337	5.81736868278027e-09	7.10705892145501e-10	-7.10705892145501e-10
268.720	0.288	-0.292	4.49291892334756e-09	6.69765973124897e-10	-6.69765973124897e-10
269.290	0.318	-0.282	5.29554444142508e-09	7.20087457767855e-10	-7.20087995908385e-10
269.904	0.250	-0.297	4.6899171489239e-09	6.99132671407472e-10	-6.99132671407472e-10
270.402	0.259	-0.248	5.01583718853469e-09	7.47717779362968e-10	-7.47718308941142e-10
270.922	0.282	-0.261	5.07470514944527e-09	7.46372112736278e-10	-7.46372644022105e-10
271.440	0.299	-0.236	5.23999051681408e-09	7.48571223699683e-10	-7.48571223699683e-10
271.985	0.268	-0.246	5.09686091777345e-09	7.67617462692272e-10	-7.67618004941285e-10
272.547	0.320	-0.294	6.38503382013906e-09	7.80057208452759e-10	-7.8005775657138e-10
273.124	0.261	-0.257	5.12690181718513e-09	7.64274759512974e-10	-7.64274759512974e-10
273.632	0.263	-0.247	5.45567543611623e-09	7.95793000649674e-10	-7.95793555974328e-10
274.243	0.342	-0.348	5.66149437549796e-09	7.1215845540457e-10	-7.1215845540457e-10
274.848	0.293	-0.262	5.50711352595057e-09	7.71151361696306e-10	-7.71151361696306e-10
275.418	0.272	-0.277	4.75992309859932e-09	7.41195599697436e-10	-7.41196162487042e-10
276.002	0.352	-0.311	6.01135033944878e-09	7.34404760422354e-10	-7.34404760422354e-10
276.604	0.298	-0.25	4.95359044081923e-09	7.30368094021796e-10	-7.30368094021796e-10
277.258	0.270	-0.356	4.1992558641276e-09	6.25988739395243e-10	-6.25989286974471e-10
277.807	0.383	-0.279	5.25490996402792e-09	6.78407061018603e-10	-6.78407604158777e-10
278.466	0.240	-0.276	5.05830798585852e-09	7.54048931010689e-10	-7.54049474449403e-10
279.004	0.280	-0.298	4.52016391698996e-09	6.7382723914781e-10	-6.7382723914781e-10
279.632	0.294	-0.348	4.07634074972731e-09	6.07665703045627e-10	-6.07666248206949e-10
280.294	0.305	-0.368	3.98668206908855e-09	5.87805111506432e-10	-5.87805111506432e-10
280.942	0.273	-0.343	4.33098905798591e-09	6.45626502284069e-10	-6.45627057413389e-10
281.516	0.304	-0.301	4.44825075471007e-09	6.77657064913019e-10	-6.77657064913019e-10
282.184	0.361	-0.365	3.87895673867258e-09	5.78241522352087e-10	-5.78241639612903e-10
282.893	0.351	-0.348	4.15414806142892e-09	6.19264736290095e-10	-6.19264736290095e-10
283.485	0.274	-0.24	6.05489375803982e-09	8.83198474370735e-10	-8.83198474370735e-10
284.035	0.309	-0.276	5.21615520913331e-09	7.77579833875246e-10	-7.77579833875246e-10
284.667	0.330	-0.323	4.7027789438247e-09	7.01050068626086e-10	-7.01050068626086e-10
285.368	0.357	-0.371	4.24489690821165e-09	6.32792723258718e-10	-6.32792916215272e-10
286.147	0.471	-0.422	3.42585835484961e-09	5.21903306200103e-10	-5.21903435684243e-10
286.990	0.307	-0.372	4.607379845363e-09	6.86828852795736e-10	-6.86828852795736e-10
287.672	0.437	-0.374	3.82005373186357e-09	5.81956003214512e-10	-5.81956134365069e-10
288.483	0.380	-0.375	4.20317954371441e-09	6.26573906877964e-10	-6.2657410494072e-10
289.284	0.324	-0.421	4.28309238382911e-09	6.38486589572873e-10	-6.38486789019655e-10
290.011	0.389	-0.402	4.05944857378608e-09	6.05147664599321e-10	-6.05147798441144e-10
290.905	0.445	-0.505	3.35600104786398e-09	5.11261088067058e-10	-5.11261222992602e-10
291.729	0.349	-0.379	4.48564191168992e-09	6.68680940257237e-10	-6.68681144151039e-10
292.556	0.426	-0.478	3.63836180331871e-09	5.42375727122473e-10	-5.42375932534185e-10
293.315	0.478	-0.333	4.08091762533619e-09	6.08348109007203e-10	-6.08348246881166e-10
294.272	0.405	-0.479	3.77635480233315e-09	5.62946548113872e-10	-5.62946756697443e-10
295.188	0.505	-0.511	3.37016130585241e-09	4.96903862429852e-10	-4.96904001907292e-10
296.234	0.423	-0.541	3.42162655196171e-09	5.10066687524559e-10	-5.10066824925567e-10
297.126	0.426	-0.469	3.58223607712971e-09	5.45726278077849e-10	-5.4572641373824e-10
298.270	0.641	-0.718	2.24528019171854e-09	3.5744252252872e-10	-3.57442589262583e-10
299.288	0.487	-0.376	3.66107456628105e-09	5.45761552133614e-10	-5.45761683686896e-10
300.201	0.568	-0.427	3.13577115978313e-09	4.6745387138833e-10	-4.67454001253419e-10
301.291	0.408	-0.522	3.3004413228795e-09	4.9200144573517e-10	-4.92001573619698e-10
302.168	0.451	-0.469	3.17243332570071e-09	4.83295964476848e-10	-4.83296087955838e-10
303.148	0.455	-0.529	2.81596023812756e-09	4.19779180599054e-10	-4.1977929596752e-10
304.107	0.434	-0.504	2.76535401733849e-09	4.12235264114471e-10	-4.122353720851e-10
304.904	0.402	-0.363	3.1059639459977e-09	4.83647949823267e-10	-4.83648052024248e-10
305.684	0.326	-0.378	3.14405439449305e-09	5.0052507949047e-10	-5.0052507949047e-10
306.287	0.231	-0.276	4.4977571094552e-09	6.70487189498417e-10	-6.70487189498417e-10
306.724	0.332	-0.207	4.22246723807867e-09	6.29448982655667e-10	-6.29449456585161e-10
307.367	0.349	-0.311	5.11994006268961e-09	6.25501754755779e-10	-6.25501754755779e-10
308.040	0.351	-0.323	4.78435565950986e-09	6.19880773957515e-10	-6.19881245248312e-10
308.705	0.297	-0.315	5.49889708799546e-09	6.71798660276911e-10	-6.71798660276911e-10
309.263	0.306	-0.26	5.87806482462671e-09	7.2865129288968e-10	-7.2865129288968e-10
309.859	0.250	-0.291	6.21137261119467e-09	7.58841670375509e-10	-7.58841670375509e-10
310.376	0.247	-0.267	6.53830812521256e-09	7.98782907645552e-10	-7.98783377742668e-10
310.965	0.308	-0.341	5.12509411386676e-09	6.35312374807923e-10	-6.35312374807923e-10
311.560	0.273	-0.287	5.95050064836154e-09	7.37630464317905e-10	-7.37630935695467e-10
312.143	0.312	-0.309	5.44639394345157e-09	6.65384211093215e-10	-6.65384683997725e-10
312.727	0.236	-0.273	7.06573034943967e-09	8.38549789349471e-10	-8.38549789349471e-10
313.222	0.246	-0.259	6.8118831939231e-09	8.37996300970007e-10	-8.37996780250089e-10
313.735	0.246	-0.266	6.79588704507383e-09	8.36028592150975e-10	-8.36028592150975e-10
314.210	0.285	-0.229	9.87026413796019e-09	1.0021765043415e-09	-1.00217699452464e-09
314.718	0.283	-0.223	9.40281989067814e-09	9.91146807840948e-10	-9.91147302432834e-10
315.325	0.380	-0.324	7.78074119550229e-09	9.63601673843207e-10	-9.63601673843207e-10
316.004	0.343	-0.299	9.5520449402995e-09	1.26892182362621e-09	-1.23494888926249e-09
316.797	0.361	-0.45	7.83084917192201e-09	1.00442517293274e-09	-9.71991887123721e-10
317.637	0.443	-0.479	7.09600059422969e-09	8.84301071773201e-10	-8.61535170096171e-10
318.542	0.378	-0.462	7.66571184095929e-09	9.52573485087287e-10	-9.36763270541382e-10
319.360	0.311	-0.44	8.36758883250281e-09	1.06720378318507e-09	-1.05080377371905e-09
320.095	0.435	-0.424	7.45252711541024e-09	9.31607507426885e-10	-9.11155973917298e-10
320.996	0.385	-0.466	7.58014281048376e-09	9.51607168158091e-10	-9.3220597407735e-10
321.812	0.458	-0.432	7.15047772644944e-09	9.00273827245201e-10	-8.85769591984687e-10
322.688	0.429	-0.418	7.61026872397432e-09	9.475662160716e-10	-9.30121015720918e-10
323.523	0.411	-0.406	7.91496164935184e-09	9.89719927413472e-10	-9.67726161825909e-10
324.377	0.460	-0.444	6.95460857540275e-09	9.11404813766421e-10	-8.86683318725749e-10
325.206	0.316	-0.369	9.49750809866376e-09	1.21119888435006e-09	-1.17797934793264e-09
325.965	0.477	-0.443	7.03153819835893e-09	9.18505896123763e-10	-8.9614157706362e-10
326.945	0.393	-0.503	7.36324834404845e-09	9.65246624010348e-10	-9.388183725842e-10
327.883	0.482	-0.545	6.46602063153096e-09	8.39685450262958e-10	-8.23564406486893e-10
328.736	0.415	-0.371	8.09647730313454e-09	1.09354501415694e-09	-1.07518365911398e-09
329.675	0.583	-0.523	5.99892956873292e-09	7.62009939061716e-10	-7.4370890057216e-10
330.737	0.466	-0.479	6.80016009160447e-09	8.8525407963661e-10	-8.66331692996043e-10
331.776	0.471	-0.574	6.36704726874249e-09	8.00920611042668e-10	-7.78972508700123e-10
332.708	0.324	-0.461	8.3297890368807e-09	1.08249859792873e-09	-1.04814919962355e-09
333.519	0.443	-0.487	7.04324385696182e-09	9.14860681317235e-10	-8.86202690533456e-10
334.501	0.534	-0.539	6.20747708309612e-09	7.78634139600253e-10	-7.59203376489419e-10
335.373	0.411	-0.338	8.73523577696825e-09	1.10543706657972e-09	-1.08252463727694e-09
336.274	0.551	-0.49	6.30191805231424e-09	7.91706011961473e-10	-7.7089204277129e-10
337.287	0.413	-0.462	7.44282262906957e-09	9.43915376489068e-10	-9.11565835957667e-10
338.146	0.390	-0.446	7.77370681705058e-09	9.68453934275363e-10	-9.50138428787422e-10
338.987	0.469	-0.451	7.05172972072225e-09	8.82775884041016e-10	-8.62280421576895e-10
340.093	0.557	-0.637	5.46733002534008e-09	6.87325990419345e-10	-6.68853478583929e-10
341.181	0.353	-0.531	5.52570063170092e-09	6.8825994612557e-10	-6.85080611768823e-10
341.847	0.311	-0.313	5.26695850213843e-09	7.03158385196306e-10	-7.03158385196306e-10
342.509	0.288	-0.351	5.31753508221366e-09	6.78820892059483e-10	-6.78820892059483e-10
343.014	0.287	-0.217	4.57480262781088e-09	6.9693627144629e-10	-6.9693627144629e-10
343.629	0.294	-0.328	5.55020504878937e-09	6.7806653243295e-10	-6.78067015737784e-10
344.239	0.298	-0.316	5.58541577970141e-09	6.82368574582977e-10	-6.82369054006697e-10
344.775	0.294	-0.238	6.29158092495698e-09	7.91416317012795e-10	-7.91416795266893e-10
345.344	0.314	-0.275	5.73053608972462e-09	7.10363116419002e-10	-7.10363593436572e-10
345.981	0.252	-0.323	3.97601732796521e-09	5.92710415003196e-10	-5.92710890729627e-10
346.515	0.299	-0.282	3.92170861466346e-09	5.84614850408457e-10	-5.84614850408457e-10
347.173	0.280	-0.358	5.30872319562462e-09	6.48565248191195e-10	-6.48565248191195e-10
347.761	0.298	-0.307	5.57322018952599e-09	6.90862176192003e-10	-6.90862652724593e-10
348.330	0.260	-0.272	4.37397540708108e-09	6.5874668487933e-10	-6.5874716629719e-10
348.944	0.314	-0.354	5.21696450299279e-09	6.37355286598642e-10	-6.37355286598642e-10
349.577	0.329	-0.32	5.3572198049969e-09	6.544901702048e-10	-6.54490656698485e-10
350.178	0.273	-0.272	4.27471110793077e-09	6.37237050666405e-10	-6.37237535211995e-10
350.745	0.295	-0.294	5.86165796219887e-09	7.16117317107807e-10	-7.16117317107807e-10
351.348	0.315	-0.308	4.79455419750311e-09	6.29556800238992e-10	-6.29557282527908e-10
351.995	0.292	-0.332	5.46342991399115e-09	6.77252742490699e-10	-6.77252742490699e-10
352.611	0.367	-0.324	4.73212589300764e-09	6.00601093680571e-10	-6.00601577323699e-10
353.280	0.313	-0.302	3.76722487073372e-09	5.7965095007743e-10	-5.7965095007743e-10
353.830	0.277	-0.237	4.78775040039614e-09	6.9836643859919e-10	-6.9836643859919e-10
354.443	0.280	-0.336	3.93622334877513e-09	5.80365334525916e-10	-5.80365334525916e-10
355.017	0.289	-0.294	4.01083451583483e-09	6.11019910523855e-10	-6.11019910523855e-10
355.588	0.221	-0.282	4.66420537935234e-09	7.10556067109214e-10	-7.10556067109214e-10
356.101	0.297	-0.291	4.06449604827003e-09	6.05900072287213e-10	-6.05900072287213e-10
356.725	0.268	-0.327	3.92537055433194e-09	5.98000013999269e-10	-5.98000507535443e-10
357.381	0.331	-0.388	3.25151812832037e-09	4.8470836176347e-10	-4.84708507750744e-10
357.987	0.237	-0.275	4.35894422875984e-09	6.78756891038265e-10	-6.78756891038265e-10
358.475	0.259	-0.251	4.49614169236219e-09	6.70246372456049e-10	-6.70246372456049e-10
359.064	0.329	-0.329	5.2086460884845e-09	6.36339036188056e-10	-6.36339036188056e-10
359.745	0.288	-0.352	5.37259371531661e-09	6.56367975119668e-10	-6.56367975119668e-10
360.378	0.349	-0.345	4.73587080169832e-09	5.96294961948509e-10	-5.96294961948509e-10
361.028	0.203	-0.3	4.63795509040051e-09	6.83830329440084e-10	-6.83830329440084e-10
361.465	0.273	-0.234	4.34165399041558e-09	6.7606472595878e-10	-6.7606472595878e-10
362.054	0.367	-0.317	4.9620194723826e-09	6.06208828410696e-10	-6.06208828410696e-10
362.665	0.291	-0.244	4.19910224712239e-09	6.39701096965378e-10	-6.39701096965378e-10
363.248	0.375	-0.292	5.11688562464783e-09	6.25128187898877e-10	-6.25128665314266e-10
363.936	0.332	-0.312	5.27206176092814e-09	6.44086324722476e-10	-6.44086324722476e-10
364.523	0.250	-0.255	4.58452627302499e-09	6.75952355719521e-10	-6.75952827567778e-10
365.045	0.242	-0.272	4.38667220209048e-09	6.53927438269025e-10	-6.53927438269025e-10
365.557	0.241	-0.27	4.27738007892069e-09	6.6605598845599e-10	-6.6605598845599e-10
366.094	0.320	-0.296	5.45732264228719e-09	6.66719474771376e-10	-6.66719944564414e-10
366.759	0.332	-0.345	4.9110530654772e-09	6.08779417920572e-10	-6.08779888485259e-10
367.364	0.249	-0.272	6.34238408271627e-09	7.9780688386684e-10	-7.9780688386684e-10
367.894	0.315	-0.281	5.6516532200068e-09	7.05368905315998e-10	-7.05368905315998e-10
368.468	0.249	-0.26	4.39630909522626e-09	6.69744164402524e-10	-6.69744164402524e-10
368.993	0.306	-0.276	4.615566209647e-09	6.3955532940798e-10	-6.39555801573885e-10
369.621	0.317	-0.322	4.64753699380202e-09	6.05058885685292e-10	-6.05058885685292e-10
370.236	0.291	-0.298	5.75998335141702e-09	7.14013824210093e-10	-7.14013824210093e-10
370.834	0.322	-0.307	5.53442726792147e-09	6.76139367157877e-10	-6.76139854614137e-10
371.386	0.272	-0.23	4.67000231931998e-09	7.03330225422997e-10	-7.03330225422997e-10
371.946	0.271	-0.287	4.04951800455696e-09	6.16912999698262e-10	-6.16912999698262e-10
372.473	0.252	-0.256	4.46419002308853e-09	6.65482939029166e-10	-6.65483411986364e-10
373.032	0.332	-0.307	4.52366931126289e-09	6.04065256256217e-10	-6.04065256256217e-10
373.606	0.262	-0.241	4.63524100909246e-09	6.90315186180843e-10	-6.90315658643175e-10
374.197	0.385	-0.329	4.73228589725655e-09	5.78141675647134e-10	-5.78142147796862e-10
374.921	0.381	-0.34	4.6233859875227e-09	5.73119881225097e-10	-5.73119881225097e-10
375.627	0.345	-0.326	4.63707825319001e-09	5.88910747778744e-10	-5.88910747778744e-10
376.253	0.267	-0.281	4.6125428350146e-09	6.58368181760037e-10	-6.58368652729478e-10
376.818	0.279	-0.298	3.93098157619904e-09	5.85996987082621e-10	-5.85996987082621e-10
377.369	0.269	-0.272	4.1915199002213e-09	6.24835933116109e-10	-6.24835933116109e-10
377.947	0.263	-0.309	3.82873676700457e-09	5.96195054932938e-10	-5.96195526652144e-10
378.532	0.280	-0.321	5.30593716740297e-09	6.97797365547013e-10	-6.97797836949542e-10
379.099	0.311	-0.287	3.78832114042514e-09	5.64730268277162e-10	-5.64730268277162e-10
379.666	0.338	-0.256	3.75262489063206e-09	5.71683802469379e-10	-5.71683802469379e-10
380.316	0.305	-0.312	3.67297959689854e-09	5.4753629016133e-10	-5.4753629016133e-10
380.892	0.278	-0.27	4.18525967441599e-09	6.23902673603667e-10	-6.23902673603667e-10
381.486	0.258	-0.317	4.04716088680155e-09	6.03315899571343e-10	-6.03316383832974e-10
382.034	0.258	-0.29	4.23094676434526e-09	6.44552490045094e-10	-6.44552490045094e-10
382.574	0.387	-0.282	5.26877399532096e-09	6.43684692446963e-10	-6.43684692446963e-10
383.271	0.370	-0.31	3.48284555612823e-09	5.19192571636272e-10	-5.19192571636272e-10
383.928	0.313	-0.287	3.94736325556401e-09	5.88438954038414e-10	-5.88438954038414e-10
384.497	0.275	-0.257	4.33246311488334e-09	6.74633468366385e-10	-6.74633468366385e-10
385.062	0.280	-0.29	4.1688808251673e-09	6.35097019677082e-10	-6.35097521879333e-10
385.762	0.316	-0.42	3.32787697364023e-09	4.96091266439999e-10	-4.96091419558053e-10
386.323	0.301	-0.245	5.07995300141428e-09	7.25083869304041e-10	-7.25083869304041e-10
386.995	0.299	-0.371	3.64749354966512e-09	5.43736976088849e-10	-5.43736976088849e-10
387.640	0.297	-0.345	3.69786563808867e-09	5.512461819353e-10	-5.512461819353e-10
388.227	0.283	-0.29	4.03552793668247e-09	6.01581928074652e-10	-6.01581928074652e-10
388.976	0.388	-0.466	2.6485777251994e-09	3.94827189451446e-10	-3.94827283646995e-10
389.682	0.409	-0.318	3.12764146379585e-09	4.66241902772313e-10	-4.66241997552213e-10
390.433	0.338	-0.342	3.37086118745238e-09	5.02498772034749e-10	-5.02499249056279e-10
391.056	0.279	-0.285	4.07278972134839e-09	6.07136541718595e-10	-6.07136541718595e-10
391.692	0.346	-0.357	3.25750196625496e-09	4.85600525207318e-10	-4.85600525207318e-10
392.383	0.302	-0.345	3.52186153931855e-09	5.25008816137736e-10	-5.25008816137736e-10
393.151	0.341	-0.465	2.79143721925214e-09	4.25254110385617e-10	-4.25254205592564e-10
393.817	0.393	-0.326	3.20439370333332e-09	4.88165047063495e-10	-4.88165047063495e-10
394.583	0.370	-0.372	3.2410889193719e-09	4.83153742713791e-10	-4.83153842847549e-10
395.427	0.438	-0.475	2.67076091613413e-09	4.06869969246905e-10	-4.06870072394199e-10
396.256	0.390	-0.391	3.19860296902819e-09	4.7682024922924e-10	-4.76820353260487e-10
397.120	0.404	-0.475	2.77351040908321e-09	4.22523128869277e-10	-4.22523232017639e-10
397.869	0.323	-0.345	3.56825938869971e-09	5.55634832592378e-10	-5.55634832592378e-10
398.722	0.417	-0.53	2.49416463920833e-09	3.88381099857443e-10	-3.88381201393539e-10
399.549	0.347	-0.411	3.24070717806134e-09	4.83096797001774e-10	-4.83096950417738e-10
400.222	0.345	-0.325	3.7208385872029e-09	5.54670480641361e-10	-5.54671000267721e-10
400.940	0.428	-0.373	3.12029894840386e-09	4.75353734842537e-10	-4.75353840552119e-10
401.726	0.284	-0.358	3.9625947202713e-09	6.03671026395662e-10	-6.03671026395662e-10
402.476	0.506	-0.466	2.69034969053882e-09	4.01054172653049e-10	-4.01054281480968e-10
403.493	0.433	-0.511	2.63023961866978e-09	4.00696904025538e-10	-4.00697009172161e-10
404.487	0.660	-0.561	2.00063055577482e-09	2.98236859967936e-10	-2.98236910806664e-10
405.493	0.368	-0.347	3.3001257481616e-09	4.91954217069911e-10	-4.91954708525792e-10
406.437	0.456	-0.575	2.2342983853556e-09	3.33069985977016e-10	-3.33070081993483e-10
407.533	0.503	-0.64	2.0033507852278e-09	2.98642346704933e-10	-2.98642441999603e-10
408.406	0.368	-0.37	3.0806315595935e-09	4.59234062813453e-10	-4.59234204900943e-10
409.375	0.617	-0.601	1.83025662301242e-09	2.78825617987096e-10	-2.78825665184191e-10
410.578	0.572	-0.585	1.95039364402674e-09	2.97127571434156e-10	-2.97127619159421e-10
411.762	0.455	-0.613	2.17070211267404e-09	3.23589628786803e-10	-3.23589725285462e-10
412.929	0.676	-0.712	1.65818775311952e-09	2.52612207230898e-10	-2.52612304609534e-10
413.950	0.301	-0.345	3.60715042895147e-09	5.37722763021203e-10	-5.37723248105964e-10
414.788	0.599	-0.537	2.01039132125763e-09	3.06267766429897e-10	-3.06267863151659e-10
415.937	0.740	-0.55	1.73606788644665e-09	2.703333249376e-10	-2.70333421257042e-10
417.278	0.703	-0.601	1.75651498004404e-09	2.67591604934766e-10	-2.67591653401128e-10
418.904	0.661	-0.922	1.48455114301699e-09	2.21304134820251e-10	-2.21304232708563e-10
420.227	0.631	-0.663	1.83192217887268e-09	2.73087206548837e-10	-2.73087255883841e-10
421.637	0.900	-0.779	1.38310631598137e-09	2.10705684488767e-10	-2.10705733637501e-10
422.996	0.449	-0.458	2.57467125007763e-09	3.83809840813768e-10	-3.83809938097569e-10
423.985	0.515	-0.54	2.19773731259164e-09	3.27619792362994e-10	-3.27619888917705e-10
425.156	0.640	-0.657	1.77660809990269e-09	2.64841487999231e-10	-2.64841535975936e-10
426.529	0.890	-0.732	1.38911896606302e-09	2.16307879275621e-10	-2.16307927747508e-10
428.269	0.915	-0.85	1.25124380022148e-09	2.03692583558234e-10	-2.03692632662686e-10
429.868	0.792	-0.683	1.61812992250364e-09	2.4121689039389e-10	-2.4121694008462e-10
431.634	0.962	-0.975	1.25023524325986e-09	1.86374322818282e-10	-1.86374373252204e-10
433.484	0.774	-0.888	1.48208472272165e-09	2.20936444649282e-10	-2.20936495926831e-10
435.180	0.724	-0.922	1.49518402722217e-09	2.27779843787427e-10	-2.27779895847536e-10
436.637	0.851	-0.732	1.59964725698857e-09	2.38461645794444e-10	-2.38461698532368e-10
438.710	1.065	-1.223	1.10545434612765e-09	1.64791622749439e-10	-1.64791675412215e-10
441.193	0.911	-1.418	1.06693030333042e-09	1.62538725844876e-10	-1.62538725844876e-10
443.028	1.279	-0.923	1.10849411065037e-09	1.72610196677113e-10	-1.72610249184831e-10
445.398	0.999	-1.091	1.1864997387502e-09	1.76873221605421e-10	-1.76873273250253e-10
447.353	0.880	-0.956	1.33093152058462e-09	1.98403812949529e-10	-1.98403863831173e-10
449.206	0.935	-0.972	1.26340055082321e-09	1.88336917873434e-10	-1.8833696804513e-10
451.251	1.069	-1.111	1.08480751230683e-09	1.65262117550592e-10	-1.65262167574525e-10
453.227	0.859	-0.907	1.36732347874247e-09	2.03828833577914e-10	-2.03828883875544e-10
455.432	1.384	-1.345	8.76317750575425e-10	1.33500313483965e-10	-1.33500313483965e-10
457.948	1.259	-1.132	1.02341737560199e-09	1.52562235831959e-10	-1.52562286784699e-10
460.545	1.020	-1.337	1.01414397452499e-09	1.57918354967646e-10	-1.57918406380824e-10
463.208	1.485	-1.644	7.71582456607803e-10	1.20147624734984e-10	-1.20147676663116e-10
466.621	1.631	-1.927	7.09858093750829e-10	1.05819587616151e-10	-1.05819587616151e-10
469.981	1.862	-1.729	7.00946894716473e-10	1.06783923363481e-10	-1.06783923363481e-10
473.737	2.133	-1.894	6.10606525544514e-10	9.10239588913236e-11	-9.10239588913236e-11
477.902	1.874	-2.031	6.03167759583818e-10	8.99150521933792e-11	-8.99151012399417e-11
481.411	1.848	-1.636	4.0625028626848e-10	8.19140292128914e-11	-8.19140292128914e-11
485.104	2.101	-1.845	3.78963794200201e-10	7.38888472304346e-11	-7.38888472304346e-11
489.504	1.857	-2.299	3.82040368908643e-10	7.20643522105346e-11	-7.20643522105346e-11
493.363	1.935	-2.002	4.2595773659312e-10	7.77689597324672e-11	-7.77689597324672e-11
497.166	2.239	-1.867	4.18976571187675e-10	7.64943785218662e-11	-7.64943785218662e-11
501.240	2.616	-1.836	3.8376083751582e-10	7.2388859036108e-11	-7.23889136955281e-11
506.053	1.900	-2.197	4.25338424945859e-10	8.02316982294794e-11	-8.02316982294794e-11
510.864	2.666	-2.911	3.26511007762796e-10	5.961251926689e-11	-5.96125761413044e-11
515.934	3.089	-2.403	3.3857273500125e-10	6.18147014560555e-11	-6.18147014560555e-11
522.873	3.218	-3.85	2.64012282976014e-10	4.98006822473417e-11	-4.98006941878826e-11
530.707	2.748	-4.615	2.48603302900127e-10	5.01269762616298e-11	-5.01269824202608e-11
536.785	3.043	-3.33	3.09314252574934e-10	5.83460059909862e-11	-5.83460186047311e-11
543.729	3.498	-3.901	2.44401669283569e-10	4.76524479165854e-11	-4.76524597791289e-11
552.615	5.908	-5.388	1.56083787811049e-10	3.14718615588716e-11	-3.14718674901433e-11

## XRT - xrtpcflux
597.316	39.512	-28.185	7.88879344611623e-11	1.78274727313354e-11	-1.78274727313354e-11
683.562	43.530	-46.733	1.4804592062791e-11	3.32213208062747e-12	-3.32213208062747e-12
769.122	65.785	-42.03	1.21139479052949e-11	2.72156750683213e-12	-2.72156750683213e-12
915.265	97.661	-80.359	7.53653668570838e-12	1.65201100191357e-12	-1.65201100191357e-12
1121.933	124.173	-109.007	3.9365618759749e-12	1.04090014108521e-12	-1.04090014108521e-12
1429.999	266.887	-183.892	4.59853855098701e-12	8.48250880058012e-13	-8.48250880058012e-13
5059.563	117.483	-108.176	4.70164151890111e-12	1.08779547410989e-12	-1.08779547410989e-12
5328.114	87.127	-151.069	3.503789800918e-12	9.14433427287848e-13	-9.14433427287848e-13
5524.369	111.516	-109.128	5.11413559797875e-12	1.1453892327726e-12	-1.1453892327726e-12
5738.893	107.607	-103.008	5.348688917745e-12	1.20468150159343e-12	-1.20468150159343e-12
6003.683	146.202	-157.183	2.77228777153267e-12	7.24304234697579e-13	-7.24304234697579e-13
6271.449	68.992	-121.564	4.40379664663368e-12	1.14438334000907e-12	-1.14438334000907e-12
6477.978	123.224	-137.537	3.18808339883597e-12	8.31142524634111e-13	-8.31142524634111e-13
6724.018	100.336	-122.815	3.69347291610698e-12	9.64978546351829e-13	-9.64978546351829e-13
6956.694	120.898	-132.341	3.27708044450225e-12	8.52507137027935e-13	-8.52507137027935e-13
7258.043	218.195	-180.45	2.63578053171919e-12	6.14000964517255e-13	-6.14000964517255e-13
10918.019	148.835	-142.015	3.22642742927713e-12	8.39135912428774e-13	-8.39135912428774e-13
11238.125	139.637	-171.271	3.02758650752436e-12	7.87421106633648e-13	-7.87421106633648e-13
11485.443	155.588	-107.681	3.5297689494372e-12	9.14693799896967e-13	-9.14693799896967e-13
11764.986	114.240	-123.955	3.82893107768852e-12	9.91617282557362e-13	-9.91617282557362e-13
12103.972	276.717	-224.746	1.77513713023775e-12	4.62243182896034e-13	-4.62243182896034e-13
12596.696	132.512	-216.006	2.49501792337164e-12	6.50490864849391e-13	-6.50490864849391e-13
13029.564	208.609	-300.357	2.36148398859735e-12	5.2161253620773e-13	-5.2161253620773e-13
16745.836	117.009	-211.45	2.54651746290137e-12	6.64082825736463e-13	-6.64082825736463e-13
17042.370	61.178	-179.525	3.51475585633645e-12	9.09758105461755e-13	-9.09758105461755e-13
17315.379	114.120	-211.832	2.63134944912861e-12	6.83641647219993e-13	-6.83641647219993e-13
17586.364	103.897	-156.864	3.36039879796239e-12	8.69804009978761e-13	-8.69804009978761e-13
17886.205	147.558	-195.945	2.62984446971922e-12	6.83676563975205e-13	-6.83676563975205e-13
18560.365	441.204	-526.602	1.79249561212735e-12	3.41809146519592e-13	-3.41809146519592e-13
22367.250	150.719	-167.711	2.74997616971303e-12	7.15679552480233e-13	-7.15679552480233e-13
22734.528	269.861	-216.559	1.78794995600411e-12	4.67310913690925e-13	-4.67310913690925e-13
23206.895	123.446	-202.505	2.63255455648925e-12	6.83450586514363e-13	-6.83450586514363e-13
23505.160	138.596	-174.819	2.73856469258262e-12	7.12274361146048e-13	-7.12274361146048e-13
23989.679	275.892	-345.923	1.36627270668511e-12	3.58859492149338e-13	-3.58859492149338e-13
24442.987	281.403	-177.416	2.11339681100351e-12	5.18115295799239e-13	-5.18115295799239e-13
59977.889	4947.174	-2261.301	8.10349780894208e-13	1.41434629089484e-13	-1.41434629089484e-13
112659.427	38607.625	-25258.853	2.43551918659257e-13	4.56225674020149e-14	-4.56225674020149e-14
271401.375	64425.375	-24292.419	1.50378762495421e-13	3.94275436959285e-14	-3.94275436959285e-14
