READ TERR 1 2
! batSNR4flux
0.0410000276565552	0.04	-0.04	1.55492359005609e-09	3.49293790007453e-10	-3.49293790007453e-10
0.161000032424927	0.08	-0.08	8.41751572042383e-10	2.49883858186159e-10	-2.49883858186159e-10
0.281000007390976	0.04	-0.04	1.8306545194495e-09	3.72447374838145e-10	-3.72447374838145e-10
0.381000021298726	0.06	-0.06	1.40894259756112e-09	3.044194215098e-10	-3.044194215098e-10
0.501000026067098	0.06	-0.06	1.25487369725647e-09	3.21804028343241e-10	-3.21804028343241e-10
0.641000036597252	0.08	-0.08	1.55867128587685e-09	2.9476433649162e-10	-2.9476433649162e-10
0.761000026464462	0.04	-0.04	1.98822435362379e-09	4.43061667215366e-10	-4.43061667215366e-10
0.820999999046326	0.02	-0.02	2.79001210771938e-09	6.45106281976068e-10	-6.45106281976068e-10
0.881000031232834	0.04	-0.04	1.43490060156854e-09	4.20188453763546e-10	-4.20188453763546e-10
0.961000014543533	0.04	-0.04	2.14128720060901e-09	4.7212734073583e-10	-4.7212734073583e-10
1.06100002845128	0.06	-0.06	1.65908618930135e-09	3.99958785537341e-10	-3.99958785537341e-10
1.14100005149841	0.02	-0.02	3.19089618987847e-09	6.68165321713553e-10	-6.68165321713553e-10
1.261000020504	0.1	-0.1	1.62488520126926e-09	3.20778032183355e-10	-3.20778032183355e-10
1.38100000143051	0.02	-0.02	3.40054693694627e-09	7.7116360091805e-10	-7.7116360091805e-10
1.44100003361702	0.04	-0.04	2.25648011138166e-09	5.72020106919511e-10	-5.72020106919511e-10
1.52100001692772	0.04	-0.04	2.58051190107548e-09	5.56068623015498e-10	-5.56068623015498e-10
1.60100003004074	0.04	-0.04	2.75777860660031e-09	5.69914255698974e-10	-5.69914255698974e-10
1.70100003401438	0.06	-0.06	1.29905425430663e-09	4.64368299798038e-10	-4.64368299798038e-10
1.82100001891454	0.06	-0.06	2.17184220575422e-09	4.99450970845345e-10	-4.99450970845345e-10
1.96100002944469	0.08	-0.08	1.94152650378886e-09	4.47623251085813e-10	-4.47623251085813e-10
2.10100003004074	0.06	-0.06	2.44915028043866e-09	5.41988772462265e-10	-5.41988772462265e-10
2.18100001335144	0.02	-0.02	3.8052382473902e-09	9.22177437789492e-10	-9.22177437789492e-10
2.26100001653035	0.06	-0.06	2.2782865567222e-09	5.60694023180221e-10	-5.60694023180221e-10
2.40100002706051	0.08	-0.08	2.09513267314548e-09	5.06395426296873e-10	-5.06395426296873e-10
2.50100000619888	0.02	-0.02	4.80494818814415e-09	1.16390282690338e-09	-1.16390282690338e-09
2.58100002924601	0.06	-0.06	3.158634248765e-09	6.89568800427039e-10	-6.89568800427039e-10
2.76100002646446	0.12	-0.12	2.21998929894932e-09	5.51411030193282e-10	-5.51411030193282e-10
2.94100002368291	0.06	-0.06	3.85473350312205e-09	9.44452241604097e-10	-9.44452241604097e-10
3.08100003421307	0.08	-0.08	3.05054988942784e-09	8.73537417222435e-10	-8.73537417222435e-10
3.24100001573563	0.08	-0.08	4.34614758982359e-09	1.0310370835529e-09	-1.0310370835529e-09
3.40100002706051	0.08	-0.08	4.3415205277857e-09	1.17716515061571e-09	-1.17716515061571e-09
3.52100001692772	0.04	-0.04	8.73814713363244e-09	1.80020958507865e-09	-1.80020958507865e-09
3.72100002735853	0.16	-0.16	4.49513343560847e-09	1.06865885331253e-09	-1.06865885331253e-09
3.92100002288818	0.04	-0.04	1.24233959142251e-08	2.53036189286356e-09	-2.53036189286356e-09
4.04100002765655	0.08	-0.08	8.98276742320449e-09	1.92564032862764e-09	-1.92564032862764e-09
4.20100002408028	0.08	-0.08	9.09812445822003e-09	2.28433463567765e-09	-2.28433463567765e-09
4.32100002884865	0.04	-0.04	1.52963965442392e-08	3.3852937490981e-09	-3.3852937490981e-09
4.42100002288818	0.06	-0.06	1.28868590442848e-08	3.10872508266463e-09	-3.10872508266463e-09
4.54100002765655	0.06	-0.06	1.28496386744032e-08	3.20297600851942e-09	-3.20297600851942e-09
4.76100002646446	0.16	-0.16	6.04498208508182e-09	1.25039429337401e-09	-1.25039429337401e-09
4.96100001454353	0.04	-0.04	8.02794445503043e-09	1.70525005153478e-09	-1.70525005153478e-09
5.06100002845128	0.06	-0.06	4.7118289971786e-09	1.14132446910889e-09	-1.14132446910889e-09
5.24100002566973	0.12	-0.12	2.27680509804359e-09	5.88004902213128e-10	-5.88004902213128e-10
5.42100002288818	0.06	-0.06	2.42146518563576e-09	5.64975838914713e-10	-5.64975838914713e-10
5.58100002527237	0.1	-0.1	1.10768900012315e-09	3.08885662798618e-10	-3.08885662798618e-10
5.78100002527237	0.1	-0.1	9.00924406989759e-10	2.17968539201155e-10	-2.17968539201155e-10
5.98100002527237	0.1	-0.1	1.6515500961916e-09	3.70444833657487e-10	-3.70444833657487e-10
6.10100003004074	0.02	-0.02	4.90357108290474e-09	1.17013066156972e-09	-1.17013066156972e-09
6.20100002408028	0.08	-0.08	3.58132916897595e-09	8.16760811970294e-10	-8.16760811970294e-10
6.361000020504	0.08	-0.08	6.23747168027317e-09	1.32188900852212e-09	-1.32188900852212e-09
6.60100003004074	0.16	-0.16	6.55582311619267e-09	1.96279172166325e-09	-1.96279172166325e-09
6.82100001891454	0.06	-0.06	2.78056126592584e-08	6.23422473600993e-09	-6.23422473600993e-09
6.90100004196167	0.02	-0.02	6.27693239430578e-08	1.47869120027912e-08	-1.47869120027912e-08
6.98100002527237	0.06	-0.06	3.93596291693193e-08	1.01494460021164e-08	-1.01494460021164e-08
7.10100003004074	0.06	-0.06	5.14678157411244e-08	1.24743981152763e-08	-1.24743981152763e-08
7.2210000149409	0.06	-0.06	3.95688794910542e-08	9.47762124848266e-09	-9.47762124848266e-09
7.38100002527237	0.1	-0.1	2.61979739099388e-08	5.1948070013003e-09	-5.1948070013003e-09
7.50100000619888	0.02	-0.02	4.18351417293296e-08	9.2565570860273e-09	-9.2565570860273e-09
7.56100003838539	0.04	-0.04	1.72976730412642e-08	5.62597245671801e-09	-5.62597245671801e-09
7.62100001096725	0.02	-0.02	2.90683092087495e-08	7.14073046193982e-09	-7.14073046193982e-09
7.72100003480911	0.08	-0.08	1.07124159289332e-08	2.79852953557264e-09	-2.79852953557264e-09
7.88100001633167	0.08	-0.08	7.85578714994694e-09	1.95878209514712e-09	-1.95878209514712e-09
7.98100002527237	0.02	-0.02	1.25698678709974e-08	3.10322265738848e-09	-3.10322265738848e-09
8.10100003004074	0.02	-0.02	1.51369236070827e-08	2.60365513634768e-09	-2.60365513634768e-09
8.24100002566973	0.12	-0.12	3.51112644563799e-09	7.11428269780281e-10	-7.11428269780281e-10
8.42100002288818	0.06	-0.06	3.31533085030328e-09	6.69053179289478e-10	-6.69053179289478e-10
8.60100003004074	0.12	-0.12	1.27779014293261e-09	3.17044602630803e-10	-3.17044602630803e-10
8.74100001573563	0.02	-0.02	2.38393606011877e-09	5.85571609715932e-10	-5.85571609715932e-10
8.84100002467632	0.08	-0.08	1.42208297090299e-09	3.16702414456101e-10	-3.16702414456101e-10
9.00100002110004	0.08	-0.08	1.44514195360783e-09	3.67082662275926e-10	-3.67082662275926e-10
9.12100004076958	0.04	-0.04	2.38213635670158e-09	5.76056148575867e-10	-5.76056148575867e-10
9.2210000149409	0.06	-0.06	2.29085357956851e-09	5.10269492706884e-10	-5.10269492706884e-10
9.34100001970927	0.06	-0.06	2.58654258260203e-09	6.0166449339153e-10	-6.0166449339153e-10
9.46100002447764	0.06	-0.06	2.58833288769429e-09	6.46324270277624e-10	-6.46324270277624e-10
9.6410000316302	0.12	-0.12	2.37282265840491e-09	5.32833050876343e-10	-5.32833050876343e-10
9.861000020504	0.1	-0.1	3.57895441359505e-09	7.36341513023542e-10	-7.36341513023542e-10
10.0010000360012	0.04	-0.04	5.65405008813683e-09	1.29607609747779e-09	-1.29607609747779e-09
10.0810000193119	0.04	-0.04	4.86055118935566e-09	1.39912717427588e-09	-1.39912717427588e-09
10.1610000324249	0.04	-0.04	5.9427443984169e-09	1.47926549200786e-09	-1.47926549200786e-09
10.2210000348091	0.02	-0.02	9.57428559107765e-09	2.34165733742409e-09	-2.34165733742409e-09
10.2609999966621	0.02	-0.02	7.45500497370101e-09	2.25827825211819e-09	-2.25827825211819e-09
10.3010000181198	0.02	-0.02	9.99680779016952e-09	2.44457435110085e-09	-2.44457435110085e-09
10.361000020504	0.04	-0.04	4.66244661857434e-09	1.81199726319155e-09	-1.81199726319155e-09
10.441000033617	0.04	-0.04	1.01244976427742e-08	1.93923343162529e-09	-1.93923343162529e-09
10.5210000169277	0.04	-0.04	8.2736570005135e-09	2.01432074012521e-09	-2.01432074012521e-09
10.5810000491142	0.02	-0.02	1.3578234519979e-08	3.04604091866388e-09	-3.04604091866388e-09
10.6810000282526	0.08	-0.08	6.81251510163555e-09	1.69006846880665e-09	-1.69006846880665e-09
10.8410000246763	0.08	-0.08	7.42500239619357e-09	1.9042381760427e-09	-1.9042381760427e-09
10.9610000145435	0.04	-0.04	1.43125342895185e-08	2.78744551755848e-09	-2.78744551755848e-09
11.0810000342131	0.08	-0.08	6.03531955207844e-09	2.05146939926816e-09	-2.05146939926816e-09
11.2010000240803	0.04	-0.04	1.25827753765599e-08	3.13840251829809e-09	-3.13840251829809e-09
11.3410000157356	0.1	-0.1	9.2851558058152e-09	1.94972853468815e-09	-1.94972853468815e-09
11.5410000276566	0.1	-0.1	8.2733207564173e-09	2.04540525336743e-09	-2.04540525336743e-09
11.7410000276566	0.1	-0.1	6.85105370410126e-09	2.27149193923143e-09	-2.27149193923143e-09
11.9010000220935	0.06	-0.06	1.46564277754207e-08	2.99649253021422e-09	-2.99649253021422e-09
11.9810000252724	0.02	-0.02	2.49819199023247e-08	5.53231044595571e-09	-5.53231044595571e-09
12.02100004673	0.02	-0.02	1.31994317630304e-08	5.49682357768838e-09	-5.49682357768838e-09
12.0610000085831	0.02	-0.02	2.33437296970002e-08	5.44290460947664e-09	-5.44290460947664e-09
12.1210000407696	0.04	-0.04	1.08715572391828e-08	3.81642098215765e-09	-3.81642098215765e-09
12.2010000240803	0.04	-0.04	1.60649464538145e-08	3.93824345349807e-09	-3.93824345349807e-09
12.361000020504	0.12	-0.12	1.13847866844599e-08	2.36237678564084e-09	-2.36237678564084e-09
12.5010000061989	0.02	-0.02	2.74568766397437e-08	6.14300770053289e-09	-6.14300770053289e-09
12.6010000300407	0.08	-0.08	9.57104220575969e-09	2.94595132874768e-09	-2.94595132874768e-09
12.7810000252724	0.1	-0.1	1.08489482596874e-08	2.57843167451704e-09	-2.57843167451704e-09
12.9410000236829	0.06	-0.06	1.34981869937105e-08	3.19743497932758e-09	-3.19743497932758e-09
13.0610000284513	0.06	-0.06	1.04497804881433e-08	3.10286650084833e-09	-3.10286650084833e-09
13.1810000332197	0.06	-0.06	1.36286965743236e-08	3.00270648493959e-09	-3.00270648493959e-09
13.281000007391	0.04	-0.04	1.52478209461029e-08	3.7345457889135e-09	-3.7345457889135e-09
13.4010000270605	0.08	-0.08	1.04227481639177e-08	2.56008265722847e-09	-2.56008265722847e-09
13.5610000234842	0.08	-0.08	1.19777717532199e-08	2.56071708388455e-09	-2.56071708388455e-09
13.6610000324249	0.02	-0.02	2.22326447814862e-08	5.07363833366573e-09	-5.07363833366573e-09
13.8010000181198	0.04	-0.04	1.43765088980451e-08	3.34510965327696e-09	-3.34510965327696e-09
13.9010000220935	0.06	-0.06	7.86838114679928e-09	2.58173958079952e-09	-2.58173958079952e-09
14.0210000268618	0.06	-0.06	1.05230887063979e-08	2.5497950555709e-09	-2.5497950555709e-09
14.2810000252724	0.2	-0.2	4.8334094551767e-09	1.31898364844936e-09	-1.31898364844936e-09
14.5210000169277	0.04	-0.04	1.1944407330556e-08	2.91557972894592e-09	-2.91557972894592e-09
14.7210000273585	0.16	-0.16	5.60701997369105e-09	1.33325309785872e-09	-1.33325309785872e-09
14.9610000294447	0.08	-0.08	7.41558345815471e-09	1.82347547930742e-09	-1.82347547930742e-09
15.2210000215636	0.18	-0.18	5.21502560161473e-09	1.15514440897355e-09	-1.15514440897355e-09
15.4610000244776	0.06	-0.06	8.01389332908504e-09	1.89601071764592e-09	-1.89601071764592e-09
15.6410000316302	0.12	-0.12	5.64392701970164e-09	1.27165820209526e-09	-1.27165820209526e-09
15.8810000212987	0.12	-0.12	4.1907254585104e-09	1.24080711897449e-09	-1.24080711897449e-09
16.1210000308355	0.12	-0.12	4.92874912763406e-09	1.18040639186572e-09	-1.18040639186572e-09
16.5610000234842	0.32	-0.32	2.80334042867544e-09	7.10305077057648e-10	-7.10305077057648e-10
17.2010000240803	0.32	-0.32	3.24821124902139e-09	7.66709971807937e-10	-7.66709971807937e-10
17.8810000279215	0.36	-0.36	1.77383041006665e-09	7.80630087172365e-10	-7.80630087172365e-10
18.3210000139475	0.08	-0.08	7.4600501195676e-09	1.74813680959097e-09	-1.74813680959097e-09
18.6410000266631	0.24	-0.24	3.03166127608943e-09	1.05525057502774e-09	-1.05525057502774e-09
18.9410000236829	0.06	-0.06	9.16657419866314e-09	2.19636802727043e-09	-2.19636802727043e-09
19.5610000383854	0.04	-0.04	1.31243827878213e-08	3.00646049830268e-09	-3.00646049830268e-09
19.9010000260671	0.3	-0.3	3.34334776727951e-09	1.11433820010946e-09	-1.11433820010946e-09
20.5010000260671	0.3	-0.3	5.1935745195554e-09	1.23729498048815e-09	-1.23729498048815e-09
21.6410000245344	0.84	-0.84	3.64413356565074e-09	8.40898414755907e-10	-8.40898414755907e-10
25.0610000252169	2.58	-2.58	4.2034455444847e-09	7.48233028314418e-10	-7.48233028314418e-10
28.501000025605	0.86	-0.86	4.57974094266079e-09	1.13837275395373e-09	-1.13837275395373e-09
36.2410000252657	6.87999999999994	-6.87999999999994	9.90747639968916e-10	2.04052543324081e-10	-2.04052543324081e-10
43.5210000258684	0.4	-0.4	2.18684309970686e-09	5.45416388861447e-10	-5.45416388861447e-10
44.0010000211	0.08	-0.08	5.12663669455348e-09	1.20770097214476e-09	-1.20770097214476e-09
44.2610000231531	0.18	-0.18	3.22225263840859e-09	7.83564384344005e-10	-7.83564384344005e-10
44.6210000308355	0.18	-0.18	3.14432598366193e-09	7.77168990928713e-10	-7.77168990928713e-10
44.9410000208446	0.14	-0.14	4.01600598522633e-09	8.87686429480828e-10	-8.87686429480828e-10
45.1810000252724	0.1	-0.1	4.66504949381409e-09	1.02208364803866e-09	-1.02208364803866e-09
45.4810000252724	0.2	-0.2	2.71775132939166e-09	7.37711733969307e-10	-7.37711733969307e-10
45.8010000280539	0.12	-0.12	4.2028987684235e-09	9.45670426121227e-10	-9.45670426121227e-10
45.9610000145435	0.04	-0.04	7.4105684542535e-09	1.63894029072654e-09	-1.63894029072654e-09
46.2410000256697	0.24	-0.24	3.32261794886687e-09	6.59669828065611e-10	-6.59669828065611e-10
46.5010000061989	0.02	-0.02	9.93746395734848e-09	2.37515145795563e-09	-2.37515145795563e-09
46.6810000282526	0.16	-0.16	4.40974561820003e-09	9.53056682058533e-10	-9.53056682058533e-10
46.8810000312328	0.04	-0.04	8.05084866389357e-09	2.01054377417628e-09	-2.01054377417628e-09
46.9810000252724	0.06	-0.06	8.13670065757015e-09	1.84316306411549e-09	-1.84316306411549e-09
47.2010000240803	0.16	-0.16	5.95938934913827e-09	1.17084779184324e-09	-1.17084779184324e-09
47.4410000187159	0.08	-0.08	7.22272971198401e-09	1.77024052114727e-09	-1.77024052114727e-09
47.6010000300407	0.08	-0.08	9.32581919201614e-09	1.99905125616098e-09	-1.99905125616098e-09
47.7610000264645	0.08	-0.08	7.28899499779364e-09	2.06101291138833e-09	-2.06101291138833e-09
47.9810000252724	0.14	-0.14	8.45654952368062e-09	1.6631986983947e-09	-1.6631986983947e-09
48.1610000324249	0.04	-0.04	1.5166309967636e-08	3.32090397597764e-09	-3.32090397597764e-09
48.2410000157356	0.04	-0.04	1.33996008470651e-08	3.32543937922605e-09	-3.32543937922605e-09
48.4010000220935	0.12	-0.12	8.11493825980612e-09	2.00595722533662e-09	-2.00595722533662e-09
48.5610000383854	0.04	-0.04	1.70526724375912e-08	3.74056324451067e-09	-3.74056324451067e-09
48.7010000300407	0.1	-0.1	1.09828852095393e-08	2.32909106300007e-09	-2.32909106300007e-09
48.9010000181198	0.1	-0.1	5.0651077441776e-09	2.28186348797942e-09	-2.28186348797942e-09
49.0410000276566	0.04	-0.04	1.91249520608277e-08	3.98434962125847e-09	-3.98434962125847e-09
49.2810000252724	0.2	-0.2	6.53811610090876e-09	1.76058540444671e-09	-1.76058540444671e-09
49.5210000169277	0.04	-0.04	1.82979219325145e-08	4.52498289186656e-09	-4.52498289186656e-09
49.6210000308355	0.06	-0.06	1.41052111093622e-08	4.23091816151478e-09	-4.23091816151478e-09
49.7010000538826	0.02	-0.02	3.59868969503529e-08	7.21178669788354e-09	-7.21178669788354e-09
49.7610000264645	0.04	-0.04	2.30877873566777e-08	5.51497675200863e-09	-5.51497675200863e-09
49.861000020504	0.06	-0.06	2.07215101910685e-08	4.87025168418237e-09	-4.87025168418237e-09
50.0210000228882	0.1	-0.1	2.12976206252449e-08	4.12668338202151e-09	-4.12668338202151e-09
50.2210000228882	0.1	-0.1	1.42834225006724e-08	4.77723342905468e-09	-4.77723342905468e-09
50.3410000395775	0.02	-0.02	5.24812109068545e-08	1.16269277572505e-08	-1.16269277572505e-08
50.4410000187159	0.08	-0.08	1.93448327380063e-08	6.26702597405066e-09	-6.26702597405066e-09
50.5610000383854	0.04	-0.04	4.02968437827314e-08	9.37048558862856e-09	-9.37048558862856e-09
50.7410000242506	0.14	-0.14	2.6622829294831e-08	4.83567364109425e-09	-4.83567364109425e-09
50.9010000419617	0.02	-0.02	4.75437526953688e-08	1.17976512354732e-08	-1.17976512354732e-08
51.0410000276566	0.12	-0.12	2.01167810336054e-08	4.59279384191968e-09	-4.59279384191968e-09
51.2210000149409	0.06	-0.06	2.65419626416075e-08	5.733798000311e-09	-5.733798000311e-09
51.4010000220935	0.12	-0.12	1.37217017459748e-08	3.75528317025767e-09	-3.75528317025767e-09
51.6210000348091	0.1	-0.1	1.66304986231767e-08	3.63884703559098e-09	-3.63884703559098e-09
51.7610000264645	0.04	-0.04	2.34480325246325e-08	5.25794197591401e-09	-5.25794197591401e-09
51.9610000219941	0.16	-0.16	1.06507478650995e-08	2.41112807527458e-09	-2.41112807527458e-09
52.2010000240803	0.08	-0.08	1.39159355712411e-08	3.17280983266407e-09	-3.17280983266407e-09
52.4210000228882	0.14	-0.14	8.52286971204843e-09	2.26966073422633e-09	-2.26966073422633e-09
52.7010000283378	0.14	-0.14	8.85668378941416e-09	2.08988122606901e-09	-2.08988122606901e-09
53.0010000285506	0.16	-0.16	5.72578764367014e-09	1.78754102335871e-09	-1.78754102335871e-09
53.1810000133514	0.02	-0.02	1.89339066506402e-08	4.63740043521007e-09	-4.63740043521007e-09
53.361000020504	0.16	-0.16	6.43169202632489e-09	1.57270539219158e-09	-1.57270539219158e-09
53.6010000300407	0.08	-0.08	8.63826087053581e-09	2.12163812883e-09	-2.12163812883e-09
54.0010000248253	0.32	-0.32	4.83669549917865e-09	9.45210465165296e-10	-9.45210465165296e-10
54.5010000260671	0.18	-0.18	5.35926975965877e-09	1.09261363756315e-09	-1.09261363756315e-09
54.8410000246763	0.16	-0.16	4.61776514995219e-09	1.06406531232833e-09	-1.06406531232833e-09
55.0610000284513	0.06	-0.06	6.96763714744367e-09	1.61691176585399e-09	-1.61691176585399e-09
55.2410000256697	0.12	-0.12	4.86339497125473e-09	1.09584535086435e-09	-1.09584535086435e-09
55.6810000282526	0.08	-0.08	7.45669433142577e-09	1.69338267091321e-09	-1.69338267091321e-09
55.9210000228882	0.16	-0.16	6.72743848294904e-09	1.43695918479413e-09	-1.43695918479413e-09
56.1610000324249	0.08	-0.08	1.08338070243087e-08	2.43850407089682e-09	-2.43850407089682e-09
56.281000007391	0.04	-0.04	1.63685365126596e-08	3.94634797568963e-09	-3.94634797568963e-09
56.4010000270605	0.08	-0.08	1.25290822159026e-08	3.00619128166356e-09	-3.00619128166356e-09
56.5610000234842	0.08	-0.08	1.49483560581254e-08	3.41810939802216e-09	-3.41810939802216e-09
56.7610000264645	0.12	-0.12	1.34074571021616e-08	3.18244477350551e-09	-3.18244477350551e-09
57.0010000260671	0.12	-0.12	1.7900433394312e-08	3.92542127733203e-09	-3.92542127733203e-09
57.361000025471	0.24	-0.24	1.69116517124021e-08	3.59738114578509e-09	-3.59738114578509e-09
57.6210000109673	0.02	-0.02	6.24582275438217e-08	1.52151398451864e-08	-1.52151398451864e-08
57.8210000255373	0.18	-0.18	2.78657974143245e-08	6.06578742393672e-09	-6.06578742393672e-09
58.0610000284513	0.06	-0.06	5.33482140192394e-08	1.29376256903203e-08	-1.29376256903203e-08
58.2410000256697	0.12	-0.12	4.0708543586838e-08	1.03888971990672e-08	-1.03888971990672e-08
58.4210000228882	0.06	-0.06	7.5834632392224e-08	1.70602493837597e-08	-1.70602493837597e-08
58.6010000300407	0.12	-0.12	3.72495562408386e-08	1.05176727564322e-08	-1.05176727564322e-08
58.8210000228882	0.1	-0.1	3.9387635958475e-08	8.44673253592032e-09	-8.44673253592032e-09
58.9810000252724	0.06	-0.06	3.88036848006194e-08	8.86426363331424e-09	-8.86426363331424e-09
59.0610000085831	0.02	-0.02	5.71328952847875e-08	1.37049049825889e-08	-1.37049049825889e-08
59.4010000270605	0.32	-0.32	9.9067557751809e-09	2.0452295162789e-09	-2.0452295162789e-09
59.8010000181198	0.08	-0.08	9.61441828958628e-09	2.29663002921991e-09	-2.29663002921991e-09
60.0810000252724	0.2	-0.2	4.86746830655112e-09	9.80368635271187e-10	-9.80368635271187e-10
60.3210000288487	0.04	-0.04	9.40672664932315e-09	2.13693205901345e-09	-2.13693205901345e-09
60.5010000232288	0.14	-0.14	3.67851315773235e-09	1.17268336360512e-09	-1.17268336360512e-09
60.8010000255704	0.16	-0.16	4.89884915949098e-09	1.16309219441797e-09	-1.16309219441797e-09
61.0610000324249	0.1	-0.1	6.26585272765625e-09	1.54963397965688e-09	-1.54963397965688e-09
61.361000020504	0.2	-0.2	5.65557396585351e-09	1.18236632099923e-09	-1.18236632099923e-09
61.6210000308355	0.06	-0.06	9.19871078717939e-09	2.28823390215891e-09	-2.28823390215891e-09
61.9210000278552	0.24	-0.24	6.39956105800042e-09	1.20709054429231e-09	-1.20709054429231e-09
62.2410000157356	0.08	-0.08	1.06175909991167e-08	2.49918996786526e-09	-2.49918996786526e-09
62.4810000252724	0.16	-0.16	6.98548095201437e-09	2.27831497211559e-09	-2.27831497211559e-09
62.7010000340144	0.06	-0.06	2.30611897410595e-08	4.73845534646834e-09	-4.73845534646834e-09
62.861000020504	0.1	-0.1	1.40226567920369e-08	4.1956816648971e-09	-4.1956816648971e-09
63.0610000324249	0.1	-0.1	2.1145098739431e-08	5.28036275536318e-09	-5.28036275536318e-09
63.3810000231049	0.22	-0.22	2.2334485113693e-08	5.03901959203071e-09	-5.03901959203071e-09
63.6610000324249	0.06	-0.06	5.65197978220181e-08	1.28399159694527e-08	-1.28399159694527e-08
63.7810000173251	0.06	-0.06	3.65567419463767e-08	1.41243781346641e-08	-1.41243781346641e-08
63.9410000276566	0.1	-0.1	3.67794137136629e-08	8.60302049393814e-09	-8.60302049393814e-09
64.0810000193119	0.04	-0.04	4.74915197705053e-08	1.1193383025839e-08	-1.1193383025839e-08
64.4210000268618	0.3	-0.3	1.12273565952706e-08	2.31167421792403e-09	-2.31167421792403e-09
64.7810000173251	0.06	-0.06	1.16791477909654e-08	2.90288912319403e-09	-2.90288912319403e-09
64.9610000244776	0.12	-0.12	6.14724818668151e-09	1.52246292088428e-09	-1.52246292088428e-09
65.2010000240803	0.12	-0.12	3.98017554712858e-09	1.06938396301019e-09	-1.06938396301019e-09
65.4010000270605	0.08	-0.08	3.86582533133109e-09	9.60189662654661e-10	-9.60189662654661e-10
65.5810000252724	0.1	-0.1	2.65302685632826e-09	6.48890170451765e-10	-6.48890170451765e-10
66.0210000256931	0.34	-0.34	1.95161399551505e-09	4.15225340868323e-10	-4.15225340868323e-10
66.4010000121593	0.04	-0.04	1.04030014480398e-08	2.27095462857509e-09	-2.27095462857509e-09
66.5410000276566	0.1	-0.1	6.16109363192286e-09	1.84586273382912e-09	-1.84586273382912e-09
66.7410000276566	0.1	-0.1	1.06509567904381e-08	2.58499849160436e-09	-2.58499849160436e-09
67.0010000285506	0.16	-0.16	1.28562981819893e-08	3.07851401618511e-09	-3.07851401618511e-09
67.5010000061989	0.02	-0.02	8.6260445371176e-08	1.99978134629502e-08	-1.99978134629502e-08
67.7210000288486	0.2	-0.2	3.68184126433649e-08	9.35136053783679e-09	-9.35136053783679e-09
68.1210000228882	0.2	-0.2	3.42865109351679e-08	7.9534650511243e-09	-7.9534650511243e-09
68.361000020504	0.04	-0.04	5.88363992846778e-08	1.45593972216494e-08	-1.45593972216494e-08
69.1210000258684	0.72	-0.72	1.40547264232876e-08	2.70775163630561e-09	-2.70775163630561e-09
70.2410000246763	0.4	-0.4	1.16284601397224e-08	2.187600434709e-09	-2.187600434709e-09
70.8410000276565	0.2	-0.2	1.02539815336403e-08	2.35736670797088e-09	-2.35736670797088e-09
71.1610000224908	0.12	-0.12	1.10076368829853e-08	2.71495778285925e-09	-2.71495778285925e-09
71.6810000252724	0.4	-0.4	4.97814203060901e-09	1.2288632630008e-09	-1.2288632630008e-09
72.1610000324249	0.08	-0.08	1.21581442314542e-08	2.86469960774043e-09	-2.86469960774043e-09
72.8810000237822	0.64	-0.64	4.82362543506659e-09	1.10674166187827e-09	-1.10674166187827e-09
73.6810000282526	0.16	-0.16	9.89460673182109e-09	2.31898859726193e-09	-2.31898859726193e-09
74.2410000157356	0.08	-0.08	1.39558160311722e-08	3.46344525100892e-09	-3.46344525100892e-09
74.7410000270889	0.42	-0.42	8.27053771596431e-09	1.63891401420229e-09	-1.63891401420229e-09
75.3010000181198	0.14	-0.14	1.26510656794092e-08	2.93967681799604e-09	-2.93967681799604e-09
75.7410000276566	0.3	-0.3	8.620694526506e-09	2.07843925504926e-09	-2.07843925504926e-09
77.2810000246956	1.24	-1.24	5.27831940505857e-09	1.22203655662978e-09	-1.22203655662978e-09
78.8410000284016	0.32	-0.32	1.47947599235916e-08	3.5294976738646e-09	-3.5294976738646e-09
79.1810000133514	0.02	-0.02	7.00952332894241e-08	1.64266390188204e-08	-1.64266390188204e-08
79.4410000236829	0.24	-0.24	1.99708708833968e-08	4.93854762308178e-09	-4.93854762308178e-09
80.0610000242685	0.38	-0.38	2.0803107672795e-08	4.883049574949e-09	-4.883049574949e-09
80.8210000272801	0.38	-0.38	1.34104735285021e-08	6.37012007950765e-09	-6.37012007950765e-09
81.4010000240803	0.2	-0.2	4.36969932454298e-08	1.06870188623729e-08	-1.06870188623729e-08
82.7410000251469	1.14	-1.14	1.85086517311131e-08	7.11316085484201e-09	-7.11316085484201e-09
85.0210000258162	1.14	-1.14	4.02252497997487e-08	1.00478427543735e-08	-1.00478427543735e-08
86.2210000149409	0.06	-0.06	1.53764447473373e-07	3.39676671171145e-08	-3.39676671171145e-08
86.5810000252724	0.3	-0.3	6.90199012406515e-08	1.51661981440563e-08	-1.51661981440563e-08
87.7010000248072	0.82	-0.82	3.04167074428243e-08	7.39660945153158e-09	-7.39660945153158e-09
89.7610000255032	1.24	-1.24	1.79578566266758e-08	4.22434279485138e-09	-4.22434279485138e-09
92.2410000253494	1.24	-1.24	1.17612815062743e-08	2.73572776773445e-09	-2.73572776773445e-09
93.8810000252724	0.4	-0.4	1.53883850234698e-08	3.7189326773098e-09	-3.7189326773098e-09
94.4410000261664	0.16	-0.16	2.53541920953767e-08	5.57451395492123e-09	-5.57451395492123e-09
95.8210000254288	1.22	-1.22	7.61492597600469e-09	1.89784807107787e-09	-1.89784807107787e-09
98.2610000249989	1.22	-1.22	4.29780461699609e-09	1.69900702951138e-09	-1.69900702951138e-09
99.5410000276566	0.06	-0.06	2.98251722319198e-08	7.20225501698553e-09	-7.20225501698553e-09
100.281000024922	0.68	-0.68	6.6342449792525e-09	2.09285811977003e-09	-2.09285811977003e-09
101.301000025132	0.34	-0.34	1.25377291839043e-08	2.87487765347782e-09	-2.87487765347782e-09
105.121000025355	3.48	-3.48	3.50234601342413e-09	7.43211449498791e-10	-7.43211449498791e-10
130.201000025295	21.5999999999996	-21.5999999999996	1.4119177689744e-09	2.66078204928065e-10	-2.66078204928065e-10
159.001000025238	7.19999999999993	-7.19999999999993	1.29634716830394e-08	2.82221045817218e-09	-2.82221045817218e-09
NO NO NO NO NO NO
! xrtpcflux_nosys
588.268	39.599	-28.098	1.44483167642437e-10	3.26952336203385e-11	-3.26952336203385e-11
662.957	35.114	-35.09	1.11881613805148e-10	2.52736936624543e-11	-2.52736936624543e-11
752.379	51.000	-54.307	4.20196331504312e-11	9.30929431765886e-12	-9.30929431765886e-12
878.103	98.280	-74.724	2.4450132094803e-11	5.58466942364225e-12	-5.58466942364225e-12
1113.611	126.040	-137.228	1.6807604946809e-11	3.7580444573119e-12	-3.7580444573119e-12
1433.871	216.975	-194.219	1.46059846488427e-11	2.81525182353367e-12	-2.81525182353367e-12
5100.367	201.579	-197.082	5.12174162920176e-12	1.17556260261915e-12	-1.17556260261915e-12
7050.769	337.378	-312.013	3.44528880697876e-12	7.65321352927713e-13	-7.65321352927713e-13
12965.973	4222.813	-2348.237	2.12459399439958e-12	3.73202883650126e-13	-3.73202883650126e-13
22720.453	554.207	-569.063	1.4002490168326e-12	3.82947862066379e-13	-3.82947862066379e-13
49721.762	3581.618	-4697.482	5.95282510322778e-13	1.57187190502131e-13	-1.57187190502131e-13
56873.326	591.511	-378.814	1.14859030807675e-12	8.79127455732607e-13	-5.92082075941066e-13
