## BAT - batSNR4flux
0.360999984741211	0.2	-0.2	7.42105619143424e-09	1.40583014752069e-09	-1.40583014752069e-09
0.601000000238419	0.04	-0.04	1.74078003049994e-08	4.26213485713035e-09	-4.26213485713035e-09
0.760999986728032	0.12	-0.12	9.43134583669355e-09	3.21907023883774e-09	-3.21907023883774e-09
1.00099998633067	0.12	-0.12	1.83322096306282e-08	4.17806927270007e-09	-4.17806927270007e-09
1.20099999427795	0.08	-0.08	2.58286931368765e-08	6.21452059321103e-09	-6.21452059321103e-09
1.36099997580051	0.08	-0.08	2.02628961459215e-08	7.8699027116676e-09	-7.8699027116676e-09
1.48099999547005	0.04	-0.04	5.45325249122353e-08	1.31244909518045e-08	-1.31244909518045e-08
1.7209999871254	0.2	-0.2	3.62138959039236e-08	8.25710733177495e-09	-8.25710733177495e-09
1.96099998474121	0.04	-0.04	1.10991252057195e-07	2.69510342752631e-08	-2.69510342752631e-08
2.18099998686049	0.18	-0.18	6.76874511906989e-08	1.6126784299577e-08	-1.6126784299577e-08
2.42099998315175	0.06	-0.06	1.48025784223109e-07	3.53931938733559e-08	-3.53931938733559e-08
2.6609999926885	0.18	-0.18	1.13849485221699e-07	2.84755515986053e-08	-2.84755515986053e-08
2.90099998235703	0.06	-0.06	3.12638616669321e-07	7.10040562765427e-08	-7.10040562765427e-08
3.06099998474121	0.1	-0.1	2.02438568331599e-07	6.36043525830686e-08	-6.36043525830686e-08
3.26099998474121	0.1	-0.1	2.43197980599619e-07	5.58032629764153e-08	-5.58032629764153e-08
3.50099998916898	0.14	-0.14	9.73265115075259e-08	4.1558210439624e-08	-4.1558210439624e-08
3.80099998831749	0.16	-0.16	1.48623841109404e-07	3.3234278329918e-08	-3.3234278329918e-08
4.06099998474121	0.1	-0.1	1.48403685245615e-07	3.61647540374355e-08	-3.61647540374355e-08
4.40099998732408	0.24	-0.24	9.15686400298896e-08	2.23803068511156e-08	-2.23803068511156e-08
4.76099998672803	0.12	-0.12	1.91934268462937e-07	4.54747576291829e-08	-4.54747576291829e-08
5.00099998633067	0.12	-0.12	1.85281393569832e-07	5.60452445484237e-08	-5.60452445484237e-08
5.2409999859333	0.12	-0.12	3.07049401920375e-07	7.30527137307702e-08	-7.30527137307702e-08
5.38100000143051	0.02	-0.02	8.82024247454337e-07	2.15566058307224e-07	-2.15566058307224e-07
5.84099998810074	0.44	-0.44	3.67245092121911e-07	6.74184983477718e-08	-6.74184983477718e-08
6.320999969244	0.04	-0.04	1.45138139060602e-06	3.37267044959168e-07	-3.37267044959168e-07
6.50099998916898	0.14	-0.14	6.90143618261788e-07	1.68119791775625e-07	-1.68119791775625e-07
6.92099998882838	0.28	-0.28	4.15215107336967e-07	9.44853755761012e-08	-9.44853755761012e-08
7.4809999869551	0.28	-0.28	2.93330268903351e-07	7.04531038355812e-08	-7.04531038355812e-08
7.86099998474121	0.1	-0.1	4.27893440781214e-07	9.76304114964027e-08	-9.76304114964027e-08
8.36099998772144	0.4	-0.4	1.52554755904364e-07	3.87441919199477e-08	-3.87441919199477e-08
8.82099997917811	0.06	-0.06	3.23205423833051e-07	8.0599072148449e-08	-8.0599072148449e-08
9.36099998325109	0.16	-0.16	1.8925873582813e-07	4.33253538076921e-08	-4.33253538076921e-08
9.84099998742342	0.32	-0.32	1.09796471868655e-07	2.87908033546581e-08	-2.87908033546581e-08
10.5009999886681	0.34	-0.34	1.14794584454667e-07	2.64154969843019e-08	-2.64154969843019e-08
11.0609999869086	0.22	-0.22	1.32763342765772e-07	3.03524269453134e-08	-3.03524269453134e-08
11.400999982357	0.12	-0.12	1.61393982466884e-07	3.8857548036332e-08	-3.8857548036332e-08
11.6409999918938	0.12	-0.12	8.20703744269474e-08	3.64008670988375e-08	-3.64008670988375e-08
11.8209999791781	0.06	-0.06	2.74322680402597e-07	5.42470732223674e-08	-5.42470732223674e-08
12.0009999863307	0.12	-0.12	1.69818931998058e-07	3.80539157493379e-08	-3.80539157493379e-08
12.2409999859333	0.12	-0.12	1.11008299640666e-07	3.51622012247832e-08	-3.51622012247832e-08
12.400999982357	0.04	-0.04	2.6119565030823e-07	5.82650271894418e-08	-5.82650271894418e-08
12.9409999871254	0.5	-0.5	7.66685977075482e-08	1.54780935534185e-08	-1.54780935534185e-08
13.6009999927878	0.16	-0.16	1.22395914770375e-07	2.76406538521377e-08	-2.76406538521377e-08
13.7809999775887	0.02	-0.02	3.47887542194799e-07	8.20040312419781e-08	-8.20040312419781e-08
13.9209999831518	0.12	-0.12	9.14490487964441e-08	3.02483260593926e-08	-3.02483260593926e-08
14.1609999926885	0.12	-0.12	1.22011084005172e-07	3.02230508522909e-08	-3.02230508522909e-08
14.400999982357	0.12	-0.12	1.04623584492857e-07	3.00598103961113e-08	-3.00598103961113e-08
14.5809999895096	0.06	-0.06	1.87280696853204e-07	4.11722625865521e-08	-4.11722625865521e-08
14.8209999858008	0.18	-0.18	7.2341307692901e-08	2.46846338611755e-08	-2.46846338611755e-08
15.0409999978542	0.04	-0.04	2.04327751326202e-07	4.8613974126497e-08	-4.8613974126497e-08
15.1809999895096	0.1	-0.1	1.58609124764057e-07	3.29327256884547e-08	-3.29327256884547e-08
15.4809999835491	0.2	-0.2	8.83518494088744e-08	2.25537791806229e-08	-2.25537791806229e-08
15.7409999958674	0.06	-0.06	1.82682359398397e-07	4.18222983594504e-08	-4.18222983594504e-08
15.9409999867848	0.14	-0.14	1.0627836124203e-07	2.5975035783696e-08	-2.5975035783696e-08
16.2409999859333	0.16	-0.16	7.24433986726132e-08	2.40169496296261e-08	-2.40169496296261e-08
16.5609999862313	0.16	-0.16	1.03106667340862e-07	2.44361223770922e-08	-2.44361223770922e-08
17.1009999861215	0.38	-0.38	6.10604649036179e-08	1.52065236521161e-08	-1.52065236521161e-08
17.7209999901056	0.24	-0.24	8.84990165583396e-08	1.87486574611596e-08	-1.87486574611596e-08
18.0809999895096	0.12	-0.12	1.04941561466913e-07	2.60655837531293e-08	-2.60655837531293e-08
18.3209999791781	0.12	-0.12	8.41979659679387e-08	2.69073799428488e-08	-2.69073799428488e-08
18.5609999887149	0.12	-0.12	1.10893607823713e-07	2.72955804838091e-08	-2.72955804838091e-08
18.9209999881188	0.24	-0.24	9.55093224946986e-08	2.19831188164769e-08	-2.19831188164769e-08
19.2809999875228	0.12	-0.12	1.47396608051286e-07	3.29381377059978e-08	-3.29381377059978e-08
20.0409999829531	0.08	-0.08	2.17994873536695e-07	5.39911117529277e-08	-5.39911117529277e-08
20.5209999871254	0.4	-0.4	1.30348177359098e-07	2.61934775783668e-08	-2.61934775783668e-08
21.0209999871254	0.1	-0.1	2.66703892144549e-07	5.79540858197622e-08	-5.79540858197622e-08
21.2809999850392	0.16	-0.16	1.74470007380442e-07	5.21219685605136e-08	-5.21219685605136e-08
21.5009999863307	0.06	-0.06	4.67464740980294e-07	9.0703647430556e-08	-9.0703647430556e-08
21.700999994278	0.14	-0.14	1.45162197019857e-07	6.526978137971e-08	-6.526978137971e-08
21.9809999826976	0.14	-0.14	3.07401008306756e-07	7.05648463534993e-08	-7.05648463534993e-08
22.5809999895096	0.18	-0.18	2.81417415156536e-07	6.89976724017457e-08	-6.89976724017457e-08
22.8609999847412	0.1	-0.1	4.16311364008957e-07	1.01979705429728e-07	-1.01979705429728e-07
23.4809999863001	0.52	-0.52	2.47734480197298e-07	5.40184352443503e-08	-5.40184352443503e-08
24.2609999874922	0.26	-0.26	2.48297174716598e-07	6.04537798562849e-08	-6.04537798562849e-08
25.5609999868044	1.04	-1.04	8.94551133602843e-08	1.67942614530204e-08	-1.67942614530204e-08
26.6409999918938	0.04	-0.04	2.08657710834436e-07	5.21111288562982e-08	-5.21111288562982e-08
27.0809999865293	0.4	-0.4	5.42704202700338e-08	1.36602733222327e-08	-1.36602733222327e-08
27.6809999895096	0.2	-0.2	5.8364628853049e-08	1.45479358962676e-08	-1.45479358962676e-08
28.440999981463	0.16	-0.16	5.03260666921835e-08	1.19237227754332e-08	-1.19237227754332e-08
28.8209999882091	0.22	-0.22	3.57226696498056e-08	8.39747057978724e-09	-8.39747057978724e-09
29.600999987466	0.56	-0.56	1.41553375788147e-08	3.65893026683188e-09	-3.65893026683188e-09
30.4409999867848	0.28	-0.28	1.55735311697903e-08	3.48774256183274e-09	-3.48774256183274e-09
31.3809999869809	0.66	-0.66	6.51650597858589e-09	1.53348798885341e-09	-1.53348798885341e-09
33.3609999870893	1.32	-1.32	5.61859948826706e-09	1.20046746685444e-09	-1.20046746685444e-09
35.3409999871976	0.66	-0.66	1.10709678820682e-08	2.4326850534856e-09	-2.4326850534856e-09
36.9809999875633	0.980000000000001	-0.980000000000001	7.86495888303939e-09	2.60601374372466e-09	-2.60601374372466e-09
38.9609999871254	1	-1	1.55238149542437e-08	3.699522147445e-09	-3.699522147445e-09
40.6209999874866	0.66	-0.66	2.55826085646388e-08	6.15788399443623e-09	-6.15788399443623e-09
41.9409999857527	0.66	-0.66	3.09644351927268e-08	7.73658394406056e-09	-7.73658394406056e-09
44.9409999875127	2.34	-2.34	1.78929860953636e-08	3.18080229805376e-09	-3.18080229805376e-09
48.0609999871865	0.78	-0.78	1.52874877065201e-08	3.45624353655314e-09	-3.45624353655314e-09
51.2809999868715	2.44	-2.44	6.70761759876536e-09	1.2295921468667e-09	-1.2295921468667e-09
53.8009999883175	0.08	-0.08	2.08902804309743e-08	4.74484797059571e-09	-4.74484797059571e-09
55.1609999867901	1.28	-1.28	3.54833649452824e-09	9.67867404452284e-10	-9.67867404452284e-10
57.0809999876469	0.64	-0.64	4.63708563492344e-09	1.06845395748215e-09	-1.06845395748215e-09
60.4009999872502	2.68	-2.68	1.97334787498131e-09	4.24469874210724e-10	-4.24469874210724e-10
63.2809999835491	0.2	-0.2	7.84877892802481e-09	1.79439777349814e-09	-1.79439777349814e-09
64.7609999873489	1.28	-1.28	2.7858056400509e-09	7.70556392775074e-10	-7.70556392775074e-10
66.6809999872744	0.64	-0.64	5.01685380781032e-09	1.19514513166857e-09	-1.19514513166857e-09
73.2009999871825	5.87999999999996	-5.87999999999996	1.9700639838604e-09	5.50783862082325e-10	-5.50783862082325e-10
84.9609999871744	5.87999999999996	-5.87999999999996	4.63876627332133e-09	1.02980475553127e-09	-1.02980475553127e-09
112.700999987081	21.8599999999996	-21.8599999999996	2.14644804603373e-09	4.0481906611275e-10	-4.0481906611275e-10

## XRT - xrtwtflux
112.108	0.298	-0.266	1.01908379707719e-08	1.55034455166412e-09	-1.55061477034268e-09
112.754	0.337	-0.348	1.32888352045601e-08	1.64578818585397e-09	-1.64621528109035e-09
113.379	0.334	-0.289	1.54378580859617e-08	1.91193637839483e-09	-1.91241270930186e-09
114.043	0.320	-0.329	1.56822068481101e-08	1.94219418613085e-09	-1.94264804259905e-09
114.678	0.330	-0.316	1.60083905790978e-08	1.95578170463765e-09	-1.95624489316943e-09
115.321	0.332	-0.312	1.47197644214744e-08	1.83376191588144e-09	-1.83420851463769e-09
115.926	0.244	-0.274	1.15849044557869e-08	1.72700234453895e-09	-1.72727885519256e-09
116.498	0.279	-0.328	9.76533632586266e-09	1.48560426838719e-09	-1.48581532082832e-09
117.072	0.333	-0.295	1.43017209683598e-08	1.74727067569828e-09	-1.74767062229084e-09
117.731	0.389	-0.326	1.16118859858957e-08	1.47235672690763e-09	-1.47268421159952e-09
118.375	0.257	-0.255	1.09528127305695e-08	1.66625829198506e-09	-1.66651284280617e-09
118.937	0.346	-0.305	1.26364617412931e-08	1.54382875911782e-09	-1.54421994489443e-09
119.624	0.293	-0.34	1.42958614885309e-08	1.77050395602913e-09	-1.77095011462925e-09
120.222	0.250	-0.305	1.23125933930643e-08	1.87312807006379e-09	-1.87345364658413e-09
120.766	0.327	-0.294	1.20403976775154e-08	1.79490834781031e-09	-1.79522860789997e-09
121.352	0.273	-0.259	1.33303859679613e-08	2.02796062359074e-09	-2.02827052067179e-09
121.906	0.413	-0.281	1.4041940646939e-08	1.76915389960298e-09	-1.76953578520398e-09
122.639	0.252	-0.321	1.19628690659749e-08	1.85757998956381e-09	-1.8578395610375e-09
123.192	0.286	-0.301	1.21778964005393e-08	1.81540372852541e-09	-1.81571014326396e-09
123.764	0.243	-0.285	1.28823648063601e-08	1.92042602271465e-09	-1.92077331419297e-09
124.329	0.305	-0.321	1.30267214961295e-08	1.72547160852594e-09	-1.72586459307514e-09
124.938	0.242	-0.304	1.17812770556147e-08	1.79229485963685e-09	-1.79257752444141e-09
125.496	0.331	-0.317	1.06454169001783e-08	1.58695233783649e-09	-1.58722105789575e-09
126.071	0.281	-0.244	1.36709614877134e-08	2.03797610533773e-09	-2.03829531768764e-09
126.603	0.274	-0.251	1.32482791459931e-08	2.01546802830717e-09	-2.01576194046266e-09
127.092	0.287	-0.215	1.3963102721068e-08	2.10006945071345e-09	-2.1003959438963e-09
127.668	0.266	-0.289	1.23129448166544e-08	1.83553585989449e-09	-1.83584272032187e-09
128.274	0.279	-0.34	1.08374753136467e-08	1.61557995273286e-09	-1.61584012133976e-09
128.871	0.306	-0.318	1.04320528153722e-08	1.55514176374053e-09	-1.55538638405838e-09
129.515	0.260	-0.338	9.5255342845585e-09	1.57472495569837e-09	-1.57492480170642e-09
130.064	0.289	-0.289	1.0156108708447e-08	1.51400555876917e-09	-1.51423925301653e-09
130.593	0.273	-0.239	1.2444184038946e-08	1.8550954670868e-09	-1.85537523597793e-09
131.144	0.375	-0.278	1.09590616999702e-08	1.66720726763921e-09	-1.66744449522009e-09
131.781	0.266	-0.262	1.50891006140981e-08	2.24937933829534e-09	-2.24970314662916e-09
132.310	0.255	-0.263	1.44953261728033e-08	2.13724686325567e-09	-2.13755699632853e-09
132.892	0.330	-0.327	1.00584455159087e-08	1.5301962345342e-09	-1.53041658763153e-09
133.521	0.364	-0.299	1.00443090344358e-08	1.497339011506e-09	-1.49756639515232e-09
134.130	0.267	-0.245	1.34533651809082e-08	2.04667036323305e-09	-2.0469934741553e-09
134.811	0.492	-0.414	7.7908977996243e-09	1.23503664251644e-09	-1.23521944434732e-09
135.665	0.319	-0.363	1.03631198058364e-08	1.5448652050253e-09	-1.54510033005476e-09
136.307	0.330	-0.323	1.04304039692926e-08	1.55489620316175e-09	-1.55514105446492e-09
136.946	0.257	-0.309	1.30082164312475e-08	1.93917879264294e-09	-1.9394764605753e-09
137.558	0.378	-0.355	1.15142808157294e-08	1.7164737512479e-09	-1.71674770371514e-09
138.287	0.292	-0.351	1.39153142844915e-08	2.0744073927166e-09	-2.07475243871143e-09
138.903	0.348	-0.325	1.18732152545879e-08	1.76998137688137e-09	-1.77026845149679e-09
139.536	0.262	-0.286	1.30361782945174e-08	1.98320602960404e-09	-1.98353790477728e-09
140.155	0.404	-0.356	9.80516093177875e-09	1.46169237343895e-09	-1.46194450524435e-09
140.918	0.313	-0.359	1.09263420181461e-08	1.73207486683849e-09	-1.73231855731464e-09
141.567	0.337	-0.336	1.27749402273285e-08	1.90440349057102e-09	-1.9046948179384e-09
142.220	0.353	-0.316	1.44203415052878e-08	2.19377443567549e-09	-2.19410255539551e-09
142.976	0.411	-0.404	1.18447594251334e-08	1.76574301339275e-09	-1.76604899832223e-09
143.869	0.456	-0.482	8.98001265635325e-09	1.36613713525637e-09	-1.36636061623027e-09
144.721	0.351	-0.396	1.01642905426106e-08	1.51522868259763e-09	-1.51548242902773e-09
145.493	0.358	-0.421	8.73225909461115e-09	1.30175240797548e-09	-1.30198812171641e-09
146.242	0.419	-0.39	7.56804231489019e-09	1.12819826668463e-09	-1.12840330457427e-09
147.009	0.280	-0.348	9.78032264843503e-09	1.4579968000178e-09	-1.45829483922329e-09
147.664	0.388	-0.375	8.06537418064875e-09	1.20234153867993e-09	-1.2025840496622e-09
148.429	0.322	-0.377	8.69569074741661e-09	1.32289067089971e-09	-1.32315459866677e-09
149.215	0.378	-0.463	7.35921256335364e-09	1.09707179213326e-09	-1.09729851606636e-09
149.954	0.420	-0.361	7.95313912863522e-09	1.18560768308111e-09	-1.18583249622179e-09
150.809	0.405	-0.435	7.56048717247546e-09	1.1739874825329e-09	-1.17417859167287e-09
151.760	0.381	-0.546	7.7068740318991e-09	1.14889721884601e-09	-1.14912252562351e-09
152.554	0.415	-0.414	9.1431917145106e-09	1.36302093431724e-09	-1.36331925240804e-09
153.344	0.426	-0.374	9.41550365927438e-09	1.40361789720501e-09	-1.40393629432974e-09
154.103	0.324	-0.332	1.12321817492333e-08	1.70876877713655e-09	-1.70908936018396e-09
154.822	0.411	-0.395	1.02679844973702e-08	1.56208766902097e-09	-1.56240281873004e-09
155.692	0.539	-0.459	1.02672272579637e-08	1.53058846168474e-09	-1.53093340836007e-09
156.668	0.376	-0.437	1.285542350141e-08	1.9164257909924e-09	-1.91686760190888e-09
157.436	0.382	-0.392	1.23667254330688e-08	1.84357071191735e-09	-1.84398461723577e-09
158.356	0.513	-0.539	8.13191224039796e-09	1.23712184632923e-09	-1.23736548878107e-09
159.364	0.399	-0.494	8.80726987118632e-09	1.31294722382504e-09	-1.31325571266281e-09
160.200	0.443	-0.437	8.23993409336162e-09	1.22837293309379e-09	-1.22866903987922e-09
161.189	0.513	-0.546	6.15248541967819e-09	9.35995440474986e-10	-9.36217360634006e-10
162.242	0.661	-0.54	4.99091479900435e-09	7.44023074849869e-10	-7.44199819486279e-10
163.506	0.568	-0.604	5.67235432416558e-09	8.62957278752645e-10	-8.63187735453647e-10
164.514	0.447	-0.439	9.08891191848026e-09	1.35494295296302e-09	-1.35530760302941e-09
165.425	0.388	-0.464	1.0527758591941e-08	1.60162582440439e-09	-1.60204045400774e-09
166.506	0.772	-0.693	6.12741436055358e-09	9.32188177360092e-10	-9.32440743217945e-10
167.900	0.562	-0.623	7.45360290528493e-09	1.11115872398978e-09	-1.11146570684245e-09
169.038	0.499	-0.575	6.81060609991638e-09	1.01530816574626e-09	-1.015611056385e-09
169.922	0.492	-0.385	7.2170425526251e-09	1.07590418168235e-09	-1.07624722722433e-09
171.089	0.748	-0.675	4.38955025009848e-09	6.54385073270873e-10	-6.54587760801137e-10
172.357	0.650	-0.519	5.86762669143414e-09	8.92671830454028e-10	-8.92938935618809e-10
173.541	0.522	-0.535	7.01816999069722e-09	1.0677072177775e-09	-1.06801719071514e-09
174.878	0.725	-0.815	4.40213109841966e-09	6.69719322363129e-10	-6.69923134773733e-10
176.362	0.589	-0.758	4.42645012433005e-09	7.01712044408003e-10	-7.01904994884935e-10
177.611	0.723	-0.661	4.29935441992346e-09	6.81565773548913e-10	-6.81760018247634e-10
179.003	0.621	-0.669	5.04392461089008e-09	7.51944008109989e-10	-7.52200819813873e-10
180.187	0.590	-0.563	5.83590379395045e-09	8.70007520758354e-10	-8.70289363760023e-10
181.351	0.641	-0.574	5.46271103161006e-09	8.3106999439096e-10	-8.31319462948149e-10
182.673	0.620	-0.681	5.19237126075942e-09	7.74070684269927e-10	-7.74321461627825e-10
184.003	0.943	-0.71	3.98540344967664e-09	5.94143026554688e-10	-5.94354329485655e-10
185.639	0.828	-0.693	4.05182629111544e-09	6.16438787460203e-10	-6.16672672153044e-10
187.108	0.526	-0.641	5.26701325011034e-09	7.85207281683812e-10	-7.85494347466551e-10
188.336	0.725	-0.702	4.25344831765793e-09	6.34107348482132e-10	-6.34347586772589e-10
189.625	0.545	-0.564	5.23985754809045e-09	8.13680957017e-10	-8.13979435315956e-10
190.893	0.577	-0.723	4.5744028554475e-09	6.95936855386503e-10	-6.96180734852457e-10
192.131	0.768	-0.661	4.22782356688716e-09	6.70235419696742e-10	-6.70459462080934e-10
193.533	0.801	-0.635	4.57140206069286e-09	6.95480664325147e-10	-6.95725887901002e-10
195.207	0.794	-0.873	4.60339755946079e-09	7.00347526209924e-10	-7.00591125295917e-10
196.640	0.603	-0.639	7.14988296676219e-09	1.11026974267482e-09	-1.1106351634048e-09
198.209	1.094	-0.966	4.32177481780738e-09	6.44295368637475e-10	-6.4454556087253e-10
200.095	0.971	-0.792	3.7117815644044e-09	5.88430688888828e-10	-5.88637475622287e-10
201.864	0.699	-0.797	4.37527257937115e-09	6.52275675375893e-10	-6.52543909158281e-10
203.395	0.643	-0.832	5.05796678136343e-09	7.85441701931551e-10	-7.85748456614921e-10
204.936	0.896	-0.899	4.35813529845214e-09	6.63041895708357e-10	-6.63298276975533e-10
206.914	0.849	-1.081	3.52424490087668e-09	5.36178788860448e-10	-5.36398647271151e-10
208.571	0.592	-0.808	4.49521496855818e-09	6.98055864435883e-10	-6.98336263061127e-10
210.145	1.082	-0.982	3.55292473026382e-09	5.29677669862331e-10	-5.298935264274e-10
211.868	0.812	-0.641	5.67270848008546e-09	8.63033695129508e-10	-8.63348891523153e-10
213.917	1.023	-1.236	3.48223762469096e-09	5.29782039657238e-10	-5.29981258080792e-10
215.927	1.027	-0.987	3.55333891816693e-09	5.40604658242009e-10	-5.40824597680596e-10
218.018	0.968	-1.064	3.35925357845447e-09	5.32544583859953e-10	-5.32732996970344e-10
220.092	1.121	-1.106	3.22911379259672e-09	5.11911561483957e-10	-5.12086276005075e-10
222.368	1.354	-1.155	3.14241899810536e-09	4.78084901790835e-10	-4.78272626006399e-10
224.915	1.143	-1.193	3.71308553383969e-09	5.53550685964315e-10	-5.53763444943732e-10
227.357	1.485	-1.299	3.02627128417912e-09	4.69939068425238e-10	-4.70107623480796e-10
230.075	0.952	-1.233	3.36152413998089e-09	5.01140211054283e-10	-5.01335576077378e-10
232.605	1.548	-1.578	2.00472056134777e-09	3.04995938389103e-10	-3.0511404205728e-10
235.344	1.221	-1.192	2.69197747421519e-09	4.09557038729643e-10	-4.09722926047968e-10
238.244	1.376	-1.679	2.24071076465332e-09	3.34050669357444e-10	-3.34189214702703e-10
240.955	1.428	-1.335	2.34861514137823e-09	3.64708070525809e-10	-3.64839240000726e-10
245.284	1.792	-2.901	1.72364537535653e-09	2.62231671951394e-10	-2.62327002983245e-10
248.712	1.522	-1.636	1.98864633057806e-09	2.96468159648219e-10	-2.96577960924738e-10
251.895	1.513	-1.661	1.80872421765899e-09	2.80867405074558e-10	-2.8095834946878e-10
255.318	1.837	-1.91	1.48402668023785e-09	2.21237725860493e-10	-2.21314273003143e-10
259.531	2.147	-2.376	1.20094501481654e-09	1.79035027927683e-10	-1.7909281513614e-10
263.816	1.798	-2.139	1.32507370517345e-09	2.10060194046169e-10	-2.10118180988719e-10
267.200	1.540	-1.585	1.67471287836874e-09	2.65487149324478e-10	-2.65559793880197e-10
270.337	2.147	-1.597	1.04800546807689e-09	1.87570311440272e-10	-1.87613418314788e-10
274.347	2.136	-1.863	1.30930575638955e-09	2.1194070798448e-10	-2.12004224067371e-10
278.493	2.207	-2.009	1.34962081835285e-09	2.01202465115308e-10	-2.01278674934407e-10
283.006	1.923	-2.306	1.3550348219263e-09	2.10416370369284e-10	-2.10484751987614e-10
286.948	2.696	-2.019	1.21785645286864e-09	1.92062296198472e-10	-1.92121557686853e-10
291.663	2.382	-2.019	1.42949802566247e-09	2.26034079877558e-10	-2.26102170522933e-10
295.769	2.409	-1.724	9.54562901377059e-10	2.10762968070686e-10	-2.10794771265776e-10
300.614	2.298	-2.436	8.14666757739912e-10	1.53352052007767e-10	-1.53386505023128e-10
305.065	1.702	-2.153	9.1285154614529e-10	1.66670908435396e-10	-1.667150223996e-10
308.830	2.050	-2.062	8.07504960243861e-10	1.56781182383856e-10	-1.56817157994558e-10
313.368	1.931	-2.489	7.05623126741558e-10	1.45946608731748e-10	-1.45973838608272e-10
317.955	2.318	-2.657	6.56235389916629e-10	1.27410740001977e-10	-1.27437355535024e-10
322.609	2.534	-2.336	6.21792416900224e-10	1.37290154514059e-10	-1.37315403111572e-10
327.245	2.091	-2.103	8.16754374582942e-10	1.58577940662438e-10	-1.5861711351842e-10
332.708	2.999	-3.372	5.49242464036468e-10	1.06637880576094e-10	-1.06661127218876e-10
338.749	3.996	-3.043	5.05055271123769e-10	9.80586161167993e-11	-9.80795985430774e-11
345.989	3.549	-3.244	5.45873712463034e-10	1.02754967075355e-10	-1.02778807561768e-10
352.533	4.206	-2.996	5.09538062878835e-10	9.591521474852e-11	-9.59376374370422e-11
358.655	3.301	-1.915	6.93880757144434e-10	1.26690064086555e-10	-1.26721895318164e-10
363.813	2.265	-1.857	8.32429261883848e-10	1.5669593763898e-10	-1.56731951660195e-10
369.850	3.129	-3.772	4.80083952075687e-10	9.03705246182197e-11	-9.03907540285062e-11
375.705	2.829	-2.726	5.76890704913648e-10	1.08592853546045e-10	-1.08615217578678e-10

## XRT - xrtpcflux
396.021	8.568	-11.491	3.0663959881221e-10	6.92510114087773e-11	-6.92510114087773e-11
417.441	12.221	-12.852	2.87031059589539e-10	6.02817721447247e-11	-6.02817721447247e-11
440.413	6.800	-10.751	3.54651790382508e-10	7.98284626896987e-11	-7.98284626896987e-11
458.454	8.818	-11.241	4.01495813899686e-10	7.91408839308251e-11	-7.91408839308251e-11
485.955	16.419	-18.683	2.02827702367477e-10	4.25361919970301e-11	-4.25361919970301e-11
515.880	9.060	-13.506	2.7388622121892e-10	6.13438619389862e-11	-6.13438619389862e-11
543.146	14.389	-18.206	1.92556427418574e-10	4.32707418545376e-11	-4.32707418545376e-11
572.270	15.352	-14.735	2.09787536402552e-10	4.73781008173989e-11	-4.73781008173989e-11
621.639	28.666	-34.016	1.91127505619031e-10	3.11670804930956e-11	-3.11670804930956e-11
3961.207	33.775	-28.907	4.5197006031656e-11	9.96160187501475e-12	-9.96160187501475e-12
4025.782	31.883	-30.799	6.37038459514759e-11	1.43180582680857e-11	-1.43180582680857e-11
4123.047	59.984	-65.381	3.75844868652823e-11	8.51274016756829e-12	-8.51274016756829e-12
4223.868	24.352	-40.838	5.29845107934438e-11	1.1908778994486e-11	-1.1908778994486e-11
4292.940	33.008	-44.719	3.7657277481288e-11	8.05716788574036e-12	-8.05716788574036e-12
4358.621	35.023	-32.674	3.6555736026403e-11	8.20616122253746e-12	-8.20616122253746e-12
4428.191	40.673	-34.547	3.04354848818107e-11	6.85017319008436e-12	-6.85017319008436e-12
4496.004	20.498	-27.141	5.00136059726752e-11	1.09274174374154e-11	-1.09274174374154e-11
4549.801	36.907	-33.298	3.36630624715129e-11	7.54694170585708e-12	-7.54694170585708e-12
4616.258	35.639	-29.551	3.81534366565778e-11	8.56482021668011e-12	-8.56482021668011e-12
4687.466	42.158	-35.569	6.18917118269092e-11	1.35387784749966e-11	-1.35387784749966e-11
4767.139	25.167	-37.516	6.0200578584882e-11	1.32181260025179e-11	-1.32181260025179e-11
4819.109	30.865	-26.803	5.24029492238618e-11	1.17944322999586e-11	-1.17944322999586e-11
4873.519	31.617	-23.544	5.410704136726e-11	1.21461427637255e-11	-1.21461427637255e-11
4925.178	22.581	-20.043	6.63263553688119e-11	1.48503534808766e-11	-1.48503534808766e-11
5001.172	59.416	-53.412	4.41138044300442e-11	7.33484656195296e-12	-7.33484656195296e-12
5946.035	30.746	-39.458	6.04550768524911e-11	1.35534920755962e-11	-1.35534920755962e-11
6016.230	30.756	-39.449	5.62894832127732e-11	1.27193066684712e-11	-1.27193066684712e-11
6107.422	47.379	-60.436	3.22671018774221e-11	7.27200135474974e-12	-7.27200135474974e-12
6186.621	25.848	-31.82	5.47548681433754e-11	1.22916152857861e-11	-1.22916152857861e-11
6249.250	53.482	-36.781	3.42732198668986e-11	7.48832519386813e-12	-7.48832519386813e-12
6358.359	47.171	-55.627	3.52827619252963e-11	7.10842723411365e-12	-7.10842723411365e-12
9758.493	42.669	-60.13	2.59017078042579e-11	5.86892940516174e-12	-5.86892940516174e-12
9836.064	45.332	-34.902	3.61467133293805e-11	7.90765794635326e-12	-7.90765794635326e-12
9941.016	58.224	-59.62	2.98423184783549e-11	6.69936212994908e-12	-6.69936212994908e-12
10050.838	68.752	-51.598	3.76073858416274e-11	8.49862590378472e-12	-8.49862590378472e-12
10174.695	52.710	-55.105	4.65091497063545e-11	1.0482426231111e-11	-1.0482426231111e-11
10304.079	38.661	-76.675	4.64846789360591e-11	1.05891094122837e-11	-1.05891094122837e-11
10391.852	48.674	-49.111	5.00080693654986e-11	1.12561185453742e-11	-1.12561185453742e-11
10493.546	44.764	-53.021	4.56452090945866e-11	1.00233358501958e-11	-1.00233358501958e-11
10591.677	49.433	-53.367	3.58056598438295e-11	8.04870342347216e-12	-8.04870342347216e-12
10698.089	70.894	-56.978	2.55241505726039e-11	5.7451292708928e-12	-5.7451292708928e-12
10865.222	84.283	-96.239	2.94925518206306e-11	5.19189234800751e-12	-5.19189234800751e-12
15507.509	154.949	-85.752	1.28100358093726e-11	2.88618115956466e-12	-2.88618115956466e-12
15753.721	91.771	-91.263	1.75210997280846e-11	3.95763725006314e-12	-3.95763725006314e-12
15963.969	102.165	-118.478	1.52514026192221e-11	3.44204684561782e-12	-3.44204684561782e-12
16197.906	91.379	-131.772	1.60914543004992e-11	3.6224430988851e-12	-3.6224430988851e-12
16386.601	85.717	-97.316	2.03030714040651e-11	4.57827240694612e-12	-4.57827240694612e-12
16578.132	87.249	-105.814	1.46807393772416e-11	3.82905675803715e-12	-3.82905675803715e-12
16801.917	111.687	-136.536	1.19396189341048e-11	3.0422641487459e-12	-3.0422641487459e-12
21311.920	88.462	-127.167	1.48554744600394e-11	3.3440825708636e-12	-3.3440825708636e-12
21484.576	138.956	-84.194	1.28933011725482e-11	3.07600908651586e-12	-3.07600908651586e-12
21765.889	161.027	-142.357	1.08451682245626e-11	2.86060147778169e-12	-2.86060147778169e-12
22052.114	95.445	-125.198	2.09727020400268e-11	5.50069938627946e-12	-5.50069938627946e-12
22362.229	98.743	-214.67	2.08026239164769e-11	5.43768120654491e-12	-5.43768120654491e-12
22703.816	195.936	-242.843	2.54743715446694e-11	5.12740258359946e-12	-5.12740258359946e-12
27212.377	176.261	-227.415	8.55273252473438e-12	2.22694956480697e-12	-2.22694956480697e-12
27561.083	196.130	-172.444	8.79053409876116e-12	2.29932051835992e-12	-2.29932051835992e-12
27895.051	137.965	-137.839	1.08408400033185e-11	2.83376692635684e-12	-2.83376692635684e-12
28209.471	172.061	-176.455	7.91000595403206e-12	2.06227582384699e-12	-2.06227582384699e-12
28516.370	171.054	-134.838	8.48449718138599e-12	2.21349529045434e-12	-2.21349529045434e-12
28851.805	131.481	-164.381	9.82722212393998e-12	2.52541221477582e-12	-2.52541221477582e-12
32938.195	198.667	-172.415	1.36711277392326e-11	3.57094021322092e-12	-3.57094021322092e-12
33387.184	158.368	-250.323	1.37284831982485e-11	3.47163507406002e-12	-3.47163507406002e-12
33706.014	122.864	-160.462	1.6468391581695e-11	4.29881709216208e-12	-4.29881709216208e-12
34054.061	183.508	-225.183	1.00603704639813e-11	2.64145934375631e-12	-2.64145934375631e-12
34439.112	157.003	-201.543	1.00572049741201e-11	2.62697420117713e-12	-2.62697420117713e-12
34884.135	268.601	-288.02	1.00894110458103e-11	2.144901524982e-12	-2.144901524982e-12
63343.547	99.243	-156.503	1.76678161926352e-11	4.62848949555544e-12	-4.62848949555544e-12
63598.394	167.840	-155.604	1.3956976025651e-11	3.64873039484549e-12	-3.64873039484549e-12
64000.299	167.099	-234.065	1.17665981763097e-11	2.99657304934125e-12	-2.99657304934125e-12
68658.997	182.898	-268.419	7.41595922844559e-12	1.93698754339527e-12	-1.93698754339527e-12
69167.418	341.423	-325.523	8.23431237925803e-12	1.6646660023592e-12	-1.6646660023592e-12
80229.224	320.338	-258.849	4.99516077396234e-12	1.27248768861313e-12	-1.27248768861313e-12
87766.196	3822.438	-2050.902	3.59243520881286e-12	6.58613565954546e-13	-6.58613565954546e-13
270515.526	12412.971	-12117.261	8.67669048559545e-13	1.65107248644065e-13	-1.65107248644065e-13
443630.815	52537.844	-33950.409	5.53237960997023e-13	1.26697754355893e-13	-1.26697754355893e-13
645059.332	100769.375	-28260.449	3.24668923419344e-13	8.79603452679822e-14	-8.79603452679822e-14
752998.427	10171.227	-3004.363	2.31476282107168e-13	1.08091167245105e-13	-8.37064857742091e-14
