## BAT - batSNR4flux
0.0610000085830689	0.02	-0.02	1.72871551187079e-07	2.4828707428365e-08	-2.4828707428365e-08
0.121000010967255	0.04	-0.04	5.16051022667579e-08	1.23267364406824e-08	-1.23267364406824e-08
0.621000010967255	0.02	-0.02	7.24350917279679e-08	1.78395983904565e-08	-1.78395983904565e-08
0.661000002622604	0.02	-0.02	8.00077532242127e-08	1.93544341574144e-08	-1.93544341574144e-08
0.721000019907951	0.04	-0.04	4.71115931931108e-08	1.08558001144291e-08	-1.08558001144291e-08
1.54100001313748	0.78	-0.78	1.09363183685984e-08	2.97133823890985e-09	-2.97133823890985e-09
2.42100001096725	0.1	-0.1	1.10109396284308e-07	2.51904535110123e-08	-2.51904535110123e-08
2.56100002348423	0.04	-0.04	6.73740573448251e-08	1.51238625733679e-08	-1.51238625733679e-08
2.62100001096725	0.02	-0.02	5.05317380530879e-08	9.97467872784987e-09	-9.97467872784987e-09
2.6610000026226	0.02	-0.02	3.95057182433647e-08	6.4740143624352e-09	-6.4740143624352e-09
2.70100002408028	0.02	-0.02	2.93735738917091e-08	4.39177469973819e-09	-4.39177469973819e-09
2.74100001573563	0.02	-0.02	2.66885008533636e-08	3.11429407904443e-09	-3.11429407904443e-09
2.78100000739098	0.02	-0.02	1.86231922562413e-08	1.83212929732461e-09	-1.83212929732461e-09
2.82099999904633	0.02	-0.02	8.11348081509372e-09	1.05195507465777e-09	-1.05195507465777e-09
2.861000020504	0.02	-0.02	1.80575549920573e-08	2.07038227563654e-09	-2.07038227563654e-09
2.90100001215935	0.02	-0.02	3.71416780218009e-08	4.86956374319598e-09	-4.86956374319598e-09
2.9410000038147	0.02	-0.02	5.75875816954556e-08	9.53708158907674e-09	-9.53708158907674e-09
2.98100002527237	0.02	-0.02	2.06152557840413e-07	2.26441121987339e-08	-2.26441121987339e-08
3.02100001692772	0.02	-0.02	1.54866323682053e-07	2.08785377625532e-08	-2.08785377625532e-08
3.06100000858307	0.02	-0.02	6.11576969781326e-08	1.08878209375655e-08	-1.08878209375655e-08
3.10100000023842	0.02	-0.02	7.59024655242154e-08	9.23711193325657e-09	-9.23711193325657e-09
3.14100002169609	0.02	-0.02	1.492781138563e-07	1.61700977507178e-08	-1.61700977507178e-08
3.18100001335144	0.02	-0.02	1.32903577771497e-07	1.61439443944478e-08	-1.61439443944478e-08
3.22100000500679	0.02	-0.02	1.06849537832522e-07	1.28332259177276e-08	-1.28332259177276e-08
3.26100002646446	0.02	-0.02	7.77035009669516e-08	1.15291145272376e-08	-1.15291145272376e-08
3.30100001811981	0.02	-0.02	7.59410586014155e-08	1.05617925158176e-08	-1.05617925158176e-08
3.34100000977516	0.02	-0.02	6.54394219307816e-08	1.02501309900246e-08	-1.02501309900246e-08
3.38100000143051	0.02	-0.02	4.35766753272949e-08	9.28530993468016e-09	-9.28530993468016e-09
3.42100002288818	0.02	-0.02	5.87395681957732e-08	1.00360369794003e-08	-1.00360369794003e-08
3.46100001454353	0.02	-0.02	3.86467295308819e-08	1.05422990519132e-08	-1.05422990519132e-08
3.50100000619888	0.02	-0.02	9.72870298134624e-08	1.38768253350631e-08	-1.38768253350631e-08
3.54100002765656	0.02	-0.02	9.72134844459699e-08	1.43286554884195e-08	-1.43286554884195e-08
3.5810000193119	0.02	-0.02	1.07768211128624e-07	1.51709976085682e-08	-1.51709976085682e-08
3.62100001096725	0.02	-0.02	5.85581317208158e-08	1.04454289631021e-08	-1.04454289631021e-08
3.6610000026226	0.02	-0.02	5.55183240089312e-08	7.57416372245602e-09	-7.57416372245602e-09
3.70100002408028	0.02	-0.02	3.21336765687151e-08	5.42785160811468e-09	-5.42785160811468e-09
3.74100001573563	0.02	-0.02	1.72759153718501e-08	3.46263190124909e-09	-3.46263190124909e-09
3.78100000739098	0.02	-0.02	1.4022940758023e-08	2.55341864094787e-09	-2.55341864094787e-09
3.82099999904633	0.02	-0.02	9.71956277803427e-09	2.66131584490403e-09	-2.66131584490403e-09
3.861000020504	0.02	-0.02	2.14014104627774e-08	4.39033124211206e-09	-4.39033124211206e-09
3.90100001215935	0.02	-0.02	4.19959178844387e-08	7.96444512424638e-09	-7.96444512424638e-09
3.9410000038147	0.02	-0.02	5.17505835946728e-08	1.13481757772951e-08	-1.13481757772951e-08
3.98100002527237	0.02	-0.02	1.32837268458896e-07	1.94097581968627e-08	-1.94097581968627e-08
4.02100001692772	0.02	-0.02	2.15483850039018e-07	3.39170278991656e-08	-3.39170278991656e-08
4.06100000858307	0.02	-0.02	1.47948638902947e-07	3.52057810611995e-08	-3.52057810611995e-08
4.10100000023842	0.02	-0.02	1.8366546408137e-07	2.81973302563121e-08	-2.81973302563121e-08
4.14100002169609	0.02	-0.02	8.7871493810038e-08	1.96350568982624e-08	-1.96350568982624e-08
4.18100001335144	0.02	-0.02	1.09414635380316e-07	1.52634895905713e-08	-1.52634895905713e-08
4.22100000500679	0.02	-0.02	5.74201953932179e-08	1.1930478408845e-08	-1.1930478408845e-08
4.26100002646446	0.02	-0.02	4.57481742632106e-08	7.72420527081815e-09	-7.72420527081815e-09
4.30100001811981	0.02	-0.02	2.77487114841781e-08	6.71756174315493e-09	-6.71756174315493e-09
4.34100000977516	0.02	-0.02	2.20236977908436e-08	4.84599507896744e-09	-4.84599507896744e-09
4.38100000143051	0.02	-0.02	2.33058116540108e-08	4.51189011771179e-09	-4.51189011771179e-09
4.42100002288818	0.02	-0.02	1.92020348021846e-08	3.50816507808754e-09	-3.50816507808754e-09
4.46100001454353	0.02	-0.02	6.0814957970799e-09	2.92629685553881e-09	-2.92629685553881e-09
4.50100000619888	0.02	-0.02	1.02166450761981e-08	2.3056241987842e-09	-2.3056241987842e-09
4.5810000193119	0.06	-0.06	6.09105211418863e-09	9.44015430800677e-10	-9.44015430800677e-10
4.6610000026226	0.02	-0.02	1.33361732275723e-08	2.3791684437411e-09	-2.3791684437411e-09
4.70100002408028	0.02	-0.02	1.58880487417491e-08	3.29343050685404e-09	-3.29343050685404e-09
4.74100001573563	0.02	-0.02	1.59390421751073e-08	3.93215930012189e-09	-3.93215930012189e-09
4.78100000739098	0.02	-0.02	2.9353122056904e-08	5.18134324094108e-09	-5.18134324094108e-09
4.82099999904633	0.02	-0.02	3.62519588519405e-08	7.37434389455737e-09	-7.37434389455737e-09
4.861000020504	0.02	-0.02	3.79412861996063e-08	9.44215986117814e-09	-9.44215986117814e-09
4.90100001215935	0.02	-0.02	5.53783890458122e-08	1.28022203760536e-08	-1.28022203760536e-08
4.9410000038147	0.02	-0.02	3.96838848009377e-08	1.34961616042151e-08	-1.34961616042151e-08
4.98100002527237	0.02	-0.02	4.97218549689948e-08	1.23985593502566e-08	-1.23985593502566e-08
5.02100001692772	0.02	-0.02	5.13899964760188e-08	1.09225560472878e-08	-1.09225560472878e-08
5.08100000441074	0.04	-0.04	3.1671242281083e-08	7.0323360175303e-09	-7.0323360175303e-09
5.16100001752377	0.04	-0.04	2.8820052307511e-08	5.82785473803312e-09	-5.82785473803312e-09
5.26100001653035	0.06	-0.06	1.84931414272926e-08	3.74787956280686e-09	-3.74787956280686e-09
5.34100000977516	0.02	-0.02	2.24844550290441e-08	5.29281770546089e-09	-5.29281770546089e-09
5.38100000143051	0.02	-0.02	2.30966200836391e-08	5.03547821214503e-09	-5.03547821214503e-09
5.44100001871586	0.04	-0.04	1.50662522995609e-08	3.28545996124794e-09	-3.28545996124794e-09
5.50100000619888	0.02	-0.02	2.23100245852405e-08	4.15611848459439e-09	-4.15611848459439e-09
5.54100002765655	0.02	-0.02	1.37244833278103e-08	3.82594184567775e-09	-3.82594184567775e-09
5.5810000193119	0.02	-0.02	1.79498578592792e-08	3.94669264539212e-09	-3.94669264539212e-09
5.62100001096725	0.02	-0.02	1.85851919038811e-08	4.04636319481136e-09	-4.04636319481136e-09
5.6610000026226	0.02	-0.02	1.0423597273229e-08	4.21381681517946e-09	-4.21381681517946e-09
5.70100002408028	0.02	-0.02	2.38894633803074e-08	5.01270129312642e-09	-5.01270129312642e-09
5.7610000115633	0.04	-0.04	1.75555479058621e-08	3.43420696954722e-09	-3.43420696954722e-09
5.82099999904633	0.02	-0.02	2.76927626738198e-08	5.47462163042271e-09	-5.47462163042271e-09
5.861000020504	0.02	-0.02	2.57669539797178e-08	5.76807319937089e-09	-5.76807319937089e-09
5.9410000137488	0.06	-0.06	2.11628660239482e-08	3.72698706626017e-09	-3.72698706626017e-09
6.02100001692772	0.02	-0.02	3.96959097787004e-08	7.73806271345895e-09	-7.73806271345895e-09
6.06100000858307	0.02	-0.02	4.11731319754002e-08	8.82963976188268e-09	-8.82963976188268e-09
6.10100000023842	0.02	-0.02	3.6760438734516e-08	8.69868504209343e-09	-8.69868504209343e-09
6.14100002169609	0.02	-0.02	2.61460427705205e-08	9.3465929706857e-09	-9.3465929706857e-09
6.18100001335144	0.02	-0.02	4.67621549334073e-08	1.00762007320568e-08	-1.00762007320568e-08
6.22100000500679	0.02	-0.02	5.38334112776517e-08	1.01828895565092e-08	-1.01828895565092e-08
6.26100002646446	0.02	-0.02	3.2612482118158e-08	8.93526568839517e-09	-8.93526568839517e-09
6.30100001811981	0.02	-0.02	5.48127870243249e-08	9.40306615266653e-09	-9.40306615266653e-09
6.34100000977516	0.02	-0.02	4.73490796731095e-08	8.03277206962789e-09	-8.03277206962789e-09
6.38100000143051	0.02	-0.02	3.92065318944485e-08	7.40205116555663e-09	-7.40205116555663e-09
6.44100001871586	0.04	-0.04	2.25550571500628e-08	4.89231151556556e-09	-4.89231151556556e-09
6.52100001692772	0.04	-0.04	1.71250959411726e-08	4.13550877775962e-09	-4.13550877775962e-09
6.5810000193119	0.02	-0.02	2.80487687675451e-08	5.88394655118328e-09	-5.88394655118328e-09
6.62100001096725	0.02	-0.02	2.31536065189505e-08	5.5661792035638e-09	-5.5661792035638e-09
6.68100001335144	0.04	-0.04	1.47283813587742e-08	3.33063241252429e-09	-3.33063241252429e-09
6.78100000739098	0.06	-0.06	2.21818220996694e-08	4.08051380732129e-09	-4.08051380732129e-09
6.861000020504	0.02	-0.02	4.3694618131839e-08	9.89920762717357e-09	-9.89920762717357e-09
6.90100001215935	0.02	-0.02	4.72368853959456e-08	1.17761186881088e-08	-1.17761186881088e-08
6.9410000038147	0.02	-0.02	7.17809595449456e-08	1.42159612365833e-08	-1.42159612365833e-08
6.98100002527237	0.02	-0.02	9.53792991973418e-08	1.69243209298483e-08	-1.69243209298483e-08
7.02100001692772	0.02	-0.02	7.09774716249492e-08	1.92984533353495e-08	-1.92984533353495e-08
7.06100000858307	0.02	-0.02	1.04386488000672e-07	2.00309130795457e-08	-2.00309130795457e-08
7.10100000023842	0.02	-0.02	1.25367416124099e-07	2.66571899906999e-08	-2.66571899906999e-08
7.14100002169609	0.02	-0.02	9.84869248292918e-08	2.70405927134375e-08	-2.70405927134375e-08
7.18100001335144	0.02	-0.02	1.00211057140731e-07	2.2285525289007e-08	-2.2285525289007e-08
7.22100000500679	0.02	-0.02	1.40176492821905e-07	2.17621258196484e-08	-2.17621258196484e-08
7.26100002646446	0.02	-0.02	9.11585928636627e-08	1.81475831362024e-08	-1.81475831362024e-08
7.30100001811981	0.02	-0.02	8.53068847545651e-08	1.69999010918217e-08	-1.69999010918217e-08
7.34100000977516	0.02	-0.02	7.61262478238216e-08	1.48245146154589e-08	-1.48245146154589e-08
7.40100001215935	0.04	-0.04	3.81837921546891e-08	7.54317664304201e-09	-7.54317664304201e-09
7.48100001037121	0.04	-0.04	1.36199154663587e-08	5.72136430914356e-09	-5.72136430914356e-09
7.5810000193119	0.06	-0.06	3.08944664183206e-08	5.4632169112743e-09	-5.4632169112743e-09
7.6610000026226	0.02	-0.02	6.16956635729682e-08	1.3527338648902e-08	-1.3527338648902e-08
7.70100002408028	0.02	-0.02	7.29705004437124e-08	1.62817346634903e-08	-1.62817346634903e-08
7.7610000115633	0.04	-0.04	6.80618212471076e-08	1.67026860099359e-08	-1.67026860099359e-08
7.84100000977516	0.04	-0.04	1.04408816355425e-07	2.27950162385226e-08	-2.27950162385226e-08
7.92100000798702	0.04	-0.04	1.85538906161796e-07	3.52251787073281e-08	-3.52251787073281e-08
7.98100002527237	0.02	-0.02	2.8180887684658e-07	4.70830239978173e-08	-4.70830239978173e-08
8.04100001275539	0.04	-0.04	9.34674308417552e-08	2.1584329713733e-08	-2.1584329713733e-08
8.10100000023842	0.02	-0.02	1.16842654795034e-07	2.2992887958572e-08	-2.2992887958572e-08
8.16100001752377	0.04	-0.04	4.55205618875791e-08	1.11543838978788e-08	-1.11543838978788e-08
8.26100001653035	0.06	-0.06	4.10852550099227e-08	7.61309158289428e-09	-7.61309158289428e-09
8.34100000977516	0.02	-0.02	7.18356126204655e-08	1.7066906024116e-08	-1.7066906024116e-08
8.38100000143051	0.02	-0.02	7.25356995500283e-08	1.81157402106647e-08	-1.81157402106647e-08
8.42100002288818	0.02	-0.02	1.02680350328028e-07	2.18919963141406e-08	-2.18919963141406e-08
8.46100001454353	0.02	-0.02	9.97718183561086e-08	2.29247489004671e-08	-2.29247489004671e-08
8.50100000619888	0.02	-0.02	1.18311359962734e-07	2.88931797393472e-08	-2.88931797393472e-08
8.54100002765655	0.02	-0.02	1.2966710346181e-07	2.53411317505679e-08	-2.53411317505679e-08
8.5810000193119	0.02	-0.02	9.09055032828044e-08	2.01181710957874e-08	-2.01181710957874e-08
8.62100001096725	0.02	-0.02	8.48282379552064e-08	1.73084736208853e-08	-1.73084736208853e-08
8.68100001335144	0.04	-0.04	4.36370214593405e-08	9.29840465762295e-09	-9.29840465762295e-09
8.7610000115633	0.04	-0.04	2.23794519633159e-08	6.53637046304712e-09	-6.53637046304712e-09
8.82099999904633	0.02	-0.02	7.30299950236294e-08	1.19184729070379e-08	-1.19184729070379e-08
8.861000020504	0.02	-0.02	7.71597542188868e-08	1.44015975524063e-08	-1.44015975524063e-08
8.9410000137488	0.06	-0.06	6.59745534915414e-08	1.13509653487943e-08	-1.13509653487943e-08
9.02100001692772	0.02	-0.02	1.4413751443438e-07	2.78233174278583e-08	-2.78233174278583e-08
9.06100000858307	0.02	-0.02	1.01615517761892e-07	2.88008885345273e-08	-2.88008885345273e-08
9.10100000023842	0.02	-0.02	1.11952388016186e-07	2.40604540738943e-08	-2.40604540738943e-08
9.14100002169609	0.02	-0.02	9.75809024777144e-08	2.04451580894084e-08	-2.04451580894084e-08
9.18100001335144	0.02	-0.02	7.70764822385007e-08	1.67375903486655e-08	-1.67375903486655e-08
9.26100001653035	0.06	-0.06	3.41876159104582e-08	6.30926252537129e-09	-6.30926252537129e-09
9.34100000977516	0.02	-0.02	3.0409965471454e-08	7.51131445552391e-09	-7.51131445552391e-09
9.38100000143051	0.02	-0.02	1.87886574832608e-08	6.67749469430602e-09	-6.67749469430602e-09
9.42100002288818	0.02	-0.02	2.79706921883602e-08	6.53280563088792e-09	-6.53280563088792e-09
9.46100001454353	0.02	-0.02	3.48804405008752e-08	8.46889234681951e-09	-8.46889234681951e-09
9.52100001692772	0.04	-0.04	2.46634415142183e-08	8.47166970204886e-09	-8.47166970204886e-09
9.5810000193119	0.02	-0.02	8.09768158155228e-08	1.7983026055705e-08	-1.7983026055705e-08
9.62100001096725	0.02	-0.02	9.58056890451528e-08	2.04139557994531e-08	-2.04139557994531e-08
9.6610000026226	0.02	-0.02	1.17651519060984e-07	2.50033280117464e-08	-2.50033280117464e-08
9.70100002408028	0.02	-0.02	1.39586821811223e-07	3.12389574275079e-08	-3.12389574275079e-08
9.74100001573563	0.02	-0.02	2.09425015394948e-07	4.16650592006364e-08	-4.16650592006364e-08
9.78100000739098	0.02	-0.02	1.3485426396567e-07	4.24556568679309e-08	-4.24556568679309e-08
9.82099999904633	0.02	-0.02	1.61554716965777e-07	3.14944114279519e-08	-3.14944114279519e-08
9.861000020504	0.02	-0.02	1.262634496904e-07	2.43480816577048e-08	-2.43480816577048e-08
9.90100001215935	0.02	-0.02	1.32033005635031e-07	2.04008396056062e-08	-2.04008396056062e-08
9.9410000038147	0.02	-0.02	7.16881246736937e-08	1.59913319675573e-08	-1.59913319675573e-08
9.98100002527237	0.02	-0.02	6.01872607594544e-08	1.29860867618451e-08	-1.29860867618451e-08
10.0210000169277	0.02	-0.02	3.87250757606474e-08	1.01568927026281e-08	-1.01568927026281e-08
10.0610000085831	0.02	-0.02	4.33801702070822e-08	8.00654675198193e-09	-8.00654675198193e-09
10.1010000002384	0.02	-0.02	1.95583031558815e-08	6.00979300052422e-09	-6.00979300052422e-09
10.1410000216961	0.02	-0.02	1.77913715378397e-08	4.31871296413767e-09	-4.31871296413767e-09
10.2210000149409	0.06	-0.06	1.32128995113917e-08	2.26036239299825e-09	-2.26036239299825e-09
10.3010000181198	0.02	-0.02	1.73117413712224e-08	4.32476715697381e-09	-4.32476715697381e-09
10.3410000097752	0.02	-0.02	2.19386828848858e-08	4.1460660309128e-09	-4.1460660309128e-09
10.3810000014305	0.02	-0.02	2.36558182968719e-08	4.43415696223228e-09	-4.43415696223228e-09
10.4410000187159	0.04	-0.04	1.61914121518228e-08	3.31223587305553e-09	-3.31223587305553e-09
10.5010000061989	0.02	-0.02	2.70928327420792e-08	4.65310065252589e-09	-4.65310065252589e-09
10.5410000276566	0.02	-0.02	1.94263212267748e-08	4.69896428725049e-09	-4.69896428725049e-09
10.5810000193119	0.02	-0.02	2.23474008011128e-08	4.67414035576564e-09	-4.67414035576564e-09
10.6210000109673	0.02	-0.02	2.35990619264489e-08	4.85374819681976e-09	-4.85374819681976e-09
10.6810000133514	0.04	-0.04	1.87511124796629e-08	3.61651647183871e-09	-3.61651647183871e-09
10.7610000115633	0.04	-0.04	2.01864607056962e-08	3.76626616922116e-09	-3.76626616922116e-09
10.8410000097752	0.04	-0.04	1.56602423381043e-08	3.90238537383169e-09	-3.90238537383169e-09
10.9410000137488	0.06	-0.06	1.69913905710025e-08	3.28155143003357e-09	-3.28155143003357e-09
11.0210000169277	0.02	-0.02	2.33247270423527e-08	5.80788007597236e-09	-5.80788007597236e-09
11.0610000085831	0.02	-0.02	3.01558592727545e-08	5.87055694877441e-09	-5.87055694877441e-09
11.1010000002384	0.02	-0.02	1.83466750894725e-08	6.17800897909161e-09	-6.17800897909161e-09
11.1410000216961	0.02	-0.02	2.96544462564987e-08	6.39481329917614e-09	-6.39481329917614e-09
11.1810000133514	0.02	-0.02	2.75836323964897e-08	6.40103786124354e-09	-6.40103786124354e-09
11.2210000050068	0.02	-0.02	2.62870129775036e-08	6.2190329238985e-09	-6.2190329238985e-09
11.2610000264645	0.02	-0.02	1.93835049531197e-08	5.87638771654341e-09	-5.87638771654341e-09
11.3010000181198	0.02	-0.02	2.908865164988e-08	6.44180710755409e-09	-6.44180710755409e-09
11.3610000056028	0.04	-0.04	2.04482183797526e-08	4.19437726303652e-09	-4.19437726303652e-09
11.4410000187159	0.04	-0.04	1.82915526796351e-08	4.11035613504906e-09	-4.11035613504906e-09
11.5410000177224	0.06	-0.06	2.03080065749563e-08	3.42178001790346e-09	-3.42178001790346e-09
11.6210000109673	0.02	-0.02	2.46098844879315e-08	5.97527330237967e-09	-5.97527330237967e-09
11.6810000133514	0.04	-0.04	1.29662735010741e-08	3.76949591734534e-09	-3.76949591734534e-09
11.7610000115633	0.04	-0.04	1.86168782273418e-08	3.92727449364553e-09	-3.92727449364553e-09
11.8810000088811	0.08	-0.08	9.73207157843437e-09	2.71834914614889e-09	-2.71834914614889e-09
11.9810000252724	0.02	-0.02	2.82818739813006e-08	5.70813460164476e-09	-5.70813460164476e-09
12.0410000127554	0.04	-0.04	1.33833313204916e-08	4.13814511423761e-09	-4.13814511423761e-09
12.1010000002384	0.02	-0.02	2.16607295634344e-08	5.11477059825968e-09	-5.11477059825968e-09
12.1610000175238	0.04	-0.04	1.75257436051093e-08	3.64877711197084e-09	-3.64877711197084e-09
12.2210000050068	0.02	-0.02	2.09471316317554e-08	4.88392872909844e-09	-4.88392872909844e-09
12.3010000181198	0.02	-0.02	1.99723053559422e-08	4.75017983401524e-09	-4.75017983401524e-09
12.3610000056028	0.04	-0.04	1.33190463443224e-08	3.27301228112514e-09	-3.27301228112514e-09
12.4410000187159	0.04	-0.04	1.3350800218495e-08	3.13097063154514e-09	-3.13097063154514e-09
12.5010000061989	0.02	-0.02	2.10441272254704e-08	4.47017392500897e-09	-4.47017392500897e-09
12.5810000193119	0.06	-0.06	7.45173684257783e-09	2.47407037064868e-09	-2.47407037064868e-09
12.7010000141462	0.06	-0.06	1.17960429679522e-08	2.51296513020374e-09	-2.51296513020374e-09
12.781000007391	0.02	-0.02	1.67853176511783e-08	3.8787206255163e-09	-3.8787206255163e-09
12.8410000097752	0.04	-0.04	1.09990310356232e-08	2.69460524415112e-09	-2.69460524415112e-09
12.921000007987	0.04	-0.04	8.57858177709823e-09	2.58734872736075e-09	-2.58734872736075e-09
12.9810000252724	0.02	-0.02	1.50077596695626e-08	3.71265661990219e-09	-3.71265661990219e-09
13.0410000127554	0.04	-0.04	8.30190049659024e-09	2.50185534638699e-09	-2.50185534638699e-09
13.1210000109673	0.04	-0.04	1.19287672528495e-08	2.55228849115072e-09	-2.55228849115072e-09
13.2010000091791	0.04	-0.04	1.39875276372915e-08	2.66350823704532e-09	-2.66350823704532e-09
13.3610000155369	0.12	-0.12	5.94927361548427e-09	1.49116142512515e-09	-1.49116142512515e-09
13.5810000133514	0.1	-0.1	8.20332786020584e-09	1.89627515264375e-09	-1.89627515264375e-09
13.7010000240803	0.02	-0.02	1.97658977488952e-08	4.2506906973941e-09	-4.2506906973941e-09
13.96100001206	0.24	-0.24	5.62835161103314e-09	1.25559134466562e-09	-1.25559134466562e-09
14.3610000130534	0.16	-0.16	7.70896067078503e-09	1.79759851066082e-09	-1.79759851066082e-09
14.5610000234842	0.04	-0.04	1.68741572968232e-08	3.73976221663614e-09	-3.73976221663614e-09
14.6810000133514	0.08	-0.08	8.74375551518224e-09	2.72193127232897e-09	-2.72193127232897e-09
14.8410000097752	0.08	-0.08	1.17543060183681e-08	2.89231267743608e-09	-2.89231267743608e-09
14.9610000145435	0.04	-0.04	1.98206676564382e-08	4.56331180818654e-09	-4.56331180818654e-09
15.0410000127554	0.04	-0.04	1.33180894298631e-08	4.83631888112192e-09	-4.83631888112192e-09
15.1210000109673	0.04	-0.04	2.04945906396505e-08	4.93792296916008e-09	-4.93792296916008e-09
15.2010000091791	0.04	-0.04	1.93796539918078e-08	4.83965854551877e-09	-4.83965854551877e-09
15.4010000158846	0.16	-0.16	7.77745502672222e-09	2.46136475569609e-09	-2.46136475569609e-09
15.5810000193119	0.02	-0.02	3.1682465374989e-08	7.4063095975351e-09	-7.4063095975351e-09
15.7810000107023	0.18	-0.18	8.86049524344925e-09	2.69342331681687e-09	-2.69342331681687e-09
16.0210000169277	0.06	-0.06	2.13327915899265e-08	5.22695703386871e-09	-5.22695703386871e-09
16.401000014022	0.32	-0.32	8.98374318806612e-09	2.52004843881012e-09	-2.52004843881012e-09
16.861000011989	0.14	-0.14	2.35156491013191e-08	4.8861902886423e-09	-4.8861902886423e-09
17.0210000169277	0.02	-0.02	7.44217799325375e-08	1.55747218119034e-08	-1.55747218119034e-08
17.1010000101725	0.06	-0.06	3.72977823270373e-08	9.05194335302794e-09	-9.05194335302794e-09
17.2210000149409	0.06	-0.06	4.13193021866606e-08	8.51429185056715e-09	-8.51429185056715e-09
17.3210000139475	0.04	-0.04	5.74273796223545e-08	1.18018479316987e-08	-1.18018479316987e-08
17.4010000121593	0.04	-0.04	5.0275254481391e-08	1.19283748647718e-08	-1.19283748647718e-08
17.7010000240803	0.02	-0.02	7.99605471523486e-08	1.83392138102774e-08	-1.83392138102774e-08
17.8410000097752	0.04	-0.04	6.37173911491291e-08	1.49821092489733e-08	-1.49821092489733e-08
17.9010000121593	0.02	-0.02	1.10393317450222e-07	2.21001805606302e-08	-2.21001805606302e-08
17.9610000145435	0.04	-0.04	3.64923649800224e-08	1.36586012994591e-08	-1.36586012994591e-08
18.0210000169277	0.02	-0.02	7.18486729477139e-08	1.68116107911745e-08	-1.68116107911745e-08
18.0810000044107	0.04	-0.04	5.12426375060212e-08	1.18327450038917e-08	-1.18327450038917e-08
18.1810000133514	0.06	-0.06	4.75746794120187e-08	8.39123616722503e-09	-8.39123616722503e-09
18.2610000264645	0.02	-0.02	5.14083403653076e-08	1.27754154572516e-08	-1.27754154572516e-08
18.4210000129541	0.06	-0.06	3.7890524223494e-08	6.43968777041529e-09	-6.43968777041529e-09
18.5010000061989	0.02	-0.02	4.50989313048532e-08	1.04580330249463e-08	-1.04580330249463e-08
18.5410000276566	0.02	-0.02	6.25695095752231e-08	1.16548428864869e-08	-1.16548428864869e-08
18.5810000193119	0.02	-0.02	4.33471058026139e-08	9.68426362560187e-09	-9.68426362560187e-09
18.6410000067949	0.04	-0.04	2.25172815046053e-08	6.05331389261069e-09	-6.05331389261069e-09
18.721000019908	0.04	-0.04	3.0818747032496e-08	5.68110986916508e-09	-5.68110986916508e-09
18.9010000121593	0.14	-0.14	1.11797657864412e-08	2.23020316970492e-09	-2.23020316970492e-09
19.0610000085831	0.02	-0.02	2.97916006567962e-08	6.03065585609111e-09	-6.03065585609111e-09
19.141000011762	0.06	-0.06	1.75659296051558e-08	3.23258157443901e-09	-3.23258157443901e-09
19.2210000050068	0.02	-0.02	2.27019764091302e-08	5.67173934402457e-09	-5.67173934402457e-09
19.2810000222921	0.04	-0.04	1.60350145253558e-08	4.04202882088889e-09	-4.04202882088889e-09
19.3410000097752	0.02	-0.02	2.68993702647902e-08	5.78933594840574e-09	-5.78933594840574e-09
19.4010000121593	0.04	-0.04	1.79055863592487e-08	4.12444476993023e-09	-4.12444476993023e-09
19.4810000103712	0.04	-0.04	1.99956407602589e-08	4.07310699883949e-09	-4.07310699883949e-09
19.5610000234842	0.04	-0.04	1.68761913994107e-08	3.89106179599592e-09	-3.89106179599592e-09
19.6410000067949	0.04	-0.04	1.79444175972071e-08	4.02314459578669e-09	-4.02314459578669e-09
19.7010000240803	0.02	-0.02	2.71536562260834e-08	5.47104878543078e-09	-5.47104878543078e-09
19.7610000115633	0.04	-0.04	1.65957522078044e-08	3.56980817122166e-09	-3.56980817122166e-09
19.8410000097752	0.04	-0.04	1.48211250389596e-08	3.75742047090139e-09	-3.75742047090139e-09
19.9010000121593	0.02	-0.02	2.16375347973398e-08	5.12848204509338e-09	-5.12848204509338e-09
19.9410000038147	0.02	-0.02	2.40987105688594e-08	5.36615028855832e-09	-5.36615028855832e-09
20.0010000211	0.04	-0.04	1.66034796263035e-08	3.54795378704402e-09	-3.54795378704402e-09
20.1210000109673	0.08	-0.08	7.08850444702574e-09	2.49419001088276e-09	-2.49419001088276e-09
20.3010000121593	0.1	-0.1	1.23468445632761e-08	2.53732479806672e-09	-2.53732479806672e-09
20.4210000228882	0.02	-0.02	2.62434991213525e-08	6.39275174048378e-09	-6.39275174048378e-09
20.4810000103712	0.04	-0.04	1.39962917406064e-08	4.61072954890992e-09	-4.61072954890992e-09
20.5610000234842	0.04	-0.04	2.28741702954136e-08	4.84393141501647e-09	-4.84393141501647e-09
20.6810000133514	0.08	-0.08	1.68033445153702e-08	3.80674653494885e-09	-3.80674653494885e-09
20.8410000097752	0.08	-0.08	1.78804197487856e-08	4.18971875406155e-09	-4.18971875406155e-09
20.9410000038147	0.02	-0.02	4.25983745349617e-08	9.73740357660536e-09	-9.73740357660536e-09
20.9810000252724	0.02	-0.02	2.97477662617889e-08	9.92446279135781e-09	-9.92446279135781e-09
21.0210000169277	0.02	-0.02	5.55704684173105e-08	1.18943798794739e-08	-1.18943798794739e-08
21.0610000085831	0.02	-0.02	4.66351941617629e-08	1.15529909276435e-08	-1.15529909276435e-08
21.141000011762	0.06	-0.06	4.84963710832046e-08	8.40826410079696e-09	-8.40826410079696e-09
21.2210000050068	0.02	-0.02	8.59143361611726e-08	1.75644158536535e-08	-1.75644158536535e-08
21.2610000264645	0.02	-0.02	8.51146923564196e-08	1.92978502600394e-08	-1.92978502600394e-08
21.3210000139475	0.04	-0.04	7.88248379957965e-08	1.54614315858724e-08	-1.54614315858724e-08
21.3810000014305	0.02	-0.02	1.35601795279715e-07	2.63356944573911e-08	-2.63356944573911e-08
21.4410000187159	0.04	-0.04	9.95691400889717e-08	1.84504098168655e-08	-1.84504098168655e-08
21.5010000061989	0.02	-0.02	1.1416380919062e-07	2.32784614766564e-08	-2.32784614766564e-08
21.5410000276566	0.02	-0.02	8.87610265132876e-08	2.02056163343646e-08	-2.02056163343646e-08
21.5810000193119	0.02	-0.02	8.70511100051942e-08	1.90527370111008e-08	-1.90527370111008e-08
21.6410000067949	0.04	-0.04	4.93182084759654e-08	1.08713227242409e-08	-1.08713227242409e-08
21.7410000157356	0.06	-0.06	3.76343049017668e-08	7.23126168254675e-09	-7.23126168254675e-09
21.8610000105699	0.06	-0.06	1.52564749004172e-08	5.45540294147659e-09	-5.45540294147659e-09
21.9410000038147	0.02	-0.02	3.62763231569691e-08	8.56820312950312e-09	-8.56820312950312e-09
22.1210000146925	0.16	-0.16	1.51884213069167e-08	3.00051718455014e-09	-3.00051718455014e-09
22.3010000181198	0.02	-0.02	5.19548364376191e-08	1.18227961140115e-08	-1.18227961140115e-08
22.4810000140965	0.16	-0.16	2.57916053190737e-08	5.23986552591439e-09	-5.23986552591439e-09
22.6810000133514	0.04	-0.04	6.00921625585091e-08	1.48701963163815e-08	-1.48701963163815e-08
22.7410000157356	0.02	-0.02	1.04666253842111e-07	2.33212854001279e-08	-2.33212854001279e-08
22.781000007391	0.02	-0.02	7.03518282284234e-08	2.39757114907992e-08	-2.39757114907992e-08
22.8209999990463	0.02	-0.02	1.11584510834652e-07	2.57251430207179e-08	-2.57251430207179e-08
22.8810000163317	0.04	-0.04	9.64217486505784e-08	2.03125882178473e-08	-2.03125882178473e-08
22.9610000145435	0.04	-0.04	7.72708124347476e-08	2.23944315060818e-08	-2.23944315060818e-08
23.0410000127554	0.04	-0.04	9.03351399273776e-08	2.20213419966625e-08	-2.20213419966625e-08
23.1610000100732	0.08	-0.08	5.35134220671147e-08	1.31484554484346e-08	-1.31484554484346e-08
23.3210000139475	0.08	-0.08	3.3779519972782e-08	1.11245683373176e-08	-1.11245683373176e-08
23.4410000187159	0.04	-0.04	6.37380552904494e-08	1.53195828950376e-08	-1.53195828950376e-08
23.5410000177224	0.06	-0.06	4.78041236315621e-08	1.07491728163499e-08	-1.07491728163499e-08
23.7210000099738	0.12	-0.12	3.22109186459742e-08	6.52892994060017e-09	-6.52892994060017e-09
23.9010000121593	0.06	-0.06	3.4304900912136e-08	8.26706119726374e-09	-8.26706119726374e-09
24.0010000211	0.04	-0.04	3.99586198964012e-08	9.32096415767088e-09	-9.32096415767088e-09
24.1610000125567	0.12	-0.12	1.92084978801159e-08	4.49989652206579e-09	-4.49989652206579e-09
24.4810000133514	0.2	-0.2	7.29254327253806e-09	2.63287150421101e-09	-2.63287150421101e-09
24.8810000133514	0.2	-0.2	8.34001205301759e-09	1.89360246075348e-09	-1.89360246075348e-09
25.3210000139475	0.24	-0.24	3.88256226143555e-09	1.29037219505157e-09	-1.29037219505157e-09
25.7210000124574	0.16	-0.16	5.52267326225077e-09	1.30579491715623e-09	-1.30579491715623e-09
26.0610000118944	0.18	-0.18	3.98900475786646e-09	1.08951983006357e-09	-1.08951983006357e-09
26.5010000153688	0.26	-0.26	3.72913967608277e-09	7.29753018447575e-10	-7.29753018447575e-10
26.8410000097752	0.08	-0.08	4.93938975410589e-09	1.18636586744916e-09	-1.18636586744916e-09
27.0010000136495	0.08	-0.08	3.26450539113682e-09	1.09684297602725e-09	-1.09684297602725e-09
27.1010000002384	0.02	-0.02	9.73641509892402e-09	2.11200903215485e-09	-2.11200903215485e-09
27.1810000133514	0.06	-0.06	2.88475410268035e-09	1.17921181768442e-09	-1.17921181768442e-09
27.3010000181198	0.06	-0.06	5.14024581054589e-09	1.11419108148383e-09	-1.11419108148383e-09
27.4410000112653	0.08	-0.08	1.7432089272694e-09	8.62711026030659e-10	-8.62711026030659e-10
27.6010000151396	0.08	-0.08	3.67556788390702e-09	7.99967845221518e-10	-7.99967845221518e-10
27.8210000118188	0.14	-0.14	2.41024995185604e-09	5.52816052004968e-10	-5.52816052004968e-10
28.1210000146925	0.16	-0.16	1.82595428268174e-09	4.72333774245546e-10	-4.72333774245546e-10
28.3810000133514	0.1	-0.1	2.32497411296017e-09	5.17858798411283e-10	-5.17858798411283e-10
28.7410000134431	0.26	-0.26	8.85049968019611e-10	3.78319038210252e-10	-3.78319038210252e-10
29.2610000127095	0.26	-0.26	2.76256464337946e-09	5.87421270863048e-10	-5.87421270863048e-10
29.5410000276566	0.02	-0.02	1.16935202251084e-08	2.5780381648174e-09	-2.5780381648174e-09
29.6410000142455	0.08	-0.08	4.70027857689578e-09	1.47905332261997e-09	-1.47905332261997e-09
29.781000007391	0.06	-0.06	9.52168116462673e-09	1.86338204498905e-09	-1.86338204498905e-09
29.861000020504	0.02	-0.02	1.46383809785337e-08	3.32958136585961e-09	-3.32958136585961e-09
29.9610000145435	0.08	-0.08	8.02218351270753e-09	2.05376636875848e-09	-2.05376636875848e-09
30.0810000044107	0.04	-0.04	1.44387395034716e-08	3.24236010883794e-09	-3.24236010883794e-09
30.1610000175238	0.04	-0.04	1.40380501440691e-08	3.35827740837123e-09	-3.35827740837123e-09
30.2610000165304	0.06	-0.06	1.412134178459e-08	3.03325310739487e-09	-3.03325310739487e-09
30.3410000097752	0.02	-0.02	2.07947659052557e-08	4.86742564764748e-09	-4.86742564764748e-09
30.5610000145435	0.2	-0.2	8.92007700189566e-09	1.95727127038725e-09	-1.95727127038725e-09
30.8010000032187	0.04	-0.04	3.80882166583871e-08	8.03426295890746e-09	-8.03426295890746e-09
30.8810000163317	0.04	-0.04	2.9711211896641e-08	1.0405455312646e-08	-1.0405455312646e-08
30.9610000145435	0.04	-0.04	5.71591177150924e-08	1.27694428085638e-08	-1.27694428085638e-08
31.0410000127554	0.04	-0.04	8.34093970003644e-08	1.735796423462e-08	-1.735796423462e-08
31.1610000100732	0.08	-0.08	6.79079812925442e-08	1.69309972108078e-08	-1.69309972108078e-08
31.3210000139475	0.08	-0.08	5.7143846760684e-08	2.61443964490995e-08	-2.61443964490995e-08
31.4410000187159	0.04	-0.04	2.84567786563176e-07	5.80078259923629e-08	-5.80078259923629e-08
31.5410000177224	0.06	-0.06	3.38530273002647e-07	6.53639156709267e-08	-6.53639156709267e-08
31.6210000109673	0.02	-0.02	5.76201736368317e-07	1.35601034302021e-07	-1.35601034302021e-07
31.8610000123761	0.22	-0.22	1.26217656454523e-07	2.64891109616964e-08	-2.64891109616964e-08
32.3010000127012	0.22	-0.22	4.99321760020363e-08	1.20155945645876e-08	-1.20155945645876e-08
32.7810000142684	0.26	-0.26	1.33937082917588e-08	4.61609967259873e-09	-4.61609967259873e-09
33.2410000127554	0.2	-0.2	1.25892631849993e-08	2.90598927447447e-09	-2.90598927447447e-09
33.5410000157356	0.1	-0.1	1.89910219990422e-08	4.56110424102297e-09	-4.56110424102297e-09
33.8410000127554	0.2	-0.2	2.02385665318209e-08	3.73785356059787e-09	-3.73785356059787e-09
34.1010000101725	0.06	-0.06	3.73048876477273e-08	7.74376415697291e-09	-7.74376415697291e-09
34.3210000139475	0.16	-0.16	1.77688620925936e-08	4.95202811232338e-09	-4.95202811232338e-09
34.5610000160337	0.08	-0.08	3.31806104609486e-08	7.83965641006788e-09	-7.83965641006788e-09
34.7010000141462	0.06	-0.06	4.31409791284111e-08	9.6979796989733e-09	-9.6979796989733e-09
34.8410000097752	0.08	-0.08	2.94681200725168e-08	6.62602465716478e-09	-6.62602465716478e-09
34.9410000038147	0.02	-0.02	4.5932011795809e-08	1.13665733638278e-08	-1.13665733638278e-08
35.0210000169277	0.06	-0.06	1.96614537948996e-08	5.38696200183696e-09	-5.38696200183696e-09
35.141000011762	0.06	-0.06	1.82556539701505e-08	4.34275489688426e-09	-4.34275489688426e-09
35.2410000157356	0.04	-0.04	1.68457722594022e-08	4.13754601517206e-09	-4.13754601517206e-09
36.4210000129541	0.06	-0.06	1.19210355756626e-07	2.32828138391304e-08	-2.32828138391304e-08
36.5610000160337	0.08	-0.08	1.01824458285092e-07	2.27508028253256e-08	-2.27508028253256e-08
36.8410000127554	0.2	-0.2	5.73798890334967e-08	1.42731668170364e-08	-1.42731668170364e-08
37.2410000127554	0.2	-0.2	4.86898963181262e-08	1.4206625537377e-08	-1.4206625537377e-08
37.501000016133	0.06	-0.06	1.16415070533457e-07	2.61135521796289e-08	-2.61135521796289e-08
37.6210000109673	0.06	-0.06	9.96395300501084e-08	2.62898188277993e-08	-2.62898188277993e-08
37.721000019908	0.04	-0.04	1.33186599379407e-07	3.23452018554218e-08	-3.23452018554218e-08
37.9610000115633	0.2	-0.2	5.83109172858919e-08	1.39760101050069e-08	-1.39760101050069e-08
38.9410000137488	0.78	-0.78	1.44356600378369e-08	6.71220016533488e-09	-6.71220016533488e-09
40.5010000130763	0.78	-0.78	2.62652478840162e-08	6.49994167232678e-09	-6.49994167232678e-09
42.0810000133514	0.8	-0.8	2.38791531169372e-08	5.41895103113094e-09	-5.41895103113094e-09
42.921000007987	0.04	-0.04	9.92271439440721e-08	2.33205307913408e-08	-2.33205307913408e-08
43.5210000137346	0.56	-0.56	2.17426336933266e-08	5.70567328777253e-09	-5.70567328777253e-09
44.1610000100732	0.08	-0.08	6.17941332098418e-08	1.48954816592943e-08	-1.48954816592943e-08
44.4210000162654	0.18	-0.18	3.53301641117395e-08	9.3010360892142e-09	-9.3010360892142e-09
44.6210000109673	0.02	-0.02	1.13904975123763e-07	2.35460384460906e-08	-2.35460384460906e-08
44.7210000124574	0.08	-0.08	5.0357598542542e-08	1.14671973705551e-08	-1.14671973705551e-08
45.1610000125567	0.36	-0.36	1.53534995189591e-08	3.66730599280773e-09	-3.66730599280773e-09
45.641000016729	0.12	-0.12	1.8499380273382e-08	4.47087472059613e-09	-4.47087472059613e-09
46.0010000111659	0.24	-0.24	1.01791230830387e-08	2.31860378592109e-09	-2.31860378592109e-09
46.3210000139475	0.08	-0.08	1.39619711422749e-08	3.10344888300996e-09	-3.10344888300996e-09
46.5010000181198	0.1	-0.1	9.97238779880397e-09	2.4255387422509e-09	-2.4255387422509e-09
47.0610000124703	0.46	-0.46	4.52910749378324e-09	1.05409151480275e-09	-1.05409151480275e-09
48.0010000136495	0.48	-0.48	5.18391281164113e-09	2.52642534786284e-09	-2.52642534786284e-09
48.6010000151396	0.12	-0.12	3.59973858971403e-08	8.97599437842211e-09	-8.97599437842211e-09
48.7610000115633	0.04	-0.04	8.61795786805249e-08	1.91925025913379e-08	-1.91925025913379e-08
48.8410000097752	0.04	-0.04	9.09252901754332e-08	2.0829083799785e-08	-2.0829083799785e-08
49.0010000111659	0.12	-0.12	5.69271645323343e-08	1.38527934221938e-08	-1.38527934221938e-08
49.2410000157356	0.12	-0.12	4.58285059844552e-08	1.4607482364611e-08	-1.4607482364611e-08
49.4010000121594	0.04	-0.04	1.00685314412954e-07	2.44554428210171e-08	-2.44554428210171e-08
49.6410000127554	0.2	-0.2	3.80698060474751e-08	9.19804214624188e-09	-9.19804214624188e-09
50.0610000140017	0.22	-0.22	1.75484948439234e-08	6.62613797829093e-09	-6.62613797829093e-09
50.4210000143732	0.14	-0.14	3.47667840451726e-08	7.10272810368611e-09	-7.10272810368611e-09
50.7010000113078	0.14	-0.14	1.6449382151575e-08	5.89745639347501e-09	-5.89745639347501e-09
50.9410000157356	0.1	-0.1	2.81082362453993e-08	6.15438016667636e-09	-6.15438016667636e-09
51.1410000097752	0.1	-0.1	1.30087967649433e-08	5.35475506065304e-09	-5.35475506065304e-09
51.3410000157356	0.1	-0.1	2.28580988987078e-08	4.93064553084914e-09	-4.93064553084914e-09
52.4410000133514	1	-1	4.25912234816575e-09	1.02699935045244e-09	-1.02699935045244e-09
53.6410000127554	0.2	-0.2	1.00966672006337e-08	2.46491664841523e-09	-2.46491664841523e-09
54.5210000134215	0.68	-0.68	4.49951361578421e-09	1.40260411648767e-09	-1.40260411648767e-09
55.2410000157356	0.04	-0.04	2.51594118889297e-08	6.18608354711511e-09	-6.18608354711511e-09
55.6410000134177	0.36	-0.36	9.38390284619643e-09	2.06585436902891e-09	-2.06585436902891e-09
56.1810000133514	0.18	-0.18	1.23583763798268e-08	2.9280646496116e-09	-2.9280646496116e-09
57.0810000143448	0.24	-0.24	1.29320324582466e-08	2.9508723396338e-09	-2.9508723396338e-09
57.5610000135501	0.24	-0.24	1.40839028744026e-08	3.52707938913192e-09	-3.52707938913192e-09
57.9810000120269	0.18	-0.18	1.98669510278169e-08	4.63676760598743e-09	-4.63676760598743e-09
58.3610000145435	0.2	-0.2	1.37289744119694e-08	5.03583431297455e-09	-5.03583431297455e-09
58.7610000115633	0.2	-0.2	2.49175331628931e-08	5.97268476510928e-09	-5.97268476510928e-09
59.1610000145435	0.2	-0.2	1.43505820558185e-08	6.9080324336938e-09	-6.9080324336938e-09
59.4810000153383	0.12	-0.12	3.99477733222948e-08	9.74820921165722e-09	-9.74820921165722e-09
60.3210000139475	0.08	-0.08	6.68008232415413e-08	1.60695162801666e-08	-1.60695162801666e-08
60.8210000132379	0.42	-0.42	2.83205495660999e-08	8.347086954762e-09	-8.347086954762e-09
61.6610000139759	0.42	-0.42	4.69308935065028e-08	1.13989922607252e-08	-1.13989922607252e-08
62.2210000135217	0.14	-0.14	7.6091747593197e-08	1.89997446111232e-08	-1.89997446111232e-08
62.7010000135618	0.34	-0.34	4.13816638888043e-08	1.14507982424285e-08	-1.14507982424285e-08
63.381000013702	0.34	-0.34	4.44817017763197e-08	1.04846357713695e-08	-1.04846357713695e-08
64.7010000126178	0.26	-0.26	4.56295041933509e-08	1.04103238976905e-08	-1.04103238976905e-08
65.8810000137402	0.92	-0.92	1.95579627019524e-08	4.83174481428997e-09	-4.83174481428997e-09
68.6410000132738	1.84	-1.84	1.14809204974924e-08	2.53656336840816e-09	-2.53656336840816e-09
70.5610000160336	0.08	-0.08	3.95100233681279e-08	9.76043459248389e-09	-9.76043459248389e-09
71.0010000128216	0.36	-0.36	1.80433066911609e-08	4.38563907124272e-09	-4.38563907124272e-09
74.8610000134323	1.18	-1.18	7.26477315987803e-09	1.75318124691223e-09	-1.75318124691223e-09
76.8210000135654	0.78	-0.78	1.00339509444073e-08	2.36640487439411e-09	-2.36640487439411e-09
78.3810000128929	0.78	-0.78	1.15109184621046e-08	2.56905574548456e-09	-2.56905574548456e-09
80.201000013191	1.04	-1.04	7.26816523678358e-09	2.43851882254781e-09	-2.43851882254781e-09
82.2810000136953	1.04	-1.04	1.26390259400587e-08	2.66610896057088e-09	-2.66610896057088e-09
84.381000013239	1.06	-1.06	6.92392560443873e-09	2.93197956686893e-09	-2.93197956686893e-09
85.6410000127554	0.2	-0.2	3.07350211432165e-08	7.29287757675638e-09	-7.29287757675638e-09
88.0010000133738	2.16	-2.16	1.0369036924932e-08	2.43746542589576e-09	-2.43746542589576e-09
90.4010000146429	0.24	-0.24	3.48395097684453e-08	8.05891249673386e-09	-8.05891249673386e-09
105.741000013327	15.0999999999998	-15.0999999999998	1.16985582347365e-08	2.13503847515591e-09	-2.13503847515591e-09

## XRT - xrtwtflux
91.860	0.583	-0.504	4.73327421736568e-09	7.05598460149891e-10	-7.05597595705838e-10
93.075	0.486	-0.631	4.47710940500583e-09	7.0077878135309e-10	-7.00777910704851e-10
94.310	0.580	-0.749	3.85924194745847e-09	5.89445083344921e-10	-5.89444316042688e-10
95.647	0.634	-0.757	3.71486835691578e-09	5.67393847833301e-10	-5.67393074629803e-10
96.911	0.768	-0.63	3.72250370272489e-09	5.68560078404798e-10	-5.68559410906445e-10
98.357	0.599	-0.677	4.18641767669253e-09	6.24077547518046e-10	-6.24076762467301e-10
99.607	0.574	-0.651	4.24448394981584e-09	6.48285314637203e-10	-6.48284536256175e-10
100.929	0.633	-0.748	3.66651328359616e-09	5.60008387778562e-10	-5.60007630500258e-10
102.355	0.631	-0.794	3.52839049027404e-09	5.32739726010591e-10	-5.32738990559543e-10
103.646	0.607	-0.659	3.84871000620517e-09	5.73734830539985e-10	-5.73734114056457e-10
105.105	0.750	-0.852	3.05885727550083e-09	4.55989982533541e-10	-4.55989365556444e-10
106.888	0.887	-1.033	2.64829838678771e-09	3.94787178477269e-10	-3.9478664480093e-10
108.704	0.741	-0.93	3.10402264797758e-09	4.74095879141352e-10	-4.74095325163404e-10
110.392	0.936	-0.948	2.89829534941397e-09	4.32054800971687e-10	-4.32054227749445e-10
112.058	0.720	-0.729	3.79402800162897e-09	5.65583389890109e-10	-5.65582583751504e-10
113.485	1.114	-0.708	3.07798061620397e-09	4.5884076954468e-10	-4.58840080485423e-10
116.190	0.941	-1.591	2.05032039120776e-09	3.37290253101385e-10	-3.37289796097781e-10
118.055	1.163	-0.924	2.66381552702237e-09	3.97100426268059e-10	-3.97099857006887e-10
120.378	1.236	-1.161	2.11413214562913e-09	3.39203590177922e-10	-3.39203152298965e-10
122.948	0.963	-1.334	2.12900525637949e-09	3.33242456997734e-10	-3.33242038159245e-10
124.863	0.939	-0.952	2.46493113319398e-09	3.85823147669886e-10	-3.85822640876999e-10
127.154	1.137	-1.352	1.7512587981643e-09	2.95462168561276e-10	-2.95461767819682e-10
129.267	0.983	-0.976	2.3506597511765e-09	3.67936873915315e-10	-3.67936373348716e-10
131.534	1.474	-1.284	1.69847702482039e-09	2.59418638434219e-10	-2.5941833832219e-10
134.352	1.111	-1.344	1.89288156888928e-09	2.89111175854026e-10	-2.89110778825411e-10
136.529	1.318	-1.066	1.95627746268392e-09	2.91626371706079e-10	-2.9162588232865e-10
139.231	1.720	-1.385	1.4767788738005e-09	2.20146461389912e-10	-2.20146076522177e-10
142.750	1.473	-1.799	1.33657906053911e-09	2.09207895546857e-10	-2.09207610312631e-10
145.463	1.162	-1.24	1.96887720007093e-09	2.93504597288235e-10	-2.93504112175593e-10
148.175	1.553	-1.55	1.5039101099429e-09	2.35399539929939e-10	-2.35399144053952e-10
151.553	1.509	-1.825	1.45704348891704e-09	2.22543089671285e-10	-2.22542786040856e-10
154.798	1.824	-1.736	1.32807403437517e-09	2.07876763094785e-10	-2.07876459949593e-10
158.930	1.773	-2.308	1.15692007557021e-09	1.7670351786206e-10	-1.76703215319144e-10
162.467	2.061	-1.764	1.22429834341e-09	1.86994469291108e-10	-1.86994269248242e-10
166.580	1.846	-2.052	1.1921369404688e-09	1.8208232110004e-10	-1.82082126078738e-10
170.153	2.192	-1.727	9.10072113309423e-10	1.61240115541107e-10	-1.61240020112257e-10
174.538	2.003	-2.192	1.06411291915202e-09	1.62528490201329e-10	-1.62528304180448e-10
178.326	2.006	-1.785	1.12481315295241e-09	1.71799559461999e-10	-1.71799286364031e-10
181.930	1.594	-1.598	8.88025712674783e-10	1.62131249092679e-10	-1.62131070637805e-10
185.031	1.676	-1.507	8.94239070208234e-10	1.63265652297663e-10	-1.63265473093896e-10
189.004	2.184	-2.298	9.70061733914745e-10	1.44609119280226e-10	-1.44608845556398e-10
192.908	2.102	-1.719	7.45171587299188e-10	1.41107863595548e-10	-1.41107771546929e-10
196.980	1.721	-1.97	7.63533224486144e-10	1.39402049521417e-10	-1.39401872048724e-10
200.182	2.945	-1.48	6.03139589051749e-10	1.14212290226763e-10	-1.14212203965528e-10
205.167	2.448	-2.041	5.94749234758683e-10	1.12623457986761e-10	-1.12623371693658e-10
209.593	1.688	-1.979	7.67934452245295e-10	1.40205584387983e-10	-1.40205407093669e-10
213.690	1.340	-2.409	7.65587318681779e-10	1.39777022479134e-10	-1.39776932129795e-10
217.451	1.899	-2.421	6.2913199607005e-10	1.1913425177932e-10	-1.19134163932114e-10
222.049	2.802	-2.699	4.90444873284109e-10	8.95429106568352e-11	-8.95428257192409e-11
227.138	2.126	-2.287	6.2519598106825e-10	1.14145121840346e-10	-1.1414494815265e-10
231.471	2.677	-2.208	5.63483431549258e-10	1.10727260938039e-10	-1.10727169506114e-10
236.926	3.352	-2.777	5.0490645076495e-10	9.21832641512013e-11	-9.2183166728866e-11
243.701	2.213	-3.423	5.3489023204905e-10	1.01288359466798e-10	-1.01288262015955e-10
248.277	2.311	-2.363	6.23342112682204e-10	1.2248972984337e-10	-1.22489633081392e-10
252.454	2.327	-1.866	6.90342505101005e-10	1.35655659030429e-10	-1.35655562882113e-10
258.044	3.080	-3.263	4.32968961966506e-10	8.83392697384892e-11	-8.83391947081642e-11
264.382	3.219	-3.259	4.53150816688181e-10	8.27339865516778e-11	-8.27338959602332e-11
270.178	4.174	-2.576	4.22297833063516e-10	7.71009979479406e-11	-7.71009189036295e-11
276.281	2.159	-1.93	6.78242342611349e-10	1.28433902741709e-10	-1.28433813107748e-10
282.206	3.075	-3.766	4.18985486478612e-10	7.93403173785541e-11	-7.93402439981051e-11
287.640	2.917	-2.36	5.6281592639839e-10	1.06576507075032e-10	-1.06576413427832e-10
295.577	4.109	-5.019	3.29632149412451e-10	6.24201022204158e-11	-6.24200443446243e-11
304.067	4.787	-4.381	3.26808824050037e-10	5.96670939093327e-11	-5.9667037831641e-11

## XRT - xrtpcflux
324.250	12.046	-13.027	2.77078172085602e-10	5.7904035735944e-11	-5.7904035735944e-11
354.837	16.561	-18.541	1.83354518556433e-10	4.02737544018148e-11	-4.02737544018148e-11
381.524	7.426	-10.125	3.6280925574853e-10	8.11266163303826e-11	-8.11266163303826e-11
403.262	15.775	-14.313	2.13047022368532e-10	4.78434344126379e-11	-4.78434344126379e-11
438.714	17.933	-19.677	1.75923847998791e-10	3.9540739527587e-11	-3.9540739527587e-11
489.741	17.051	-33.095	1.42151814724429e-10	3.04251852466802e-11	-3.04251852466802e-11
527.002	17.400	-20.209	1.69172511739908e-10	3.79580124609292e-11	-3.79580124609292e-11
560.393	19.111	-15.991	1.79455935056549e-10	4.02999557933264e-11	-4.02999557933264e-11
607.703	26.962	-28.199	1.17858929893667e-10	2.58452760019983e-11	-2.58452760019983e-11
677.975	21.880	-43.31	9.34307219510587e-11	2.1017599410153e-11	-2.1017599410153e-11
719.421	25.566	-19.565	1.32197584302309e-10	2.9687258641826e-11	-2.9687258641826e-11
786.965	33.240	-41.978	8.28825314094244e-11	1.81901994109302e-11	-1.81901994109302e-11
4205.781	131.902	-204.77	9.88086970503721e-12	2.23681310612438e-12	-2.23681310612438e-12
4400.926	69.644	-63.243	1.47552948331901e-11	3.24900984462748e-12	-3.24900984462748e-12
4578.657	100.020	-108.087	9.50053990410055e-12	2.09574349959856e-12	-2.09574349959856e-12
4783.263	80.955	-104.586	1.08123333843667e-11	2.37435260074343e-12	-2.37435260074343e-12
4987.036	87.795	-122.818	9.04872427394495e-12	2.05038869754895e-12	-2.05038869754895e-12
5168.359	76.969	-93.528	8.30743182642258e-12	2.1750110179634e-12	-2.1750110179634e-12
5346.404	69.421	-101.076	8.25815126135797e-12	2.16486415289481e-12	-2.16486415289481e-12
5495.458	128.474	-79.633	8.28182168897447e-12	1.97686686708037e-12	-1.97686686708037e-12
5765.940	123.766	-142.009	5.37068157045383e-12	1.41332249917084e-12	-1.41332249917084e-12
5985.002	92.753	-95.295	7.68273499774723e-12	2.01145621102529e-12	-2.01145621102529e-12
6332.806	271.476	-255.051	5.02021015170651e-12	9.68268938845464e-13	-9.68268938845464e-13
10243.758	272.218	-455.158	2.42891155551439e-12	6.4391248913095e-13	-6.4391248913095e-13
10800.765	214.165	-284.789	3.11938066915267e-12	8.19652860078572e-13	-8.19652860078572e-13
11231.730	274.633	-216.8	3.17970689562897e-12	8.35504262910521e-13	-8.35504262910521e-13
11945.677	443.251	-439.314	1.74962529967845e-12	4.68353363303502e-13	-4.68353363303502e-13
17364.908	6591.062	-994.686	8.58831170322877e-13	1.95617239128737e-13	-1.95617239128737e-13
61224.236	60609.988	-32324.939	7.59150166748327e-14	2.16108926164283e-14	-2.16108926164283e-14
