## BAT - batSNR4flux
0.201000018119812	0.2	-0.2	8.40203698026373e-08	2.053453693734e-08	-2.053453693734e-08
0.520999987125397	0.12	-0.12	1.05393540560514e-07	2.28591916493984e-08	-2.28591916493984e-08
0.741000003814697	0.1	-0.1	1.03860443224511e-07	2.37793965906796e-08	-2.37793965906796e-08
0.90100000222524	0.06	-0.06	1.39265195878538e-07	2.96826018828688e-08	-2.96826018828688e-08
1.0810000093778	0.12	-0.12	7.54215393614008e-08	1.98389373242593e-08	-1.98389373242593e-08
1.24100001573563	0.04	-0.04	1.66443781294191e-07	4.07089533777966e-08	-4.07089533777966e-08
1.46099999798669	0.18	-0.18	5.77822340987278e-08	1.63880727251676e-08	-1.63880727251676e-08
1.70099999427795	0.06	-0.06	1.26251326600293e-07	3.05890348780702e-08	-3.05890348780702e-08
1.80100001811981	0.04	-0.04	1.74720544346703e-07	3.90395116660129e-08	-3.90395116660129e-08
1.96100000460943	0.12	-0.12	1.02447123360133e-07	2.26894491322772e-08	-2.26894491322772e-08
2.20100001414617	0.12	-0.12	9.84040024713648e-08	2.65264773711668e-08	-2.65264773711668e-08
2.40100001215935	0.08	-0.08	1.54824057057942e-07	3.5853280053077e-08	-3.5853280053077e-08
2.60099999030431	0.12	-0.12	1.19047651986435e-07	3.21890210435319e-08	-3.21890210435319e-08
2.84099999984105	0.12	-0.12	1.64476425581036e-07	3.71079051168857e-08	-3.71079051168857e-08
3.04099999785423	0.08	-0.08	1.86812313096827e-07	4.28582424682884e-08	-4.28582424682884e-08
3.52100000500679	0.4	-0.4	1.30923354940196e-07	2.5830236634991e-08	-2.5830236634991e-08
4.02099999904633	0.1	-0.1	1.7430301485783e-07	4.24406926227511e-08	-4.24406926227511e-08
4.42100000699361	0.3	-0.3	7.41442483241461e-08	2.25404742380271e-08	-2.25404742380271e-08
4.88100000143051	0.16	-0.16	1.64260607682582e-07	3.1706773901366e-08	-3.1706773901366e-08
5.12100001096725	0.08	-0.08	1.86405130279463e-07	4.50705644694496e-08	-4.50705644694496e-08
5.24100001573563	0.04	-0.04	2.99709279021857e-07	6.6681200206664e-08	-6.6681200206664e-08
5.40100004196167	0.04	-0.04	2.3212252762272e-07	5.76798898024683e-08	-5.76798898024683e-08
5.68099998354912	0.08	-0.08	1.54579030891849e-07	3.63553455642995e-08	-3.63553455642995e-08
6.04100001062665	0.28	-0.28	6.94416179084444e-08	1.66186478714412e-08	-1.66186478714412e-08
6.74100000154404	0.42	-0.42	5.86291422246982e-08	1.38287838795428e-08	-1.38287838795428e-08
7.58100000086285	0.42	-0.42	4.65122963556219e-08	1.235981661425e-08	-1.235981661425e-08
8.28100001164845	0.28	-0.28	6.86957259998219e-08	1.66522280393917e-08	-1.66522280393917e-08
9.241000001711	0.68	-0.68	2.84725898767901e-08	1.04432396483824e-08	-1.04432396483824e-08
10.6010000054976	0.68	-0.68	5.05639413102167e-08	1.09010860885185e-08	-1.09010860885185e-08

## XRT - xrtwtflux
170.277	0.747	-0.734	1.41313023190906e-09	2.14977539914867e-10	-2.14980549250209e-10
171.735	0.637	-0.711	1.54453231222864e-09	2.39830383626232e-10	-2.3983505862914e-10
173.234	0.659	-0.862	1.40650704499614e-09	2.13970002120172e-10	-2.13973838509979e-10
174.652	0.737	-0.759	1.33457485048182e-09	2.25375149937755e-10	-2.25378621753137e-10
175.955	0.644	-0.566	1.83263532753069e-09	2.731936368645e-10	-2.73200193189432e-10
177.529	0.831	-0.93	1.2569327205423e-09	1.91215604061411e-10	-1.91221189390976e-10
179.155	0.643	-0.794	1.58699220456791e-09	2.36575527559751e-10	-2.36586068554512e-10
180.630	0.672	-0.832	1.52257157369852e-09	2.31627088022081e-10	-2.31637580523122e-10
182.140	0.781	-0.838	1.38825879692571e-09	2.15565056869341e-10	-2.15575085747387e-10
183.707	0.767	-0.786	1.41927045491881e-09	2.24984592385568e-10	-2.24997081781577e-10
185.291	0.921	-0.818	1.32246571331311e-09	1.97142646713352e-10	-1.97157614981321e-10
187.086	1.003	-0.874	1.19802021097696e-09	1.8225429244781e-10	-1.82271955488631e-10
188.968	0.816	-0.879	1.29674834460389e-09	2.01356425727219e-10	-2.01375491567887e-10
190.760	0.750	-0.976	1.29440970413528e-09	1.96918364274451e-10	-1.96941046325912e-10
192.555	0.725	-1.045	1.28712528870263e-09	1.91876195490708e-10	-1.91906312767196e-10
194.070	0.844	-0.79	1.37747098059955e-09	2.09556163006909e-10	-2.09592022877122e-10
195.743	0.587	-0.829	1.61677940599591e-09	2.410191660536e-10	-2.41059441780015e-10
197.239	0.762	-0.909	1.26965115761885e-09	2.09894397299365e-10	-2.09925048399838e-10
198.951	0.787	-0.951	1.30283190815591e-09	1.98202520652283e-10	-1.98243900864707e-10
200.493	0.705	-0.754	1.57650586930734e-09	2.35017986732894e-10	-2.35071725559034e-10
202.051	0.839	-0.853	1.35293828746362e-09	2.1008490994508e-10	-2.10127900315121e-10
203.768	0.712	-0.878	1.48608502439377e-09	2.21537626108376e-10	-2.21583962993164e-10
205.132	0.628	-0.652	1.83357934900655e-09	2.73339185711751e-10	-2.73390120915306e-10
206.818	0.895	-1.058	1.17141484571751e-09	1.78210511486163e-10	-1.78251838805714e-10
208.519	0.754	-0.806	1.45291644397704e-09	2.21035365974267e-10	-2.21082668738469e-10
210.266	0.920	-0.993	1.17414861189872e-09	1.78626300360331e-10	-1.78667126831739e-10
212.119	0.809	-0.933	1.27530954466375e-09	1.94015069751343e-10	-1.94053175251905e-10
213.759	0.788	-0.831	1.39712180237023e-09	2.08275431913648e-10	-2.08318604074228e-10
215.576	0.897	-1.029	1.13040297410934e-09	1.79196552576941e-10	-1.79232514174938e-10
217.280	0.641	-0.807	1.53905728709345e-09	2.38985091768823e-10	-2.390312753879e-10
218.793	0.941	-0.872	1.24562379023762e-09	1.89498780717458e-10	-1.89535513170657e-10
221.107	0.914	-1.372	9.99311951500731e-10	1.48971789222626e-10	-1.49000934220873e-10
222.979	0.877	-0.959	1.21692211225842e-09	1.81411319455055e-10	-1.81443528352142e-10
224.884	0.883	-1.027	1.12477292048235e-09	1.71113745382935e-10	-1.71147804011993e-10
226.488	0.510	-0.721	1.79451161678765e-09	2.64592844815296e-10	-2.64650560813586e-10
227.663	0.675	-0.665	1.63081293164767e-09	2.48097368073465e-10	-2.48140285448912e-10
229.241	0.807	-0.903	1.33129661467559e-09	2.02531454109423e-10	-2.02564988715359e-10
230.902	0.729	-0.854	1.52340061549474e-09	2.27099387768613e-10	-2.27140517896396e-10
232.554	0.882	-0.922	1.26687831373142e-09	1.9671959433673e-10	-1.96748745816468e-10
234.429	0.898	-0.993	1.20674996604013e-09	1.83583742108946e-10	-1.83612728942946e-10
236.006	0.680	-0.68	1.63062220576491e-09	2.48066946334534e-10	-2.48100146906904e-10
237.534	0.858	-0.848	1.32768598741305e-09	1.97922624231205e-10	-1.97952940835254e-10
239.302	0.907	-0.91	1.25654764484342e-09	1.87316730346071e-10	-1.87337714548613e-10
241.228	0.947	-1.019	1.15236529465211e-09	1.75309824606032e-10	-1.75334579526431e-10
243.033	0.693	-0.858	1.34948312265982e-09	2.27894779211355e-10	-2.27920604644977e-10
244.989	1.193	-1.263	9.19146757644305e-10	1.37019680663781e-10	-1.37036241034111e-10
247.506	1.200	-1.325	8.75129269657998e-10	1.33133221328846e-10	-1.33147357028471e-10
249.910	0.988	-1.204	1.00180452626538e-09	1.52404039683416e-10	-1.52418134627642e-10
251.610	0.732	-0.712	1.46711036445128e-09	2.32569223653566e-10	-2.32591633724259e-10
253.481	0.948	-1.139	1.0351419608005e-09	1.62079475816175e-10	-1.6209359028971e-10
255.476	1.127	-1.047	1.00085406880267e-09	1.52259235396454e-10	-1.52271674132702e-10
257.583	0.859	-0.979	1.11068061746624e-09	1.83611970528738e-10	-1.83622645096011e-10
259.531	0.953	-1.089	1.06454523643843e-09	1.6194851205448e-10	-1.61960806622775e-10
261.635	1.163	-1.152	7.84141880397701e-10	1.54800379657656e-10	-1.54807335104534e-10
263.732	1.057	-0.934	1.14225504167671e-09	1.73770625522743e-10	-1.73785980616223e-10
265.492	0.835	-0.702	1.50560038411877e-09	2.2904591829835e-10	-2.2906432694305e-10
267.456	1.182	-1.129	8.43402027057685e-10	1.59016917062996e-10	-1.59023401825611e-10
269.580	0.801	-0.943	1.3327290307474e-09	1.98672559293134e-10	-1.98687445305367e-10
271.409	1.201	-1.028	1.00387472321976e-09	1.55879206679307e-10	-1.55889940663896e-10
273.331	0.749	-0.721	1.4352599964934e-09	2.37269485663826e-10	-2.37280330249704e-10
274.759	0.932	-0.68	1.40337957745605e-09	2.09204235594858e-10	-2.09215773520421e-10
276.893	1.261	-1.202	9.08191646231942e-10	1.3816233528608e-10	-1.38170409305113e-10
279.165	0.838	-1.011	1.22506004840461e-09	1.90224243986413e-10	-1.90236180880545e-10
281.137	0.819	-1.135	1.17838467781018e-09	1.88311307295905e-10	-1.88320654358556e-10
283.156	1.335	-1.2	8.13618149687238e-10	1.46674969509276e-10	-1.46680875171106e-10
285.375	0.730	-0.884	1.41368789450083e-09	2.19513925791318e-10	-2.19528307549763e-10
287.123	1.177	-1.018	9.47166888433391e-10	1.63433837834158e-10	-1.63439829530539e-10
289.343	1.044	-1.043	9.65448939910198e-10	1.70255258606056e-10	-1.70262664515916e-10
291.577	0.910	-1.19	8.8830020573615e-10	1.71351373756037e-10	-1.7135682386779e-10
293.239	1.135	-0.753	1.04235540869209e-09	1.879104559547e-10	-1.87917162526455e-10
1563.225	2.243	-1.849	3.27138819827703e-10	6.55387699878235e-11	-6.5540973537575e-11
1567.357	2.399	-1.889	4.03837101687138e-10	7.97229053536393e-11	-7.97253731143719e-11
1571.627	1.795	-1.871	4.1593303783024e-10	7.59388629273233e-11	-7.59419149558545e-11
1575.039	1.739	-1.616	4.27621471337994e-10	9.13555588451474e-11	-9.13581722645234e-11
1578.810	2.030	-2.032	4.0936350071409e-10	7.7055568754611e-11	-7.70584184898535e-11
1582.809	1.824	-1.969	3.54106887561306e-10	8.97566778995782e-11	-8.97590498644117e-11
1586.789	2.018	-2.156	6.29223019588771e-10	9.57231711697352e-11	-9.57299768828162e-11
1590.485	2.626	-1.678	5.1122154881408e-10	8.38027553345218e-11	-8.38071338541385e-11
1594.799	1.686	-1.689	4.57077801285756e-10	8.60369597573321e-11	-8.60401029320047e-11
1598.529	1.368	-2.044	4.3194819647094e-10	7.88628336665202e-11	-7.88663560100759e-11
1601.715	1.603	-1.818	4.42940039205213e-10	8.3375828032372e-11	-8.33796283129419e-11
1605.113	1.655	-1.794	4.09941616875074e-10	9.05113228333497e-11	-9.05143809853573e-11
1608.389	1.733	-1.621	3.92724059994921e-10	9.95451200931677e-11	-9.95476234689217e-11
1612.251	2.046	-2.129	3.84461262673243e-10	7.23682132913556e-11	-7.23712828519973e-11
1615.568	1.545	-1.27	8.24031991963475e-10	1.27953692368106e-10	-1.27962769389294e-10
1619.057	2.009	-1.944	3.67110213888999e-10	7.35466954478749e-11	-7.35501739054114e-11
1623.109	1.792	-2.044	3.9539081970308e-10	7.21884226325768e-11	-7.21919037579917e-11
1626.914	2.665	-2.013	4.54184699624396e-10	7.35168043158176e-11	-7.35207268659795e-11
1631.720	2.557	-2.141	4.41314309546018e-10	7.11402761979265e-11	-7.11446349647034e-11
1636.183	1.615	-1.906	6.16471006814682e-10	9.77238644476357e-11	-9.77299925931026e-11
1639.861	2.001	-2.063	4.916630829175e-10	8.30293705668176e-11	-8.30338131189931e-11
1643.496	1.664	-1.635	4.09926576574523e-10	7.95864127660174e-11	-7.95896674275797e-11
1646.797	1.650	-1.637	3.94344864624986e-10	8.42464629395e-11	-8.42490152479486e-11
1650.029	1.789	-1.581	3.49309616387471e-10	8.85406677133581e-11	-8.85427173025129e-11
1653.022	1.527	-1.204	8.2748676592514e-10	1.31174392992853e-10	-1.31183282736026e-10
1655.825	2.005	-1.276	4.84036694137209e-10	8.83729259786789e-11	-8.83772047951989e-11
1659.894	1.972	-2.065	3.47627125402015e-10	7.42658496281511e-11	-7.42683708520389e-11
1664.209	1.408	-2.343	3.72481049811588e-10	7.95755555816376e-11	-7.95783066995805e-11
1667.559	2.147	-1.943	3.56365071074257e-10	7.13939823884002e-11	-7.13966656719773e-11
1671.868	2.210	-2.162	2.90243894571988e-10	6.85703810052704e-11	-6.8572279846394e-11
1676.037	1.427	-1.959	4.74859997578963e-10	8.52876531927676e-11	-8.52913240194399e-11
1679.538	2.429	-2.074	4.25463594318762e-10	7.49401387902016e-11	-7.49434395298585e-11
1683.856	2.361	-1.89	3.27878931094385e-10	8.32059185146767e-11	-8.32079036775586e-11
1688.049	2.212	-1.832	4.04024265478062e-10	7.84405051563375e-11	-7.84435993446289e-11
1692.145	1.546	-1.884	5.1863981868785e-10	9.76249698677563e-11	-9.76288755695774e-11
1696.070	1.740	-2.379	4.33413400145172e-10	8.41462588267543e-11	-8.41490098507537e-11
1700.012	1.986	-2.202	3.96987024327639e-10	8.77432242795262e-11	-8.77453747307851e-11
1704.139	1.611	-2.141	3.42153054542798e-10	7.55441509674177e-11	-7.55462900549257e-11
1707.942	1.967	-2.192	4.75475616185202e-10	8.38493333583977e-11	-8.38534680088699e-11
1712.030	1.543	-2.12	4.1712027700953e-10	8.35655815300438e-11	-8.3568344927178e-11
1715.878	1.970	-2.305	3.32101144481955e-10	8.12394994830121e-11	-8.1241248311975e-11
1719.803	2.037	-1.955	4.15375592160681e-10	8.06442951390964e-11	-8.06473302204668e-11
1724.347	2.285	-2.507	3.23711954202252e-10	6.48522681404806e-11	-6.4854565760602e-11
1729.169	2.143	-2.538	2.19193110264887e-10	7.00296947041352e-11	-7.00305337803375e-11
1732.822	1.931	-1.51	4.06278746554732e-10	8.97024813413931e-11	-8.97046151239369e-11
1736.438	1.777	-1.685	4.69751407242698e-10	8.57646651967689e-11	-8.57678080423908e-11
1740.858	1.597	-2.643	3.22842972550983e-10	7.37109506813544e-11	-7.3712846444187e-11
1744.288	1.569	-1.833	4.24668850436105e-10	9.16479652462961e-11	-9.16508247002805e-11
1748.048	1.515	-2.191	3.99605061867254e-10	8.00566350200425e-11	-8.00597496495035e-11
1751.564	1.925	-2.001	3.88484248171208e-10	7.31254675617849e-11	-7.31287660862793e-11
1755.652	2.666	-2.163	2.50659440257775e-10	6.13170670213445e-11	-6.13186959711186e-11
1760.633	2.246	-2.315	3.07926697736336e-10	5.97833172793432e-11	-5.97854797276892e-11
1764.566	1.776	-1.687	4.00634023677992e-10	7.77822498620247e-11	-7.77846546433096e-11
1768.318	2.048	-1.976	3.6074493116247e-10	6.58628782470317e-11	-6.58655053883547e-11
1772.080	1.611	-1.714	3.97025781661959e-10	8.21160602975536e-11	-8.21191768829931e-11
1775.653	2.237	-1.962	3.38027279890275e-10	6.36277950444699e-11	-6.36305996626995e-11
1780.189	2.253	-2.3	3.08722416680099e-10	5.99378182936224e-11	-5.99398940590958e-11
1783.921	2.612	-1.479	4.02338812784071e-10	7.70571236020952e-11	-7.70597891116429e-11
1788.445	1.936	-1.912	4.46841848302121e-10	7.96076192647949e-11	-7.96110490582033e-11
1792.322	1.754	-1.941	3.8863940038593e-10	8.03814860807653e-11	-8.03841471474321e-11
1796.349	2.493	-2.273	3.42564597050056e-10	6.44818365244295e-11	-6.44843942597132e-11
1800.643	2.062	-1.801	4.94206684775474e-10	9.29197886972501e-11	-9.29241852013601e-11
1805.176	1.971	-2.471	3.53909421048792e-10	7.31983702422949e-11	-7.32012279474137e-11
1809.420	1.670	-2.273	3.55089387173169e-10	8.10734079654918e-11	-8.10754482538422e-11
1812.555	1.859	-1.465	4.62921528484817e-10	9.27413979198471e-11	-9.27445863251441e-11
1816.297	1.773	-1.883	4.82818265213906e-10	8.88715880861883e-11	-8.88756425921237e-11
1819.802	2.552	-1.732	4.17200445813443e-10	7.67933872977503e-11	-7.67967152141681e-11
1824.880	2.560	-2.526	2.40334573039675e-10	6.81006545949331e-11	-6.8101823894672e-11
1830.043	2.200	-2.603	3.42806670251238e-10	7.09019962989935e-11	-7.09045506815384e-11
1834.128	2.202	-1.885	4.73734801889076e-10	8.66882719190043e-11	-8.66915893785431e-11
1839.740	2.417	-3.41	2.60828672056591e-10	5.22542436788445e-11	-5.22557058363477e-11
1844.329	1.861	-2.172	4.31133619355409e-10	7.76149798600406e-11	-7.76179645005632e-11
1847.939	2.129	-1.749	4.16438936680804e-10	8.19871381859039e-11	-8.19900786850038e-11
1852.222	2.351	-2.153	2.9269930795444e-10	6.9150487960716e-11	-6.91527055260601e-11
1856.634	2.410	-2.061	3.46411693342683e-10	6.93999191896685e-11	-6.9402665447515e-11
1861.124	2.770	-2.08	2.69403580747598e-10	6.59023022156777e-11	-6.59039623500084e-11
1865.770	1.741	-1.875	6.52091323688415e-10	1.01255009617737e-10	-1.01260630927416e-10
1869.649	2.210	-2.138	3.60480008159946e-10	6.58145037303644e-11	-6.58170997641272e-11
1873.619	1.792	-1.76	4.14766484276194e-10	7.8072641158605e-11	-7.8076011694275e-11
1877.803	2.447	-2.392	3.80039265178971e-10	7.16534175090891e-11	-7.16563451423015e-11
1882.199	2.047	-1.949	3.66912509401349e-10	6.90648927322923e-11	-6.90672820153839e-11
1886.537	1.827	-2.291	3.63069746587064e-10	6.83416358835914e-11	-6.83444474114801e-11
1890.502	2.553	-2.137	4.69592750105293e-10	7.44404826633355e-11	-7.44447685174856e-11
1895.263	2.493	-2.209	2.81862269945686e-10	6.22325710980292e-11	-6.22344027427357e-11
1900.652	2.463	-2.895	2.53232409546123e-10	5.40997116190921e-11	-5.41016796344608e-11
1904.805	1.611	-1.69	4.67671406941457e-10	8.53850623990886e-11	-8.5389455947099e-11
1908.518	1.497	-2.102	4.02645459925609e-10	8.06658139456495e-11	-8.0669287911232e-11
1912.059	2.025	-2.044	3.17772258237985e-10	8.63174517252972e-11	-8.63191291035142e-11
1915.851	2.221	-1.767	3.95485551899725e-10	7.2205646412544e-11	-7.22084998726167e-11
1919.758	2.011	-1.686	4.01467325398297e-10	8.04297090064917e-11	-8.04323452298144e-11
1923.877	1.917	-2.108	3.58835895512768e-10	7.4217262944349e-11	-7.42195500590994e-11
1928.101	1.333	-2.307	4.05017393654814e-10	7.86332804665389e-11	-7.86364496108021e-11
1931.574	1.160	-2.141	5.82231918820885e-10	1.07326985647301e-10	-1.07331791702922e-10
1934.747	1.872	-2.013	3.4760816719116e-10	7.42618188334945e-11	-7.42642919720776e-11
1939.123	1.982	-2.503	4.34891837007589e-10	8.1995476149138e-11	-8.19988686014223e-11
1942.715	1.988	-1.611	4.83695851745004e-10	8.42009057284557e-11	-8.42048827333787e-11
1947.171	3.185	-2.467	2.82559103327004e-10	5.31868799428643e-11	-5.3189380960204e-11
1952.283	1.443	-1.927	4.7042989882782e-10	9.13329657964188e-11	-9.13363401475205e-11
1956.108	2.594	-2.382	3.22453715211528e-10	6.06963012096074e-11	-6.06984364782131e-11
1960.805	2.269	-2.103	3.20378367546506e-10	7.07365350839933e-11	-7.07383242781146e-11
1965.556	2.411	-2.483	4.493556486706e-10	7.36974944911187e-11	-7.37009736680807e-11
1969.752	1.625	-1.784	4.62962457764492e-10	8.5642692297712e-11	-8.56460878794204e-11
1973.114	2.624	-1.737	3.11437077676149e-10	6.65343306141861e-11	-6.65365820021566e-11
1978.235	2.094	-2.498	2.38153226842679e-10	6.74825727293506e-11	-6.74838074023563e-11
1983.220	2.416	-2.891	2.43507265529578e-10	5.75287780203017e-11	-5.7530325960928e-11
1987.737	1.685	-2.101	4.15922385705594e-10	7.82902791601362e-11	-7.82941374432803e-11
1992.055	1.911	-2.633	3.4683867307399e-10	6.33239974406779e-11	-6.33268699393348e-11
1996.024	1.819	-2.058	4.27782784784907e-10	7.74459195206415e-11	-7.74496083475729e-11
2000.892	3.251	-3.049	1.86391027026436e-10	4.40350596923093e-11	-4.40364585563495e-11
2005.996	1.767	-1.854	4.07705717055853e-10	7.44368517721642e-11	-7.44408281576472e-11
2010.687	2.657	-2.924	1.93203023655813e-10	5.47455990033994e-11	-5.47467218105884e-11
2015.658	2.158	-2.314	3.22226483918584e-10	6.66454504553678e-11	-6.66480227468105e-11
2019.981	2.020	-2.164	4.51503552608061e-10	7.87885052177631e-11	-7.87930389235669e-11
2024.026	1.336	-2.025	4.4944135475235e-10	8.45996923124878e-11	-8.46043925257966e-11
2027.261	2.134	-1.899	3.22006469228956e-10	7.10961042964481e-11	-7.10992857933324e-11
2030.999	1.987	-1.604	4.11860873469604e-10	7.51954487789281e-11	-7.51992060912221e-11
2035.085	1.996	-2.099	3.3375608140058e-10	6.68645058937848e-11	-6.68669321804264e-11
2039.102	1.833	-2.021	3.56279023480059e-10	7.13767340986399e-11	-7.13796223960605e-11
2043.090	1.999	-2.156	3.5309603014906e-10	6.44664556847496e-11	-6.44696440478065e-11
2047.112	2.117	-2.023	3.51269262835262e-10	6.41329562739716e-11	-6.41363841155024e-11
2051.137	1.570	-1.908	3.76953410782509e-10	7.79645404928149e-11	-7.7967673876362e-11
2055.393	1.205	-2.686	3.64369938801641e-10	6.85864030350784e-11	-6.85898235573802e-11
2058.349	1.567	-1.751	4.34109284970275e-10	8.17136604380979e-11	-8.17178577910173e-11
2061.897	2.393	-1.98	3.35725126163197e-10	6.31944936684432e-11	-6.31973916185348e-11
2066.278	2.104	-1.988	2.31176694037161e-10	7.70464073880973e-11	-7.7047678418961e-11
2070.403	1.967	-2.021	3.21566012015652e-10	7.59702927611944e-11	-7.59726904001354e-11
2074.169	1.480	-1.799	3.75778124451014e-10	9.52497590617618e-11	-9.5252099862313e-11
2077.207	1.822	-1.558	4.44775233658542e-10	8.9106026006868e-11	-8.91097305955079e-11
2081.827	2.438	-2.798	2.6994033027651e-10	5.7669175267479e-11	-5.76714202867002e-11
2086.241	2.108	-1.976	3.76951861875277e-10	7.09546790388303e-11	-7.09579117279299e-11
2090.325	2.375	-1.977	3.65705946927836e-10	7.91027260344583e-11	-7.9105476021937e-11
2094.802	1.796	-2.102	3.42218215296497e-10	7.31103462473516e-11	-7.31131125207292e-11
2098.369	2.349	-1.771	3.16462366563337e-10	6.76079399288124e-11	-6.76101493120907e-11
2103.064	2.043	-2.346	3.14188179205013e-10	6.29442327056434e-11	-6.2946365005881e-11
2107.693	2.049	-2.585	3.06714118573739e-10	6.55253375979628e-11	-6.55274965054706e-11
2111.401	2.280	-1.659	3.87321583698132e-10	8.0108902489776e-11	-8.0111410879972e-11
2115.887	2.452	-2.205	3.44216975447526e-10	6.68290120842392e-11	-6.68312404624562e-11
2120.327	2.196	-1.988	3.48649973447723e-10	6.98482857462451e-11	-6.9850494460569e-11
2124.803	2.126	-2.279	3.21518436480742e-10	6.24221103194054e-11	-6.24243402152081e-11
2128.733	2.622	-1.805	3.07308253232195e-10	6.15659639897143e-11	-6.15683323101365e-11
2133.737	1.989	-2.382	2.90359179195057e-10	6.41086234897391e-11	-6.41107817945863e-11
2138.546	2.696	-2.82	2.3130442761336e-10	5.10698342881941e-11	-5.107128178303e-11
2144.374	1.935	-3.132	2.01751543730139e-10	5.94390266000618e-11	-5.94399900580504e-11
2148.486	3.108	-2.178	2.23984252962204e-10	5.67740269598629e-11	-5.67754335539012e-11
2153.696	1.896	-2.102	3.31395802645009e-10	7.56637676289761e-11	-7.56663218038358e-11
2157.573	1.839	-1.981	3.89517725725161e-10	7.80357850807169e-11	-7.80389620454639e-11
2161.244	1.845	-1.832	3.96814663226481e-10	7.94975934020175e-11	-7.95005206011338e-11
2165.028	1.723	-1.939	3.81594492345345e-10	7.89243969463787e-11	-7.89268926345753e-11
2169.578	2.529	-2.828	2.72744819852971e-10	5.29528713562697e-11	-5.29549342183021e-11
2173.351	2.313	-1.244	4.91367707630422e-10	8.68627250038577e-11	-8.68674899727746e-11
2178.453	2.753	-2.789	3.01797192432149e-10	6.04618827300361e-11	-6.04640254552858e-11
2183.872	2.048	-2.666	3.15464680131043e-10	7.45288570263404e-11	-7.45312491595434e-11
2188.380	2.325	-2.459	2.99996954945855e-10	6.62365484603075e-11	-6.62385832460344e-11
2192.800	1.643	-2.095	3.42472194089145e-10	7.81926592042839e-11	-7.81946632384448e-11
2196.507	2.046	-2.064	3.30763622190426e-10	6.84111318666153e-11	-6.84134674490135e-11
2201.232	3.338	-2.679	2.41269586077998e-10	4.54148422869177e-11	-4.54167943824297e-11
2208.152	2.119	-3.583	2.46458651226603e-10	4.78494675797924e-11	-4.78514510876591e-11
2213.846	3.909	-3.574	1.73143332711187e-10	3.69897426928168e-11	-3.69909326453852e-11
2220.689	2.138	-2.934	2.72495121778397e-10	5.29043707551901e-11	-5.29065870293736e-11
7780.428	7.632	-5.655	6.65681004496967e-11	2.30678943336964e-11	-2.3067885389695e-11

## XRT - xrtpcflux
2236.321	6.271	-6.265	4.80601318361378e-10	1.05199147563665e-10	-1.05199147563665e-10
2250.408	7.228	-7.816	3.45671720295553e-10	7.56643198888391e-11	-7.56643198888391e-11
2267.307	7.880	-9.671	2.92961546295426e-10	5.92809952963828e-11	-5.92809952963828e-11
2281.670	6.053	-6.484	3.26080154013227e-10	6.80879403768297e-11	-6.80879403768297e-11
2300.189	12.608	-12.465	1.51190260820673e-10	3.30941447374114e-11	-3.30941447374114e-11
2318.037	7.296	-5.24	3.2199326847767e-10	6.87500635356278e-11	-6.87500635356278e-11
2332.350	8.027	-7.017	2.5998855407397e-10	5.8135228910495e-11	-5.8135228910495e-11
2351.432	11.511	-11.055	2.24101708725411e-10	4.70585868706603e-11	-4.70585868706603e-11
2372.906	10.095	-9.964	2.44413385662888e-10	5.33353780861254e-11	-5.33353780861254e-11
2393.254	7.299	-10.253	2.57490363547062e-10	5.49777775930874e-11	-5.49777775930874e-11
2408.248	9.856	-7.695	2.24378429410279e-10	4.90387742316853e-11	-4.90387742316853e-11
2425.736	7.411	-7.633	2.4912301408829e-10	5.32694826747846e-11	-5.32694826747846e-11
2444.303	11.409	-11.156	1.58141979655586e-10	3.47228649267365e-11	-3.47228649267365e-11
5736.858	15.653	-19.449	6.27166253600183e-11	1.31400294188001e-11	-1.31400294188001e-11
5760.926	9.136	-8.415	1.14984350925334e-10	2.52677407214597e-11	-2.52677407214597e-11
5782.345	7.775	-12.283	1.03030454732463e-10	2.31229183512788e-11	-2.31229183512788e-11
5808.915	18.816	-18.794	5.97209728618517e-11	1.31698592499913e-11	-1.31698592499913e-11
5843.542	16.784	-15.811	6.40187416460011e-11	1.40928028367463e-11	-1.40928028367463e-11
5879.775	15.654	-19.449	6.43539756570028e-11	1.34830825483215e-11	-1.34830825483215e-11
5905.752	12.243	-10.323	9.30777068888514e-11	2.03822545042268e-11	-2.03822545042268e-11
5939.048	11.541	-21.054	6.40758799199575e-11	1.44334271305161e-11	-1.44334271305161e-11
5964.371	16.306	-13.782	6.88379941899338e-11	1.51006175688974e-11	-1.51006175688974e-11
5994.579	21.201	-13.902	5.55993397589594e-11	1.21539553722027e-11	-1.21539553722027e-11
6040.838	25.085	-25.058	6.62453659556855e-11	1.07775555768294e-11	-1.07775555768294e-11
7828.237	27.974	-34.709	2.9299703742447e-11	6.66120347029571e-12	-6.66120347029571e-12
7873.502	25.334	-17.291	4.35832668354813e-11	9.76336639465346e-12	-9.76336639465346e-12
7924.528	16.932	-25.693	4.32766737354233e-11	9.74824926587855e-12	-9.74824926587855e-12
7967.087	22.012	-25.627	4.23829181851787e-11	9.06620645022902e-12	-9.06620645022902e-12
8014.112	12.597	-25.013	5.56202136279313e-11	1.15976128190772e-11	-1.15976128190772e-11
8050.896	20.945	-24.187	4.17915458238747e-11	9.37917118871236e-12	-9.37917118871236e-12
8094.400	15.050	-22.56	5.24077504058907e-11	1.17617418309567e-11	-1.17617418309567e-11
8153.766	38.423	-44.316	3.8188561500176e-11	6.78184601693222e-12	-6.78184601693222e-12
13881.397	50.441	-39.822	1.94152955451038e-11	3.39749710555945e-12	-3.39749710555945e-12
23855.707	41.759	-51.011	1.21915742809936e-11	2.74241712801703e-12	-2.74241712801703e-12
24032.374	93.256	-134.907	9.13411133518865e-12	1.49107695052514e-12	-1.49107695052514e-12
29648.975	106.754	-106.369	6.09716203418542e-12	1.40164743039962e-12	-1.40164743039962e-12
29878.254	93.104	-122.525	6.08109921175517e-12	1.42152756841941e-12	-1.42152756841941e-12
30114.862	129.788	-143.504	6.38103366134662e-12	1.27952857557279e-12	-1.27952857557279e-12
42414.166	130.178	-130.581	4.68689002595741e-12	9.81000933731291e-13	-9.81000933731291e-13
53920.716	175.475	-183.069	5.21166045894493e-12	9.75845242923455e-13	-9.75845242923455e-13
65385.085	188.119	-283.253	2.05206471109856e-12	5.04011534036469e-13	-5.04011534036469e-13
70603.165	706.936	-1401.263	1.80605099692564e-12	3.65557156192377e-13	-3.65557156192377e-13
77091.694	4873.690	-670.325	1.81151928167186e-12	3.60416079770651e-13	-3.60416079770651e-13
109514.374	651.551	-514.343	1.51117675828188e-12	3.29061761514098e-13	-3.29061761514098e-13
115564.341	721.944	-772.407	9.90278782781526e-13	2.08290424026579e-13	-2.08290424026579e-13
121418.793	985.871	-919.677	7.51876845428256e-13	1.62013054290056e-13	-1.62013054290056e-13
126856.624	573.089	-620.396	8.08996716148858e-13	2.1423093724736e-13	-2.1423093724736e-13
127955.554	630.014	-525.841	1.11364268204368e-12	2.53639467113474e-13	-2.53639467113474e-13
132485.423	420.909	-509.306	1.02085960765826e-12	2.70828131306541e-13	-2.70828131306541e-13
133844.616	583.640	-938.284	7.48071836307647e-13	1.81479244865591e-13	-1.81479244865591e-13
254241.259	15538.476	-6643.659	3.29766512941229e-13	7.32764432890112e-14	-7.32764432890112e-14
335510.402	62054.578	-42565.081	1.66828587305886e-13	3.75953855514528e-14	-3.75953855514528e-14
519476.507	44169.206	-37400.437	1.0498567078844e-13	2.6922367461813e-14	-2.6922367461813e-14
719775.287	124354.452	-134228.214	7.41460650177354e-14	2.55505551639998e-14	-2.12075409300246e-14
