## BAT - batSNR4flux
1.20100001290441	0.16	-0.16	5.57834947578798e-08	1.54137319335433e-08	-1.54137319335433e-08
1.44100001126528	0.08	-0.08	1.02004677800187e-07	2.52669162854052e-08	-2.52669162854052e-08
1.72100001096725	0.2	-0.2	8.67181077519291e-08	1.96064667937072e-08	-1.96064667937072e-08
2.02100001096725	0.1	-0.1	1.4506364450805e-07	3.34244294440002e-08	-3.34244294440002e-08
2.26100001369204	0.14	-0.14	7.04713126098612e-08	3.47018726941296e-08	-3.47018726941296e-08
2.46100001454353	0.06	-0.06	2.7220784759026e-07	6.0989979895915e-08	-6.0989979895915e-08
2.92100001245737	0.4	-0.4	1.54956474606441e-07	3.63238471611338e-08	-3.63238471611338e-08
3.42100001096725	0.1	-0.1	4.86250727415106e-07	1.1568288376433e-07	-1.1568288376433e-07
3.68100000962615	0.16	-0.16	5.06435427428458e-07	1.17779335388736e-07	-1.17779335388736e-07
4.20100001249048	0.36	-0.36	4.89374783344339e-07	1.28129912550471e-07	-1.28129912550471e-07
4.62100001096725	0.06	-0.06	1.59298065025394e-06	3.63282706969841e-07	-3.63282706969841e-07
5.20100001261784	0.52	-0.52	4.76292184147365e-07	1.17817035239583e-07	-1.17817035239583e-07
6.2610000121152	0.54	-0.54	4.71431788579632e-07	1.01938780085205e-07	-1.01938780085205e-07
6.84100000977516	0.04	-0.04	1.38569697265186e-06	3.41017305780539e-07	-3.41017305780539e-07
7.40100001215935	0.52	-0.52	3.53144426697784e-07	8.81502400356271e-08	-8.81502400356271e-08
9.18100001240533	1.26	-1.26	2.13339552845561e-07	4.6060927347991e-08	-4.6060927347991e-08
12.9610000121783	2.52	-2.52	1.14655982573245e-07	2.75137108385684e-08	-2.75137108385684e-08
16.0210000114088	0.54	-0.54	2.12598276195438e-07	5.28693204804147e-08	-5.28693204804147e-08
23.9610000122079	7.39999999999993	-7.39999999999993	3.79390101263795e-08	1.02040314017005e-08	-1.02040314017005e-08
31.4810000103712	0.12	-0.12	1.93070609496186e-07	4.43672793108177e-08	-4.43672793108177e-08
34.5410000122486	2.94	-2.94	2.17110567010852e-08	6.71264159081007e-09	-6.71264159081007e-09
37.6210000109673	0.14	-0.14	1.06734130723776e-07	2.28877386698131e-08	-2.28877386698131e-08
39.0410000122897	1.28	-1.28	5.78465390118166e-08	1.17836487875383e-08	-1.17836487875383e-08
40.3610000056028	0.04	-0.04	8.91789722023624e-07	1.97240189534247e-07	-1.97240189534247e-07
40.5810000126892	0.18	-0.18	3.42199114142007e-07	1.11868360601422e-07	-1.11868360601422e-07
40.8210000089804	0.06	-0.06	1.03242202066954e-06	2.32568571495197e-07	-2.32568571495197e-07
41.2410000124243	0.36	-0.36	5.64677388315372e-07	1.36160543670474e-07	-1.36160543670474e-07
41.6610000125567	0.06	-0.06	1.89651202143431e-06	4.69714374102326e-07	-4.69714374102326e-07
41.9010000121594	0.18	-0.18	1.48830963868913e-06	3.36818500138308e-07	-3.36818500138308e-07
42.141000011762	0.06	-0.06	2.46809243012262e-06	5.91264245644132e-07	-5.91264245644132e-07
42.3010000121593	0.1	-0.1	1.28366851653817e-06	3.15067238814625e-07	-3.15067238814625e-07
42.5610000123084	0.16	-0.16	5.70835479418527e-07	1.32388533859686e-07	-1.32388533859686e-07
42.96100001206	0.24	-0.24	1.67234633112365e-07	4.17499550745402e-08	-4.17499550745402e-08
43.4410000112653	0.24	-0.24	6.74031650817446e-08	1.5475599798465e-08	-1.5475599798465e-08
44.4810000126064	0.8	-0.8	4.04521102204681e-08	8.91953336690871e-09	-8.91953336690871e-09
45.5410000116091	0.26	-0.26	8.67481704499431e-08	1.84937804467516e-08	-1.84937804467516e-08
45.9010000121594	0.1	-0.1	1.41524153872525e-07	3.3653652301448e-08	-3.3653652301448e-08
46.3010000121593	0.3	-0.3	1.14032543180439e-07	2.20235299623126e-08	-2.20235299623126e-08
46.7010000121594	0.1	-0.1	1.71555975609512e-07	4.24110807441509e-08	-4.24110807441509e-08
46.9010000121594	0.1	-0.1	1.15454218483519e-07	3.9653462091384e-08	-3.9653462091384e-08
47.1210000109673	0.12	-0.12	1.69456101675569e-07	3.51697170459124e-08	-3.51697170459124e-08
47.3410000157356	0.1	-0.1	2.05471161280125e-07	3.95789243907515e-08	-3.95789243907515e-08
47.4810000103712	0.04	-0.04	4.37742483053324e-07	9.82735614053407e-08	-9.82735614053407e-08
47.5810000093778	0.06	-0.06	5.80707520366804e-07	1.07319050915348e-07	-1.07319050915348e-07
47.6610000026226	0.02	-0.02	1.07745896840669e-06	2.31424898588655e-07	-2.31424898588655e-07
47.7010000240803	0.02	-0.02	3.52822670079758e-07	1.65777767866594e-07	-1.65777767866594e-07
47.7410000157356	0.02	-0.02	4.30736242182073e-07	1.01500267069536e-07	-1.01500267069536e-07
47.8010000032187	0.04	-0.04	1.74236892851452e-07	4.15419463130652e-08	-4.15419463130652e-08
47.861000020504	0.02	-0.02	1.19593010273017e-07	2.90530588123917e-08	-2.90530588123917e-08
47.921000007987	0.04	-0.04	6.40106308114994e-08	1.39526060946095e-08	-1.39526060946095e-08
48.0010000211	0.04	-0.04	4.19877411914961e-08	8.22932825384196e-09	-8.22932825384196e-09
48.1010000101725	0.06	-0.06	2.93755908405202e-08	6.56297042366633e-09	-6.56297042366633e-09
48.1810000133514	0.02	-0.02	1.48938656800493e-07	3.33339841599148e-08	-3.33339841599148e-08
48.2410000157356	0.04	-0.04	2.3269140324469e-07	5.52140055874585e-08	-5.52140055874585e-08
48.3210000139475	0.04	-0.04	1.25724321231544e-07	2.74278759627827e-08	-2.74278759627827e-08
48.4210000129541	0.06	-0.06	3.88072701461954e-08	7.13406835422259e-09	-7.13406835422259e-09
48.5010000061989	0.02	-0.02	4.20572191338051e-08	8.56382080018549e-09	-8.56382080018549e-09
48.5810000093778	0.06	-0.06	3.0969221674591e-08	7.00128953715999e-09	-7.00128953715999e-09
48.6610000026226	0.02	-0.02	7.98857890352921e-08	1.8514136109079e-08	-1.8514136109079e-08
48.7010000240803	0.02	-0.02	6.27147989202352e-08	2.14887758808647e-08	-2.14887758808647e-08
48.7410000157356	0.02	-0.02	1.19757800837375e-07	2.62364319481751e-08	-2.62364319481751e-08
48.8010000032187	0.04	-0.04	7.58930106028236e-08	2.34925599911437e-08	-2.34925599911437e-08
48.861000020504	0.02	-0.02	2.02442950970015e-07	4.24650531860672e-08	-4.24650531860672e-08
48.9410000137488	0.06	-0.06	9.58953810898443e-08	3.60724633805882e-08	-3.60724633805882e-08
49.0610000085831	0.06	-0.06	2.50303442296476e-07	5.7624185088123e-08	-5.7624185088123e-08
49.2210000169277	0.1	-0.1	1.59775865115623e-07	4.26716308030042e-08	-4.26716308030042e-08
49.3410000097752	0.02	-0.02	3.54465429559168e-07	8.09373318790983e-08	-8.09373318790983e-08
49.4410000112653	0.08	-0.08	9.37781234152919e-08	3.53465652782747e-08	-3.53465652782747e-08
49.601000007689	0.08	-0.08	2.04438600958449e-07	4.03706568076558e-08	-4.03706568076558e-08
49.8810000133514	0.2	-0.2	1.32773568397281e-07	3.95927348315485e-08	-3.95927348315485e-08
50.2810000133514	0.2	-0.2	2.93878553199065e-07	7.28866823815659e-08	-7.28866823815659e-08
50.5610000085831	0.08	-0.08	7.22475814370186e-07	1.78615066284985e-07	-1.78615066284985e-07
51.121000012209	0.48	-0.48	5.69016280198346e-07	1.75760915627524e-07	-1.75760915627524e-07
52.0810000118613	0.48	-0.48	1.34037611937854e-06	3.0479502383099e-07	-3.0479502383099e-07
53.7810000119759	0.26	-0.26	1.22375591030159e-07	2.8464630145072e-08	-2.8464630145072e-08
54.2210000116295	0.18	-0.18	1.0103404037683e-07	2.1643632986286e-08	-2.1643632986286e-08
54.4610000145435	0.06	-0.06	1.4781346040186e-07	3.67746390186157e-08	-3.67746390186157e-08
54.5810000093778	0.06	-0.06	1.5202600490437e-07	3.63258842916478e-08	-3.63258842916478e-08
54.7010000141462	0.06	-0.06	1.69393452653004e-07	3.75372491851689e-08	-3.75372491851689e-08
54.9010000121593	0.14	-0.14	7.89354986774184e-08	2.37167835442364e-08	-2.37167835442364e-08
55.1810000133514	0.14	-0.14	1.71779658424054e-07	3.41276053386226e-08	-3.41276053386226e-08
55.4610000102861	0.14	-0.14	2.11441961221729e-07	5.00398544913483e-08	-5.00398544913483e-08
55.7410000114781	0.14	-0.14	2.34704678229988e-07	7.19024064426562e-08	-7.19024064426562e-08
55.9610000145435	0.08	-0.08	5.79419958263017e-07	1.27667809378851e-07	-1.27667809378851e-07
56.2210000116295	0.18	-0.18	5.85107784244138e-07	1.20700956627749e-07	-1.20700956627749e-07
56.4410000187159	0.04	-0.04	1.52137645059634e-06	3.27107799529261e-07	-3.27107799529261e-07
56.5210000020266	0.04	-0.04	8.87880484395067e-07	3.57584272415658e-07	-3.57584272415658e-07
56.6010000151396	0.04	-0.04	1.60107010057502e-06	3.54088776733392e-07	-3.54088776733392e-07
56.6810000133514	0.04	-0.04	1.26743402639507e-06	3.08588652600874e-07	-3.08588652600874e-07
56.8010000106692	0.08	-0.08	8.39822049363258e-07	1.97512360487796e-07	-1.97512360487796e-07
56.9610000145435	0.08	-0.08	5.35174755373183e-07	1.73582781574619e-07	-1.73582781574619e-07
57.1210000109673	0.08	-0.08	6.56575146050027e-07	1.4396698336849e-07	-1.4396698336849e-07
57.3010000121593	0.1	-0.1	4.14178631735187e-07	9.3022435089913e-08	-9.3022435089913e-08
57.6010000121593	0.2	-0.2	1.79663649909753e-07	4.02822173952444e-08	-4.02822173952444e-08
57.8610000105699	0.06	-0.06	2.20477892499294e-07	5.49740328419616e-08	-5.49740328419616e-08
58.0810000118613	0.16	-0.16	1.7950419242963e-07	4.52175682380522e-08	-4.52175682380522e-08
58.2810000222921	0.04	-0.04	5.09034047175819e-07	1.15954306970805e-07	-1.15954306970805e-07
58.5610000110666	0.24	-0.24	2.84041176465884e-07	6.95830376758503e-08	-6.95830376758503e-08
58.8810000088811	0.08	-0.08	8.83568467789538e-07	1.89814337833733e-07	-1.89814337833733e-07
59.0410000127554	0.08	-0.08	3.83988677929601e-07	1.57671899556893e-07	-1.57671899556893e-07
59.2010000166297	0.08	-0.08	4.44402762846555e-07	1.09669623576765e-07	-1.09669623576765e-07
59.3410000097752	0.06	-0.06	3.98429446523873e-07	9.04563183518614e-08	-9.04563183518614e-08
59.4610000145435	0.06	-0.06	2.56245940110856e-07	7.07694551714153e-08	-7.07694551714153e-08
59.601000007689	0.08	-0.08	1.82407688233129e-07	4.43153771064103e-08	-4.43153771064103e-08
59.721000019908	0.04	-0.04	2.0056414125562e-07	4.88261217727046e-08	-4.88261217727046e-08
59.8210000089804	0.06	-0.06	1.13886153389847e-07	3.07985882424647e-08	-3.07985882424647e-08
59.9010000121594	0.02	-0.02	1.97790204335957e-07	4.7548401772702e-08	-4.7548401772702e-08
60.0210000109673	0.1	-0.1	9.01024883505439e-08	2.10824815532363e-08	-2.10824815532363e-08
60.2210000169277	0.1	-0.1	7.18546798172962e-08	2.08783717485714e-08	-2.08783717485714e-08
60.4210000109673	0.1	-0.1	1.11939530794054e-07	2.33013780494877e-08	-2.33013780494877e-08
60.5810000093778	0.06	-0.06	1.64589043704157e-07	3.79368629933743e-08	-3.79368629933743e-08
61.0010000128216	0.36	-0.36	1.61067962209176e-07	2.93832789106941e-08	-2.93832789106941e-08
61.4810000103712	0.12	-0.12	3.252073090447e-07	7.72705917722461e-08	-7.72705917722461e-08
64.0610000122177	2.46	-2.46	1.06856587370216e-07	2.08657966936155e-08	-2.08657966936155e-08
83.8610000121503	17.3399999999997	-17.3399999999997	1.58050049986144e-07	4.13691293125706e-08	-4.13691293125706e-08
101.421000012051	0.22	-0.22	3.1972307107326e-06	7.4561683505276e-07	-7.4561683505276e-07
103.001000012159	0.2	-0.2	3.27420542956205e-06	8.08254852414715e-07	-8.08254852414715e-07
103.421000012051	0.22	-0.22	3.26073657493951e-06	7.97968484911009e-07	-7.97968484911009e-07
113.681000012163	10.0399999999999	-10.0399999999999	8.7352506726528e-07	1.71902210904679e-07	-1.71902210904679e-07

## XRT - xrtwtflux
111.824	0.592	-0.644	6.04904294509459e-09	8.51377840930177e-10	-8.060191376054e-10
112.974	0.440	-0.558	4.91453096769513e-09	7.81363680270184e-10	-7.55758329884688e-10
114.081	0.506	-0.667	5.85709950685838e-09	7.82710848189559e-10	-7.54827471333734e-10
115.172	0.517	-0.586	3.99280169767223e-09	6.4381327405111e-10	-6.33533734917512e-10
116.052	0.529	-0.363	4.98686581018544e-09	7.86114293863847e-10	-7.64944450739357e-10
117.064	0.558	-0.483	6.39526518836998e-09	8.62660761955577e-10	-8.19207554377151e-10
118.225	0.603	-0.603	5.62125277119031e-09	7.36248671454253e-10	-7.13736919274797e-10
119.411	0.598	-0.584	5.87750908434731e-09	8.29748789413217e-10	-7.76918536825465e-10
120.553	0.514	-0.544	7.03924018368823e-09	9.81404089671456e-10	-9.18762144425147e-10
121.642	0.551	-0.574	6.61452935131428e-09	9.17933846130853e-10	-8.62114440117816e-10
122.808	0.561	-0.615	5.87346527506968e-09	8.0569499236347e-10	-7.62873222850221e-10
123.793	0.490	-0.425	4.82001965228448e-09	8.15271848146911e-10	-7.75521741839937e-10
124.897	0.517	-0.614	3.93076168551264e-09	6.81994298082258e-10	-6.28856464894323e-10
126.065	0.551	-0.651	5.34940945445256e-09	8.04709910632459e-10	-7.34192080779463e-10
127.232	0.474	-0.615	6.15994257547767e-09	8.29415251742445e-10	-7.88625825485988e-10
128.214	0.520	-0.509	6.427617923801e-09	8.81553099081076e-10	-8.42281164545992e-10
129.280	0.485	-0.546	6.55366400923134e-09	8.98925317551388e-10	-8.5120046774148e-10
130.289	0.578	-0.524	6.26239880958666e-09	8.84037539419836e-10	-8.20455657889051e-10
131.374	0.444	-0.507	7.21422951542227e-09	1.13358121683811e-09	-1.01307083853423e-09
132.254	0.444	-0.435	8.29284596509604e-09	1.26521876373423e-09	-1.1049469700009e-09
133.237	0.590	-0.54	6.31162900677637e-09	9.45372159378409e-10	-8.42626482178183e-10
134.324	0.476	-0.497	7.18572213678239e-09	1.07720130855492e-09	-9.59585212398491e-10
135.345	0.570	-0.544	5.52789811748676e-09	8.7389945106831e-10	-7.77618501917712e-10
136.489	0.580	-0.574	4.85354215084299e-09	7.7097180878472e-10	-6.87714557278077e-10
137.564	0.507	-0.495	6.53451283449888e-09	1.02914609383442e-09	-8.95186126771261e-10
138.672	0.540	-0.601	5.82845993864418e-09	9.35110897508027e-10	-8.03869410916918e-10
139.712	0.486	-0.501	6.54600900476527e-09	1.06419499445499e-09	-9.22194644210409e-10
140.633	0.501	-0.435	4.83606267904344e-09	8.56581606096518e-10	-7.5336287039493e-10
141.596	0.583	-0.461	3.80344469858551e-09	6.93959101726271e-10	-6.10988711546141e-10
142.745	0.713	-0.567	4.52199234181578e-09	7.4983585392998e-10	-6.32731349094709e-10
143.894	0.482	-0.436	4.64062837130101e-09	8.55431069181274e-10	-7.48462480165755e-10
144.837	0.533	-0.461	4.25561026217502e-09	8.15900265246761e-10	-7.05355963804598e-10
145.835	0.418	-0.465	4.77099914167206e-09	8.89173577379382e-10	-7.7141597154209e-10
146.731	0.410	-0.478	4.33392489954941e-09	8.16204979909035e-10	-7.21880981712303e-10
147.689	0.402	-0.548	4.13561511178158e-09	7.59265240611712e-10	-6.65873657456485e-10
148.561	0.418	-0.47	4.40220731964163e-09	8.15481349039723e-10	-7.11232981552525e-10
149.495	0.485	-0.517	4.10399157333067e-09	7.56925451065562e-10	-6.61991417701201e-10
150.376	0.458	-0.396	5.08457109181021e-09	9.34217038037787e-10	-8.2317459001862e-10
151.295	0.626	-0.461	4.91424566477949e-09	8.76122659140035e-10	-7.30448239193741e-10
152.378	0.442	-0.457	4.54746676626624e-09	8.76094842091842e-10	-7.5215182172441e-10
153.382	0.475	-0.562	3.5102682622785e-09	6.95159405161416e-10	-5.90463099663638e-10
154.461	0.600	-0.604	2.99255335114489e-09	5.85097824508842e-10	-5.00391057679095e-10
155.620	0.594	-0.559	3.30310552883689e-09	6.34577021396961e-10	-5.3869627147945e-10
156.656	0.524	-0.442	3.81116299179932e-09	7.50517174075761e-10	-6.32594756669846e-10
157.563	0.538	-0.383	3.74235548486473e-09	7.7625522923757e-10	-6.58078795069931e-10
158.643	0.513	-0.542	3.24263427471118e-09	6.70719561428933e-10	-5.63843837882584e-10
159.767	0.821	-0.611	2.35234372248264e-09	4.88522239740798e-10	-4.14042426698995e-10
161.351	0.588	-0.762	2.61123452930395e-09	5.20601582551937e-10	-4.36273410098441e-10
162.626	0.592	-0.687	2.75678567713067e-09	5.54522381251084e-10	-4.62876166346311e-10
163.876	0.552	-0.658	2.93136599408763e-09	5.82600733785834e-10	-4.90989491826631e-10
165.092	0.704	-0.664	2.56451585518697e-09	5.11843765156167e-10	-4.30515899133339e-10
166.511	0.733	-0.715	2.40443227367288e-09	4.84964875367042e-10	-4.04383126037812e-10
168.125	1.156	-0.881	1.63301104401821e-09	3.44698865419846e-10	-2.90174289143029e-10
170.010	1.008	-0.728	2.00435355733957e-09	4.07928433849314e-10	-3.38953598605834e-10
172.137	1.126	-1.119	1.54965511424677e-09	3.15046930585784e-10	-2.61923686798082e-10
174.714	1.563	-1.451	1.08559947740182e-09	2.31408504546324e-10	-1.95922052503944e-10
177.734	1.347	-1.457	1.24012142609314e-09	2.56263444031042e-10	-2.11933130205762e-10
180.716	1.900	-1.635	9.83981833831716e-10	2.05181610338081e-10	-1.69468161192892e-10
184.111	1.888	-1.495	1.00182559388426e-09	2.11807694347736e-10	-1.76821335307039e-10
187.462	1.562	-1.464	1.13793688828665e-09	2.44103322417206e-10	-2.02228356607733e-10
191.381	2.140	-2.356	7.74649413462632e-10	1.64878788159477e-10	-1.3670717662112e-10
196.140	2.909	-2.62	5.96226642479388e-10	1.30073357316437e-10	-1.10172200847231e-10
202.023	3.400	-2.973	5.33503891162334e-10	1.13604139616106e-10	-9.46536347910303e-11
208.051	2.104	-2.628	7.34836094327264e-10	1.51241143262231e-10	-1.2542113143671e-10
212.567	2.191	-2.412	7.05746472575911e-10	1.54925843900785e-10	-1.30169938493755e-10
217.567	3.544	-2.809	5.24338089537696e-10	1.13659329211646e-10	-9.45893710787177e-11
223.257	2.016	-2.147	8.06482521910158e-10	1.73093940984079e-10	-1.43447269356406e-10
227.269	2.066	-1.995	8.25712684661139e-10	1.75525686064552e-10	-1.45391515838934e-10
230.986	2.185	-1.65	8.63283195455121e-10	1.83976103294652e-10	-1.53298994053268e-10
235.107	1.971	-1.935	8.69103068228305e-10	1.85360122879944e-10	-1.53512233380259e-10
238.163	0.997	-1.084	1.66875229008504e-09	3.54326282671623e-10	-2.92023478982108e-10
240.713	1.567	-1.553	1.07287583930968e-09	2.2935028718397e-10	-1.92491756090385e-10
244.495	1.913	-2.214	8.42710640811278e-10	1.7712303189178e-10	-1.46011463656922e-10
247.724	1.477	-1.316	1.20101621954226e-09	2.58679830632744e-10	-2.1521562495127e-10
251.359	2.601	-2.158	7.18031618164957e-10	1.51758878949598e-10	-1.26742972149177e-10
257.248	3.267	-3.287	5.1458569720948e-10	1.11552151793951e-10	-9.39118794548037e-11
263.621	4.095	-3.107	4.94866360705391e-10	1.05660259264325e-10	-8.75221294909259e-11
270.528	2.982	-2.812	3.78768857740047e-10	9.49301537887243e-11	-8.42442865540156e-11
276.373	3.893	-2.862	3.5298413605295e-10	8.31936877845268e-11	-7.18163792682668e-11
285.425	4.367	-5.159	2.42126427614106e-10	5.84856691906078e-11	-5.12269105270077e-11
293.559	5.315	-3.768	2.70584295599064e-10	6.30052179056803e-11	-5.45527098707011e-11
302.956	4.262	-4.082	2.93901545684668e-10	6.77763512196325e-11	-5.88537464818022e-11
312.588	6.185	-5.37	1.98488699951919e-10	4.78111439778919e-11	-4.19146279209184e-11
323.103	4.349	-4.33	2.56392720974126e-10	6.3571575556912e-11	-5.58950854387446e-11
335.176	6.803	-7.724	1.63916241205125e-10	3.86668809112248e-11	-3.37099693879375e-11
418.730	1.293	-1.416	1.36045756048288e-09	2.86144560396846e-10	-2.37345403215482e-10
420.839	0.791	-0.816	2.22147098451437e-09	4.80186044176889e-10	-3.99324293816712e-10
422.367	0.898	-0.737	2.14267990215101e-09	4.72719507306317e-10	-3.95309295831618e-10
423.926	0.654	-0.661	2.73354083722529e-09	5.97713133142782e-10	-4.97729907614387e-10
425.664	0.843	-1.084	1.94404211475909e-09	4.15393615096898e-10	-3.42538567741498e-10
427.786	0.985	-1.279	1.67675228403642e-09	3.57088292367601e-10	-2.94295825647708e-10
429.803	1.030	-1.032	1.7828107174602e-09	3.92279924619866e-10	-3.27856345474118e-10
431.838	0.793	-1.004	2.15775128081065e-09	4.62193515714234e-10	-3.81350542925623e-10
433.563	0.761	-0.933	2.2428150830139e-09	4.90378881818508e-10	-4.08340351178873e-10
435.260	0.827	-0.936	2.17570442050193e-09	4.74937524922018e-10	-3.95322177012255e-10
437.095	0.946	-1.008	2.01471404202307e-09	4.3459277578742e-10	-3.59972069914847e-10
438.826	0.866	-0.785	2.37123133434044e-09	5.15833728374498e-10	-4.29096697395842e-10
440.703	0.842	-1.011	2.13443382686913e-09	4.63567551659365e-10	-3.85546910946061e-10
442.219	0.787	-0.674	2.72748890877253e-09	5.97772880467216e-10	-4.9939480830723e-10
443.849	0.956	-0.843	2.30692634358512e-09	4.93888733189271e-10	-4.08786854295207e-10
445.653	1.143	-0.848	2.11222867051319e-09	4.50243900862762e-10	-3.72690462939609e-10
447.909	0.929	-1.114	2.12528983715737e-09	4.47077296008449e-10	-3.68428232527545e-10
449.731	0.694	-0.893	2.69035318917183e-09	5.81941398921829e-10	-4.83911622989023e-10
451.336	0.904	-0.911	2.41721227430216e-09	5.21287196625634e-10	-4.31792189470938e-10
453.387	1.007	-1.147	2.09641386824356e-09	4.528015510618e-10	-3.75213816035204e-10
455.278	0.785	-0.884	2.74523214772071e-09	5.84470328485846e-10	-4.83897010612701e-10
456.806	0.810	-0.743	2.98277325045965e-09	6.26444676125612e-10	-5.19719176739918e-10
458.779	0.935	-1.162	2.27427613898555e-09	4.64833045770912e-10	-3.85653053830702e-10
460.645	0.823	-0.931	2.715045663075e-09	5.54067650212278e-10	-4.64016537757945e-10
462.448	1.045	-0.98	2.37524172600743e-09	4.80047867886253e-10	-4.03704322790538e-10
464.565	1.184	-1.072	2.14092414201869e-09	4.38347688596814e-10	-3.66645293290467e-10
466.813	0.958	-1.065	2.35225078884559e-09	5.02690409112042e-10	-4.21440553548481e-10
469.075	1.415	-1.304	1.72282318893731e-09	3.80929632306102e-10	-3.21503853982755e-10
471.663	1.348	-1.173	1.98191934072158e-09	4.26751382093452e-10	-3.54898562000109e-10
473.793	0.727	-0.782	3.41062973362926e-09	7.27254767851998e-10	-6.01972468413546e-10
475.513	0.907	-0.993	2.78050693848991e-09	5.84461122073043e-10	-4.81676713643303e-10
477.662	1.072	-1.242	2.28180836146941e-09	4.82717574408129e-10	-3.99887540135444e-10
480.540	1.655	-1.806	1.50943754765098e-09	3.30462645027168e-10	-2.7614786869732e-10
483.299	1.056	-1.104	2.57815111127142e-09	5.52200841617146e-10	-4.55636344313579e-10
485.306	1.087	-0.952	2.64818781766145e-09	5.7809037843642e-10	-4.82972333710909e-10
487.527	1.206	-1.133	2.40299110321513e-09	5.06430006366082e-10	-4.19828134793479e-10
489.840	0.793	-1.107	3.02584571877042e-09	6.30233760493279e-10	-5.20121024137766e-10
491.759	1.459	-1.126	2.23791740236963e-09	4.67296446915762e-10	-3.85469792959258e-10
494.454	1.341	-1.236	2.23033198118637e-09	4.74759900645708e-10	-3.93042076638301e-10
497.088	1.284	-1.292	2.28534102317909e-09	4.86895982334812e-10	-4.01319163335547e-10
499.506	1.184	-1.134	2.52134346887992e-09	5.40728837411739e-10	-4.47608586374174e-10
502.291	1.259	-1.6	2.09348210050486e-09	4.38969420120861e-10	-3.61904303098154e-10
504.937	1.597	-1.388	1.96786007930274e-09	4.16618808401384e-10	-3.4748013779926e-10
508.266	1.740	-1.731	1.76126679318645e-09	3.64637535289571e-10	-3.037277460309e-10
511.262	1.471	-1.256	2.21141691483084e-09	4.68473297404884e-10	-3.95099214510317e-10
514.270	2.043	-1.537	1.73991231861409e-09	3.58292588411035e-10	-2.99000645025983e-10
518.376	2.057	-2.063	1.55827331131673e-09	3.16069140802646e-10	-2.62956594021879e-10
521.943	1.802	-1.51	1.95937120966281e-09	3.92473546800025e-10	-3.28200409815438e-10
526.278	1.804	-2.532	1.46070756967008e-09	3.07014099314577e-10	-2.56644309964996e-10
530.415	1.858	-2.334	1.52683341116748e-09	3.22363690752904e-10	-2.67133248471359e-10
534.621	3.236	-2.348	7.86397316597546e-10	1.82602067548493e-10	-1.58022094813134e-10
540.874	2.575	-3.017	1.20670313307776e-09	2.46189245430516e-10	-2.0619568900155e-10
546.707	3.082	-3.257	1.06532168388628e-09	2.20563492349062e-10	-1.85340623217369e-10
553.038	3.089	-3.25	8.91922863049896e-10	1.94540173115971e-10	-1.65482766417751e-10
559.254	3.055	-3.127	1.15441974464753e-09	2.40294340405314e-10	-1.98338693969371e-10
565.050	3.010	-2.74	8.36224534402016e-10	1.96441602506645e-10	-1.69452448662776e-10
571.398	3.015	-3.338	7.17931984672806e-10	1.78410087809607e-10	-1.56725503752394e-10
578.851	3.997	-4.438	5.07593384727724e-10	1.20191795777785e-10	-1.04599066088144e-10
587.274	3.708	-4.426	5.31229924645428e-10	1.27086851889063e-10	-1.1033068590133e-10
595.545	3.836	-4.564	5.15469953097446e-10	1.22889182501103e-10	-1.06739626866357e-10
604.703	5.813	-5.322	3.7975099116379e-10	9.18593204915405e-11	-8.03668599491516e-11

## XRT - xrtpcflux
391.124	23.619	-36.556	2.3895999421703e-10	3.82776120668753e-11	-3.82776120668753e-11
631.408	16.601	-13.486	1.56577134570269e-10	3.50117113278052e-11	-3.50117113278052e-11
672.868	27.795	-24.859	8.96059712620986e-11	2.00823317423997e-11	-2.00823317423997e-11
739.286	51.640	-38.623	5.17191925000778e-11	1.15912220726188e-11	-1.15912220726188e-11
878.881	49.946	-87.956	1.65381102201315e-11	3.71600996594307e-12	-3.71600996594307e-12
1041.726	55.090	-112.899	1.17606443685254e-11	2.57683486626299e-12	-2.57683486626299e-12
1185.235	62.018	-88.42	1.26063549236864e-11	2.8357752457007e-12	-2.8357752457007e-12
1344.637	105.708	-97.384	1.32935748028973e-11	2.53072691110235e-12	-2.53072691110235e-12
6220.695	103.090	-87.465	5.40506463671014e-12	1.21460823390348e-12	-1.21460823390348e-12
6373.007	38.534	-49.222	1.17363043991129e-11	2.62951261508866e-12	-2.62951261508866e-12
6478.399	55.999	-66.859	8.43483367203704e-12	1.89356822483341e-12	-1.89356822483341e-12
6595.915	68.863	-61.517	8.33926096437699e-12	1.8266494914411e-12	-1.8266494914411e-12
6744.133	86.127	-79.355	6.7404449144588e-12	1.48203907601593e-12	-1.48203907601593e-12
6898.386	57.239	-68.126	9.07348429722543e-12	1.98186126911768e-12	-1.98186126911768e-12
7096.794	137.141	-141.169	7.27824216346238e-12	1.20360449114192e-12	-1.20360449114192e-12
10637.108	60.494	-57.35	8.65425897525668e-12	1.94477197618493e-12	-1.94477197618493e-12
10767.574	95.510	-69.973	6.16602501811041e-12	1.38149899949366e-12	-1.38149899949366e-12
10971.543	79.587	-108.459	6.17329789787198e-12	1.32600067602218e-12	-1.32600067602218e-12
12234.424	68.397	-87.056	7.30363638748874e-12	1.64125785883704e-12	-1.64125785883704e-12
12404.358	91.526	-101.536	5.91442807538746e-12	1.33571462160828e-12	-1.33571462160828e-12
12575.632	110.807	-79.748	6.07652416868851e-12	1.3655038237368e-12	-1.3655038237368e-12
12813.840	167.829	-127.401	5.49646685080811e-12	1.17643496655707e-12	-1.17643496655707e-12
16455.774	77.437	-88.046	7.48580631832919e-12	1.67553213154821e-12	-1.67553213154821e-12
16655.319	93.521	-122.108	5.65041527644035e-12	1.26974427779346e-12	-1.26974427779346e-12
16845.512	113.941	-96.673	5.35827863278232e-12	1.20409631226122e-12	-1.20409631226122e-12
17023.849	76.014	-64.395	7.55999149376925e-12	1.69213712826298e-12	-1.69213712826298e-12
17216.629	156.527	-116.766	5.33663847724321e-12	1.02376885477091e-12	-1.02376885477091e-12
18139.803	97.216	-80.803	5.7359274093121e-12	1.28896324644398e-12	-1.28896324644398e-12
18335.574	107.044	-98.555	4.99592790631706e-12	1.12155843691181e-12	-1.12155843691181e-12
18586.828	202.563	-144.21	4.05289913401753e-12	8.32092844896997e-13	-8.32092844896997e-13
22252.481	108.188	-99.919	4.43189458322484e-12	1.04806722677142e-12	-1.04806722677142e-12
22431.567	107.121	-70.899	4.28588497048378e-12	1.11693425858834e-12	-1.11693425858834e-12
22640.014	116.810	-101.326	4.83514973893635e-12	1.09307854545052e-12	-1.09307854545052e-12
22859.955	107.483	-103.131	3.98629494796904e-12	1.03198227515066e-12	-1.03198227515066e-12
23047.668	145.427	-80.23	4.87658374067486e-12	1.12580663109452e-12	-1.12580663109452e-12
23273.036	70.498	-79.941	7.47097720647344e-12	1.67387675826321e-12	-1.67387675826321e-12
23488.722	103.035	-145.189	3.45584544230496e-12	8.71513198116618e-13	-8.71513198116618e-13
23665.041	89.691	-73.284	6.44045662361243e-12	1.4458574047683e-12	-1.4458574047683e-12
23866.227	116.669	-111.496	3.35182683737626e-12	8.70033379199131e-13	-8.70033379199131e-13
24127.508	68.509	-144.612	3.58060668025936e-12	9.33133298201407e-13	-9.33133298201407e-13
24349.099	237.388	-153.082	3.21277415003185e-12	6.82245825950606e-13	-6.82245825950606e-13
28102.738	169.183	-166.08	2.69369919553076e-12	7.06694514038364e-13	-7.06694514038364e-13
28480.278	125.116	-208.356	2.66609492464977e-12	6.97583176277524e-13	-6.97583176277524e-13
28720.504	128.099	-115.11	3.69354798474488e-12	9.6127736500212e-13	-9.6127736500212e-13
28935.379	93.750	-86.777	4.98149071285147e-12	1.29303770513753e-12	-1.29303770513753e-12
29138.521	229.094	-109.392	2.6224524159908e-12	6.84335348065726e-13	-6.84335348065726e-13
29473.759	117.006	-106.144	3.77842979891298e-12	9.76875150561918e-13	-9.76875150561918e-13
29706.251	115.186	-115.486	4.40114317757414e-12	1.01817344188869e-12	-1.01817344188869e-12
29947.827	91.746	-126.39	3.55074427948955e-12	9.20440653800213e-13	-9.20440653800213e-13
30198.967	174.070	-159.394	2.60553080397645e-12	6.39374748615305e-13	-6.39374748615305e-13
33958.499	216.272	-237.835	1.79536153177288e-12	4.6943904582901e-13	-4.6943904582901e-13
34384.130	154.201	-209.359	2.23926561285906e-12	5.81208662715973e-13	-5.81208662715973e-13
34633.133	113.304	-94.802	3.93770890693257e-12	1.02743398340888e-12	-1.02743398340888e-12
34871.489	115.650	-125.052	3.48300745871395e-12	9.03078338831813e-13	-9.03078338831813e-13
35163.706	217.080	-176.567	2.10593010542272e-12	5.49483087754949e-13	-5.49483087754949e-13
35619.081	115.235	-238.295	2.37949879397067e-12	6.19556272011991e-13	-6.19556272011991e-13
35924.779	230.757	-190.463	1.96221656174946e-12	5.14698317347518e-13	-5.14698317347518e-13
39769.695	245.402	-286.148	1.65333318443266e-12	4.36088781130177e-13	-4.36088781130177e-13
40217.135	161.523	-202.037	2.44356092901289e-12	6.36520436717479e-13	-6.36520436717479e-13
40588.842	173.434	-210.184	2.31982305242735e-12	6.03218360658522e-13	-6.03218360658522e-13
40935.786	142.410	-173.51	2.79132952487506e-12	7.30348385838085e-13	-7.30348385838085e-13
41198.699	202.939	-120.503	2.74969949970742e-12	7.13734254822917e-13	-7.13734254822917e-13
41566.920	371.638	-165.282	1.94577675734858e-12	4.95426384570519e-13	-4.95426384570519e-13
45552.020	298.003	-291.215	1.73598744875413e-12	4.54168320170901e-13	-4.54168320170901e-13
46177.554	274.223	-327.531	1.69506451440249e-12	4.44246540816649e-13	-4.44246540816649e-13
46663.614	247.000	-211.837	2.23828521059344e-12	5.87134664816814e-13	-5.87134664816814e-13
47265.137	455.864	-354.524	2.51778385584797e-12	4.71366187815326e-13	-4.71366187815326e-13
51212.413	257.428	-146.249	1.99693296306661e-12	5.2224090541135e-13	-5.2224090541135e-13
51583.526	119.494	-113.685	3.48006898214902e-12	9.0346964381212e-13	-9.0346964381212e-13
51991.846	250.246	-288.826	1.50311058451934e-12	3.91297508508634e-13	-3.91297508508634e-13
52409.940	125.507	-167.848	2.76874142167184e-12	7.20114221364197e-13	-7.20114221364197e-13
52768.000	90.889	-232.553	2.5200618925385e-12	6.53047766081296e-13	-6.53047766081296e-13
53141.236	369.545	-282.347	1.49563044617082e-12	3.55480645345466e-13	-3.55480645345466e-13
57110.715	179.232	-259.547	1.85615723201063e-12	4.84956636516795e-13	-4.84956636516795e-13
57620.699	338.699	-330.752	1.21427525554466e-12	3.1754321123263e-13	-3.1754321123263e-13
58103.835	148.918	-144.437	2.80144791884063e-12	7.25956034997862e-13	-7.25956034997862e-13
58704.359	591.427	-451.606	1.3092843835324e-12	2.65456304681337e-13	-2.65456304681337e-13
62969.442	164.811	-186.212	2.6926720224987e-12	7.00164829865839e-13	-7.00164829865839e-13
63513.335	267.803	-379.082	1.45670667270599e-12	3.7978941037854e-13	-3.7978941037854e-13
64045.398	304.899	-264.259	1.67232999300096e-12	4.35619952758494e-13	-4.35619952758494e-13
64696.618	383.299	-346.321	2.05742406638199e-12	4.24632022048284e-13	-4.24632022048284e-13
69764.066	1093.316	-870.836	1.35718226218808e-12	2.70989460001076e-13	-2.70989460001076e-13
75524.828	1005.015	-647.517	1.5026464956464e-12	2.64977445391995e-13	-2.64977445391995e-13
93374.521	6314.850	-11268.058	1.22711893971842e-12	2.61004337744245e-13	-2.61004337744245e-13
105191.814	256.848	-400.065	1.41887732245708e-12	3.57881847197552e-13	-3.57881847197552e-13
111075.775	134.519	-236.561	2.38965020112704e-12	6.22848642962277e-13	-6.22848642962277e-13
120517.382	2272.276	-3930.951	1.0127540766355e-12	2.30988566532715e-13	-2.30988566532715e-13
131089.128	3281.469	-3098.896	1.05744239401881e-12	2.22498081798082e-13	-2.22498081798082e-13
150646.779	6876.752	-5311.461	5.10831971769063e-13	1.30112221827535e-13	-1.30112221827535e-13
178265.340	13943.113	-15307.577	3.70491197762643e-13	9.29136812545813e-14	-9.29136812545813e-14
209239.089	6131.294	-11961.2	3.77236779934127e-13	1.00804137257496e-13	-1.00804137257496e-13
242997.217	88051.458	-22424.72	3.48169743981717e-13	7.27431105434371e-14	-7.27431105434371e-14
521919.499	67565.386	-29561.532	1.95117773693526e-13	5.1508731042125e-14	-5.1508731042125e-14
776109.736	69620.415	-86818.716	1.20453636207866e-13	3.26675378475665e-14	-3.26675378475665e-14
924482.010	70648.272	-33309.818	1.05611356892234e-13	2.95466632115343e-14	-2.95466632115343e-14
1079458.725	136411.299	-78250.662	9.06277979921293e-14	2.55558062042192e-14	-2.55558062042192e-14
1270221.533	96786.676	-49352.713	9.43332326378417e-14	2.20897020109966e-14	-2.20897020109966e-14
1645324.410	109105.002	-99605.774	5.01215556749267e-14	1.43794413032858e-14	-1.43794413032858e-14
1983890.339	359918.665	-224784.426	3.72970520434456e-14	8.98251760566397e-15	-8.98251760566397e-15
2828198.310	268430.919	-247338.764	3.32483466127532e-14	7.7634035956403e-15	-7.7634035956403e-15
4423264.273	108265.997	-308312.016	1.39028801092903e-14	4.56533812662933e-15	-4.56533812662933e-15
