READ TERR 1 2
! xrtwtflux
195.636	1.290	-1.366	2.20128657542286e-09	3.2814865890008e-10	-3.28149497401934e-10
198.241	1.226	-1.315	2.29173705384736e-09	3.48964036698203e-10	-3.48964642535809e-10
201.005	1.680	-1.538	1.80183322339769e-09	2.80308140911159e-10	-2.80308508803407e-10
204.111	1.245	-1.426	2.27060306597392e-09	3.38481691074095e-10	-3.38481939617772e-10
207.006	1.262	-1.651	2.11022936341629e-09	3.14574794841814e-10	-3.14574920950937e-10
209.739	1.271	-1.471	2.20265781579029e-09	3.4266380079725e-10	-3.42663928708901e-10
212.481	1.653	-1.472	1.95868642649619e-09	3.04709686161308e-10	-3.04709686161308e-10
215.744	1.641	-1.611	1.91292522077986e-09	2.85162162127935e-10	-2.85162289822967e-10
219.631	1.634	-2.245	1.55124595909329e-09	2.36208970750897e-10	-2.36208970750897e-10
223.240	1.291	-1.976	1.77985809368574e-09	2.76889526672573e-10	-2.76889526672573e-10
225.978	1.227	-1.447	2.14520744556636e-09	3.26651819019545e-10	-3.26651819019545e-10
229.353	2.163	-2.148	1.31117394242474e-09	1.95458502086228e-10	-1.95458502086228e-10
232.681	1.454	-1.165	2.12047985627024e-09	3.22886449868578e-10	-3.22886449868578e-10
235.633	1.766	-1.498	1.75123713511818e-09	2.61059247490546e-10	-2.61059247490546e-10
239.300	1.939	-1.9	1.64886839367051e-09	2.45798965163322e-10	-2.45798965163322e-10
243.529	1.917	-2.29	1.60245732546418e-09	2.38880560693089e-10	-2.38880560693089e-10
247.155	1.816	-1.708	1.19646530229453e-09	2.25529484744001e-10	-2.25529484744001e-10
251.601	2.259	-2.63	7.78505043578492e-10	1.5663410826331e-10	-1.5663410826331e-10
255.367	1.734	-1.508	1.22678047690091e-09	2.23978506950618e-10	-2.23978506950618e-10
258.745	3.009	-1.644	1.2562539950253e-09	1.89387525839679e-10	-1.89387525839679e-10
263.664	1.365	-1.91	1.23229242774982e-09	2.28268873522293e-10	-2.28268873522293e-10
266.776	1.966	-1.747	1.07817707394757e-09	1.96847438060542e-10	-1.96847438060542e-10
270.559	2.127	-1.817	1.21678839298461e-09	2.05277217814491e-10	-2.05277217814491e-10
275.464	1.425	-2.777	9.32926457605483e-10	1.70328432471963e-10	-1.70328432471963e-10
278.604	1.621	-1.715	1.22375336939672e-09	2.1979270082101e-10	-2.1979270082101e-10
282.124	1.903	-1.899	1.21532744689065e-09	2.11120912328526e-10	-2.11120912328526e-10
286.027	2.024	-2.001	1.1320944622421e-09	2.02177407836038e-10	-2.02177407836038e-10
289.831	2.429	-1.78	1.14582806504451e-09	1.90971531584812e-10	-1.90971531584812e-10
294.610	2.889	-2.35	7.51841355127021e-10	1.37266868744656e-10	-1.37266868744656e-10
299.767	1.667	-2.267	9.70665934254415e-10	1.82967131671926e-10	-1.82967131671926e-10
303.289	1.642	-1.856	1.1081555180272e-09	2.02320762738069e-10	-2.02320762738069e-10
308.239	1.501	-3.308	7.96142102346713e-10	1.45355116144646e-10	-1.45355116144646e-10
311.867	1.634	-2.127	9.86549392675164e-10	1.85961050423509e-10	-1.85961050423509e-10
316.001	1.621	-2.5	8.93028169670645e-10	1.68332687885069e-10	-1.68332687885069e-10
319.483	1.962	-1.861	9.55784463432451e-10	1.80162051320028e-10	-1.80162051320028e-10
NO NO NO NO NO NO
! xrtpcflux
334.131	10.392	-9.667	1.09369358752309e-09	2.40173905377459e-10	-2.40173905377459e-10
356.631	10.458	-12.108	9.09799187105818e-10	2.05472362408718e-10	-2.05472362408718e-10
389.072	18.134	-21.983	5.97749776632046e-10	1.23372809237254e-10	-1.23372809237254e-10
420.051	14.735	-12.845	7.01039590692363e-10	1.59120982725638e-10	-1.59120982725638e-10
455.347	14.541	-20.561	5.65239284198535e-10	1.24322585779815e-10	-1.24322585779815e-10
487.406	15.077	-17.518	5.87167855273171e-10	1.28534713377312e-10	-1.28534713377312e-10
527.383	17.724	-24.9	4.47549992622123e-10	9.62849148046281e-11	-9.62849148046281e-11
564.321	15.889	-19.214	5.26224652467883e-10	1.1537581940315e-10	-1.1537581940315e-10
611.158	24.212	-30.949	3.27642894232231e-10	7.38729056593696e-11	-7.38729056593696e-11
662.331	30.707	-26.961	3.18693809507224e-10	7.28245655427395e-11	-7.28245655427395e-11
751.963	43.876	-58.924	1.77117479222576e-10	4.08170650288366e-11	-4.08170650288366e-11
850.146	61.028	-54.308	1.57794330096682e-10	3.63639960984348e-11	-3.63639960984348e-11
946.889	36.997	-35.715	2.48885924035166e-10	5.69688584131902e-11	-5.69688584131902e-11
1042.645	61.592	-58.759	1.46459852651703e-10	3.38094337530707e-11	-3.38094337530707e-11
1162.911	44.126	-58.674	1.68040249302625e-10	3.85939750053651e-11	-3.85939750053651e-11
1298.878	163.900	-91.841	8.69719220320781e-11	1.76387024625697e-11	-1.76387024625697e-11
4787.837	108.024	-166.094	2.53872512783854e-11	4.97448427464155e-12	-4.97448427464155e-12
16555.548	352.045	-306.198	3.51963528289963e-12	9.58038861531192e-13	-9.58038861531192e-13
17081.287	192.372	-173.694	6.30307246103662e-12	1.66498927043241e-12	-1.66498927043241e-12
17543.155	252.023	-269.496	4.32986356217993e-12	1.15963668467612e-12	-1.15963668467612e-12
18001.929	229.519	-206.751	5.17920564751165e-12	1.37604909093533e-12	-1.37604909093533e-12
18439.142	381.520	-207.694	4.28869613665399e-12	1.07907136100254e-12	-1.07907136100254e-12
22426.545	383.439	-433.941	2.66985210460731e-12	7.13051775751255e-13	-7.13051775751255e-13
23181.830	290.082	-371.846	3.2443508163547e-12	8.70944649678817e-13	-8.70944649678817e-13
23947.587	401.879	-475.675	3.11583727149904e-12	7.39595777480751e-13	-7.39595777480751e-13
40900.381	1062.054	-800.87	2.11872673255895e-12	4.2496892145176e-13	-4.2496892145176e-13
47269.127	5078.876	-1304.967	1.83207797371669e-12	3.74146534973258e-13	-3.74146534973258e-13
81201.658	6982.712	-10774.831	7.99811635974056e-13	2.14044225933009e-13	-2.14044225933009e-13
103886.754	7458.898	-10814.496	7.84246486000975e-13	1.7873406794541e-13	-1.7873406794541e-13
128918.812	26704.434	-14184.94	4.55608503756409e-13	9.26437165613099e-14	-9.26437165613099e-14
230081.092	60603.996	-32187.346	1.85435424245318e-13	9.09336100256846e-14	-7.16197778174677e-14
NO NO NO NO NO NO
! batSNR4flux
0.401000013649464	0.4	-0.4	3.80443749958264e-07	7.39922533560216e-08	-7.39922533560216e-08
1.00100001215935	0.2	-0.2	4.95338366516841e-07	1.13326477912586e-07	-1.13326477912586e-07
1.32100001394749	0.12	-0.12	6.10612612088758e-07	1.495314345819e-07	-1.495314345819e-07
1.86100001340821	0.42	-0.42	5.26216949215607e-07	9.55262545953714e-08	-9.55262545953714e-08
2.42100001437323	0.14	-0.14	7.67326868654078e-07	1.66962940117076e-07	-1.66962940117076e-07
2.72100001245737	0.16	-0.16	6.25599664568289e-07	1.71833989858398e-07	-1.71833989858398e-07
2.92100000798702	0.04	-0.04	1.29250920072754e-06	3.17031633173113e-07	-3.17031633173113e-07
3.32100001394749	0.36	-0.36	3.36377769555097e-07	7.98024210576968e-08	-7.98024210576968e-08
3.80100001315276	0.12	-0.12	4.58364454438303e-07	1.11150887025842e-07	-1.11150887025842e-07
4.04100001275539	0.12	-0.12	4.22716658769969e-07	9.3263940844774e-08	-9.3263940844774e-08
4.40100001464287	0.24	-0.24	2.1978986643848e-07	5.09523185390319e-08	-5.09523185390319e-08
4.7610000115633	0.12	-0.12	2.62802265317845e-07	6.03672508271576e-08	-6.03672508271576e-08
5.00100001116594	0.12	-0.12	1.85273873221916e-07	5.26592916989584e-08	-5.26592916989584e-08
5.24100001573563	0.12	-0.12	1.70333041119158e-07	4.17141796516189e-08	-4.17141796516189e-08
5.72100001328521	0.36	-0.36	4.72218407475846e-08	1.77294665312868e-08	-1.77294665312868e-08
6.26100001321899	0.18	-0.18	8.52929944768901e-08	1.94106315373448e-08	-1.94106315373448e-08
7.04100001374881	0.6	-0.6	3.0193935957612e-08	1.16029577027931e-08	-1.16029577027931e-08
7.84100001275539	0.2	-0.2	9.30095037876209e-08	2.10338670294426e-08	-2.10338670294426e-08
9.48100001326865	1.44	-1.44	4.45050890129015e-08	8.6446120460093e-09	-8.6446120460093e-09
11.1610000125567	0.24	-0.24	9.59523416975904e-08	2.28413383378674e-08	-2.28413383378674e-08
13.2210000135217	1.82	-1.82	5.58610863152813e-08	1.0500609674751e-08	-1.0500609674751e-08
15.3010000135348	0.26	-0.26	1.36041371889766e-07	3.20084983543419e-08	-3.20084983543419e-08
16.7210000132281	1.16	-1.16	6.20707094499292e-08	1.72096769714284e-08	-1.72096769714284e-08
19.0410000132692	1.16	-1.16	9.17792246242345e-08	2.02729418133393e-08	-2.02729418133393e-08
22.9410000133862	2.74	-2.74	8.93236800691353e-08	2.15601256898928e-08	-2.15601256898928e-08
