READ TERR 1 2
! xrtwtslewflux
105.943615633759	0.274221359084933	-0.400056635754069	5.99074477758574e-08	7.29473805293931e-09	-7.26537419205252e-09
106.539917027518	0.290076952515903	-0.322080034674102	6.45925275275044e-08	7.85879354449307e-09	-7.83333265932068e-09
107.09975883676	0.299557133287095	-0.269764856725899	6.79727704356532e-08	8.26993003912727e-09	-8.24315396322426e-09
107.683414404481	0.295824599279982	-0.284098434434014	6.40352115157054e-08	7.79080933564904e-09	-7.76577647392954e-09
108.273011175739	0.316469777580551	-0.293772171978461	5.98667130586855e-08	7.30024915918355e-09	-7.26023992670151e-09
108.86514710576	0.325721884763823	-0.275666152440166	5.83632244720868e-08	7.12971404210371e-09	-7.07763326597979e-09
109.457280404676	0.377605566972832	-0.266411414152174	5.30864323526936e-08	6.4819072304058e-09	-6.43767590639096e-09
110.16413865664	0.304117297251878	-0.329252684991118	5.28446908251567e-08	6.44252571277066e-09	-6.40893071507354e-09
110.905349509147	0.342152476983074	-0.437093555254933	4.08429370630891e-08	4.98457296626935e-09	-4.95367338431551e-09
111.612292549687	0.345056409861655	-0.364790563557349	4.40668201577046e-08	5.36812337360875e-09	-5.34424224364035e-09
112.284666496427	0.316716491175143	-0.327317536877857	4.73031227174932e-08	5.77249538775787e-09	-5.73712394576829e-09
113.015521820215	0.366845151857532	-0.41413883261346	3.88230108275442e-08	4.73052336211906e-09	-4.70825851305699e-09
113.700085200183	0.342339793434945	-0.317718228110053	4.54192610942517e-08	5.51499044770852e-09	-5.46910519862122e-09
114.575972460755	0.506497539034612	-0.533547467137396	3.89808639335661e-08	4.04911386558046e-09	-3.98021882736787e-09
NO NO NO NO NO NO
! xrtwtflux
120.587	0.265	-0.351	5.13640909771984e-08	6.43935842139989e-09	-6.40821811765142e-09
121.175	0.373	-0.323	4.54291712081335e-08	5.84462508493834e-09	-5.78639000676087e-09
121.789	0.347	-0.242	5.59414698174056e-08	7.03185916247741e-09	-6.9125051182306e-09
122.472	0.316	-0.335	4.98528143436071e-08	6.48390709886408e-09	-6.41937921252316e-09
123.097	0.319	-0.309	5.4718014787907e-08	6.85988426599304e-09	-6.77676632048976e-09
123.753	0.297	-0.338	5.63962763580241e-08	6.95959505279895e-09	-6.89107789664429e-09
124.357	0.300	-0.307	5.93550913857061e-08	7.6140292132245e-09	-7.56020903841928e-09
124.950	0.243	-0.293	7.08803575657496e-08	9.01458823707681e-09	-8.95595745856703e-09
125.501	0.269	-0.308	6.69816413769726e-08	8.34784851203008e-09	-8.29041290928784e-09
125.993	0.296	-0.224	7.86731010051829e-08	9.47745293157974e-09	-9.40740565662631e-09
126.594	0.283	-0.305	5.80257153194812e-08	7.84250984763965e-09	-7.7970452367379e-09
127.143	0.283	-0.265	6.19526100725477e-08	8.19643780535491e-09	-8.14686748633132e-09
127.792	0.301	-0.367	5.06135178232066e-08	6.48896433022358e-09	-6.44677614174384e-09
128.357	0.250	-0.264	6.74416124006397e-08	8.36237988593707e-09	-8.30496912474246e-09
128.861	0.291	-0.254	6.04607245873404e-08	7.51456001160203e-09	-7.46321112013564e-09
129.438	0.263	-0.286	6.22807032962704e-08	7.74063686121256e-09	-7.68786604241874e-09
129.994	0.283	-0.293	6.18781055859723e-08	7.77009150438604e-09	-7.7179881205399e-09
130.552	0.245	-0.274	7.48059185772296e-08	9.27661598760929e-09	-9.2119505322397e-09
131.088	0.290	-0.29	6.43819060875506e-08	8.19097481549639e-09	-8.1350169570907e-09
131.699	0.280	-0.322	5.65347801685711e-08	7.48896668067777e-09	-7.43458270157277e-09
132.279	0.303	-0.3	5.59193401984824e-08	7.02829429548354e-09	-6.97496892498635e-09
132.836	0.265	-0.254	6.90894268254484e-08	8.30122554332925e-09	-8.23934334629831e-09
133.392	0.289	-0.29	4.96074685813239e-08	6.42686052586941e-09	-6.38582411544278e-09
133.965	0.314	-0.284	4.4495162502132e-08	5.7646392039082e-09	-5.72775232946295e-09
134.546	0.311	-0.267	4.67680016302342e-08	5.87312609879323e-09	-5.83336204915305e-09
135.226	0.322	-0.368	3.95213257270015e-08	5.01409122839476e-09	-4.98124910736994e-09
135.837	0.315	-0.29	4.66353101672646e-08	5.79618723883522e-09	-5.75661563222895e-09
136.455	0.311	-0.302	4.73160703617469e-08	5.82136203830435e-09	-5.78058760665364e-09
137.194	0.453	-0.428	3.38101706006638e-08	4.15968680301955e-09	-4.13057566702133e-09
137.965	0.307	-0.318	4.60829124361263e-08	5.91173467290815e-09	-5.86969158525483e-09
138.643	0.297	-0.372	4.37052941494164e-08	5.44162167342997e-09	-5.395226683715e-09
139.302	0.325	-0.361	4.27057861377217e-08	5.36922363922727e-09	-5.32679247887351e-09
140.088	0.382	-0.461	3.598185170437e-08	4.57306871971611e-09	-4.53538993499505e-09
140.786	0.282	-0.316	5.27833693612234e-08	6.73080157115885e-09	-6.68509560556617e-09
141.433	0.315	-0.365	4.39653811947624e-08	5.42930150310536e-09	-5.3862477721801e-09
142.065	0.290	-0.317	4.37663895796425e-08	5.67336143650422e-09	-5.63388232612547e-09
142.698	0.293	-0.344	4.20502559240482e-08	5.35027155074565e-09	-5.31318964270752e-09
143.274	0.265	-0.283	4.97505785840943e-08	6.38259084073144e-09	-6.33686199694978e-09
143.838	0.285	-0.299	4.90023875044936e-08	6.15937136849894e-09	-6.1120991971002e-09
144.503	0.362	-0.38	3.78471083572681e-08	4.85631214672489e-09	-4.82070673202188e-09
145.214	0.354	-0.349	4.02187661970512e-08	5.12099948269027e-09	-5.0704149291168e-09
145.962	0.463	-0.394	3.1401790572778e-08	4.15896497389586e-09	-4.12946860635878e-09
146.827	0.476	-0.401	3.0470551968185e-08	3.91235672590122e-09	-3.88126049820589e-09
147.677	0.335	-0.374	3.70418356759714e-08	4.69745741948248e-09	-4.62730413451796e-09
148.378	0.386	-0.366	3.344714390816e-08	4.28478951705025e-09	-4.22204146562361e-09
149.232	0.408	-0.468	2.66334032488054e-08	3.55499914350468e-09	-3.50716816820283e-09
149.979	0.335	-0.339	3.87258028450317e-08	4.9152206940326e-09	-4.83485232749662e-09
150.658	0.357	-0.344	4.09089521880913e-08	5.12958701208086e-09	-5.0555213112555e-09
151.476	0.450	-0.461	3.18243177931856e-08	4.08312643054349e-09	-4.01358271089231e-09
152.339	0.465	-0.413	3.04697321031612e-08	3.83248654076321e-09	-3.7614153982908e-09
153.163	0.394	-0.36	3.14082391046944e-08	4.01243064972388e-09	-3.95868613734173e-09
153.980	0.442	-0.423	2.85075572650802e-08	3.58409806803285e-09	-3.51900851480391e-09
154.944	0.377	-0.522	2.74790699969619e-08	3.58567580237418e-09	-3.53735205356997e-09
155.744	0.421	-0.424	2.86166977205882e-08	3.65133026337452e-09	-3.60701629779322e-09
156.608	0.492	-0.442	2.46778434621053e-08	3.14873408967178e-09	-3.11054007312934e-09
157.667	0.593	-0.567	2.00649055739346e-08	2.5731499673954e-09	-2.55612551840386e-09
158.867	0.306	-0.607	2.74291481204765e-08	3.43330782937927e-09	-3.42238487898864e-09
159.567	0.413	-0.395	3.08908069364392e-08	3.94669022049704e-09	-3.93581181458531e-09
160.380	0.403	-0.4	3.1671763660121e-08	3.96574937362584e-09	-3.95118950312185e-09
161.341	0.431	-0.558	2.43032898167942e-08	3.24407052873534e-09	-3.23080796840658e-09
162.184	0.419	-0.412	2.95825882318942e-08	3.78370702213523e-09	-3.76851401208839e-09
163.070	0.422	-0.467	2.70834210721884e-08	3.42628701988433e-09	-3.4143056735967e-09
164.042	0.539	-0.55	2.19381647022773e-08	2.75499256873206e-09	-2.73633087254382e-09
165.271	0.625	-0.69	1.75128387522905e-08	2.25163984919674e-09	-2.23078897902317e-09
166.451	0.517	-0.555	2.11899277336562e-08	2.66459772105962e-09	-2.64301279409782e-09
167.887	0.676	-0.918	1.33743198977363e-08	1.77009199894661e-09	-1.75874381620223e-09
169.166	0.569	-0.604	1.95134868200837e-08	2.45598752886854e-09	-2.43397307650454e-09
170.402	0.647	-0.666	1.79731501298921e-08	2.23219684618788e-09	-2.21864897485591e-09
171.705	0.700	-0.657	1.65555620430163e-08	2.14573919296574e-09	-2.13112377785359e-09
173.145	0.672	-0.739	1.592794874856e-08	2.02589699529084e-09	-2.00763808451973e-09
174.460	0.689	-0.644	1.61164181352173e-08	2.0953962816852e-09	-2.074868900563e-09
175.894	0.675	-0.745	1.49336742898777e-08	1.88884930087508e-09	-1.86329580318213e-09
177.271	0.778	-0.702	1.4358132781905e-08	1.83145708213311e-09	-1.8101452129662e-09
179.019	0.820	-0.97	1.24080928048397e-08	1.5506800417234e-09	-1.53203735112152e-09
180.553	0.617	-0.714	1.76875494141903e-08	2.19223342792257e-09	-2.16165440491178e-09
181.581	0.398	-0.411	1.63116207466507e-08	2.10489749026667e-09	-1.99858983668426e-09
182.581	0.465	-0.602	1.1365705706177e-08	1.4876368385323e-09	-1.39348518378301e-09
183.445	0.338	-0.398	1.59092076715142e-08	2.07251463833846e-09	-1.95030716600028e-09
184.057	0.363	-0.273	1.79718463196431e-08	2.31868230792131e-09	-2.20262017472805e-09
184.769	0.425	-0.349	1.43739227761696e-08	1.87222606510926e-09	-1.78289294599985e-09
185.664	0.467	-0.47	1.15619380406838e-08	1.50088444785991e-09	-1.43397672635027e-09
186.529	0.371	-0.397	1.36233427193146e-08	1.76280670927722e-09	-1.68938509740056e-09
187.323	0.465	-0.423	1.13195923047326e-08	1.5122261735931e-09	-1.42163833372391e-09
188.236	0.424	-0.448	1.1671985281516e-08	1.54836974460151e-09	-1.44842506289331e-09
189.095	0.411	-0.436	1.20608777904682e-08	1.6265611391505e-09	-1.51508902947844e-09
190.159	0.579	-0.653	8.37419795402421e-09	1.13075727010399e-09	-1.05200528016984e-09
191.063	0.359	-0.326	1.50166638473621e-08	2.00740546975719e-09	-1.88654286983608e-09
191.954	0.529	-0.531	9.8896639600723e-09	1.30342694783215e-09	-1.22752906962003e-09
192.820	0.421	-0.337	1.38686662169199e-08	1.78723751942103e-09	-1.72170949937009e-09
193.653	0.540	-0.412	1.0939944947901e-08	1.46667821488932e-09	-1.37449868772895e-09
194.774	0.539	-0.582	9.44308016015871e-09	1.26649570346008e-09	-1.20076872082551e-09
195.788	0.520	-0.475	1.15069113657029e-08	1.45964234073297e-09	-1.40113581072359e-09
196.711	0.350	-0.403	1.49144050554917e-08	1.89640273761367e-09	-1.82946909697903e-09
197.501	0.439	-0.44	1.2233695332338e-08	1.55535384001215e-09	-1.51808081813262e-09
198.394	0.421	-0.454	1.20254017265214e-08	1.53003853801399e-09	-1.49183671436096e-09
199.237	0.500	-0.422	1.15578049817077e-08	1.49470000937549e-09	-1.43481352888458e-09
200.157	0.448	-0.42	1.2425697995877e-08	1.60103245859692e-09	-1.54257472697451e-09
201.086	0.403	-0.481	1.23210203128635e-08	1.57963860195866e-09	-1.52960621689563e-09
202.123	0.690	-0.634	8.32866756883283e-09	1.04906492055816e-09	-1.02166851900298e-09
203.364	0.584	-0.552	9.24690820140999e-09	1.19968891077491e-09	-1.16190112160571e-09
204.528	0.421	-0.58	1.01957618331131e-08	1.36676345003294e-09	-1.29668911175595e-09
205.437	0.457	-0.488	1.13892524160984e-08	1.4605662314088e-09	-1.41363175867158e-09
206.480	0.541	-0.586	1.01717287739652e-08	1.28731369314377e-09	-1.26105938319799e-09
207.493	0.474	-0.473	1.20038539595858e-08	1.53886752290068e-09	-1.5072980511671e-09
208.455	0.501	-0.488	1.08838804371498e-08	1.37897618255313e-09	-1.35012503503596e-09
209.493	0.422	-0.537	1.06514093394662e-08	1.36505026354909e-09	-1.33724550934698e-09
210.537	0.499	-0.622	9.62733631101854e-09	1.2074567114684e-09	-1.18072461972238e-09
211.592	0.609	-0.556	9.39776187324078e-09	1.20697619431363e-09	-1.18033466963217e-09
212.695	0.543	-0.494	1.0386827628195e-08	1.33989511177702e-09	-1.27403560022324e-09
213.858	0.551	-0.62	8.96679283165329e-09	1.16320469268125e-09	-1.09983796812618e-09
214.941	0.523	-0.532	9.80588342317976e-09	1.27140760793826e-09	-1.20275926005429e-09
216.160	0.672	-0.696	7.48110863660148e-09	9.79746242499066e-10	-9.17511377495812e-10
217.398	0.553	-0.566	8.58655344565265e-09	1.2050872337239e-09	-1.13284770851508e-09
218.548	0.622	-0.597	8.3308907865244e-09	1.10152633270277e-09	-1.03414815509922e-09
219.762	0.482	-0.592	9.43388064670563e-09	1.21000079725856e-09	-1.18425254703286e-09
220.954	0.753	-0.709	7.08658146122232e-09	9.22251405227266e-10	-8.79726970156979e-10
222.518	0.827	-0.812	6.3931854103062e-09	8.45654661359221e-10	-8.03272425887293e-10
224.183	0.794	-0.837	6.69824118079691e-09	8.57410507186665e-10	-8.21618213925034e-10
225.526	0.680	-0.549	8.82207110036969e-09	1.12566167284224e-09	-1.09487299051583e-09
226.899	0.603	-0.693	8.41467119502818e-09	1.09221991110767e-09	-1.04454263265473e-09
228.265	0.852	-0.763	6.90342024899005e-09	8.96968658140873e-10	-8.46733556901131e-10
229.788	0.718	-0.671	8.08178860466476e-09	1.06733064865023e-09	-1.00317760366487e-09
231.415	0.915	-0.909	6.21937060754708e-09	8.10809062790889e-10	-7.81469705205204e-10
233.102	0.690	-0.772	7.68754256157867e-09	9.81707645075141e-10	-9.54186273793635e-10
234.450	0.517	-0.657	9.14354821859939e-09	1.17394535066793e-09	-1.13513001864313e-09
235.400	0.275	-0.433	7.72216526537406e-09	9.46308224688197e-10	-9.43625665373462e-10
235.974	0.289	-0.299	6.73939162596487e-09	8.23349198611972e-10	-8.23348652440813e-10
236.497	0.274	-0.233	5.28597591291737e-09	7.95006551847091e-10	-7.95006551847091e-10
237.076	0.312	-0.305	6.48020354624616e-09	7.91684086328708e-10	-7.91684086328708e-10
237.695	0.341	-0.307	6.28454495938236e-09	7.67780855589619e-10	-7.67780295515172e-10
238.350	0.296	-0.314	6.77525329126683e-09	8.27730004485068e-10	-8.27729435487014e-10
238.911	0.242	-0.265	8.20243163029233e-09	1.00208799115822e-09	-1.00208741880078e-09
239.500	0.299	-0.347	6.41422311043761e-09	7.94365658721474e-10	-7.94365082824181e-10
240.021	0.282	-0.222	5.54221879935058e-09	8.33545309352314e-10	-8.33545309352314e-10
240.626	0.264	-0.323	6.90654568373346e-09	8.43770030131341e-10	-8.43770030131341e-10
241.223	0.273	-0.333	6.17072751381784e-09	8.30753942646978e-10	-8.30753942646978e-10
241.809	0.309	-0.312	6.4119291471952e-09	8.05032305555283e-10	-8.05031746328759e-10
242.374	0.273	-0.257	5.03877082920415e-09	8.81333541330739e-10	-8.81333541330739e-10
242.919	0.257	-0.272	8.56015202157479e-09	1.04579089479469e-09	-1.04579027232419e-09
243.401	0.299	-0.226	5.50451264469034e-09	8.27874512244557e-10	-8.27874512244557e-10
243.988	0.290	-0.288	7.01689655246704e-09	8.57251568908167e-10	-8.57251568908167e-10
244.531	0.294	-0.252	5.33218840606296e-09	7.76071776508295e-10	-7.76071776508295e-10
245.086	0.310	-0.261	7.03729464309086e-09	8.59743469079941e-10	-8.59743469079941e-10
245.671	0.292	-0.275	6.97634198512153e-09	8.75895055085533e-10	-8.75895055085533e-10
246.295	0.411	-0.331	5.347581724112e-09	6.6740410031514e-10	-6.6740410031514e-10
246.985	0.272	-0.279	4.96539446390473e-09	7.40198047621996e-10	-7.40198047621996e-10
247.510	0.279	-0.253	5.41949233230638e-09	7.97263171786896e-10	-7.97263171786896e-10
248.157	0.308	-0.368	4.00366145326076e-09	6.09071013391478e-10	-6.09071013391478e-10
248.829	0.362	-0.364	5.59510616587752e-09	6.92922609485004e-10	-6.9292204482309e-10
249.431	0.333	-0.24	4.71756608514447e-09	7.03254145174085e-10	-7.03253591414095e-10
250.042	0.252	-0.278	4.898471353287e-09	7.45197277311723e-10	-7.45197277311723e-10
250.577	0.224	-0.283	5.15242741593625e-09	7.68079341619312e-10	-7.68079341619312e-10
251.149	0.371	-0.348	3.67861162919247e-09	5.48375729465737e-10	-5.48375729465737e-10
251.811	0.330	-0.291	5.40395027745276e-09	7.27324800488017e-10	-7.27324800488017e-10
252.478	0.323	-0.337	4.04172889387441e-09	6.02505842103463e-10	-6.02505842103463e-10
253.123	0.243	-0.323	4.68366056786083e-09	6.9819948262297e-10	-6.9819948262297e-10
253.732	0.337	-0.366	5.4581646645898e-09	6.94794189291887e-10	-6.94793644858282e-10
254.332	0.289	-0.263	4.89799995916335e-09	7.30151186043392e-10	-7.30151186043392e-10
254.876	0.296	-0.255	4.97187969508886e-09	7.41165046774024e-10	-7.41164484908221e-10
255.498	0.335	-0.325	4.15191728425243e-09	6.31625095319878e-10	-6.31625095319878e-10
256.294	0.263	-0.461	3.85473972908999e-09	5.86415886482477e-10	-5.86415886482477e-10
256.875	0.299	-0.318	4.34982503776452e-09	6.61732483187392e-10	-6.61732483187392e-10
257.486	0.367	-0.313	3.86486315880137e-09	5.76140217749931e-10	-5.76140217749931e-10
258.115	0.291	-0.262	4.66684645589797e-09	6.95692998840953e-10	-6.95692998840953e-10
258.742	0.369	-0.335	3.67706772052745e-09	5.48145468278727e-10	-5.48145468278727e-10
259.408	0.269	-0.297	4.52548223414755e-09	6.88455311586367e-10	-6.88454765572006e-10
259.974	0.312	-0.297	4.13416716224679e-09	6.55351679811488e-10	-6.55351679811488e-10
260.587	0.289	-0.302	4.53011905180339e-09	6.75310724629186e-10	-6.75310724629186e-10
261.299	0.267	-0.423	3.90994326271612e-09	5.82860350597664e-10	-5.82860350597664e-10
261.849	0.267	-0.283	4.91260697158454e-09	7.32329063623557e-10	-7.32329063623557e-10
262.465	0.274	-0.349	4.31079307772376e-09	6.42615897119622e-10	-6.42615897119622e-10
263.028	0.374	-0.289	3.90590681714853e-09	5.94200214378307e-10	-5.94199661609754e-10
263.756	0.314	-0.353	3.84522343615981e-09	5.73212605945457e-10	-5.73212605945457e-10
264.355	0.287	-0.286	5.39780525338382e-09	7.34548963079957e-10	-7.34548963079957e-10
264.924	0.265	-0.282	4.67241716722275e-09	7.10807808484507e-10	-7.10807808484507e-10
265.456	0.269	-0.267	4.85261908270215e-09	7.23386644464952e-10	-7.23386644464952e-10
266.036	0.281	-0.312	4.19102777833599e-09	6.64365511096901e-10	-6.64364964856437e-10
266.718	0.290	-0.401	3.7709801447173e-09	5.6214494051196e-10	-5.6214494051196e-10
267.338	0.350	-0.331	3.76947093092872e-09	5.73443996804915e-10	-5.73443996804915e-10
268.149	0.418	-0.461	2.88463149022441e-09	4.47916709920086e-10	-4.47916655008696e-10
268.869	0.257	-0.302	4.71564184752499e-09	7.02966858474988e-10	-7.02966858474988e-10
269.424	0.378	-0.298	3.93932548764292e-09	5.87240294579265e-10	-5.87240294579265e-10
270.104	0.280	-0.302	4.63918784380047e-09	6.91569998236149e-10	-6.91569998236149e-10
270.817	0.391	-0.433	3.36400898031989e-09	5.01477351474429e-10	-5.01477293267489e-10
271.466	0.266	-0.259	5.41258604213672e-09	8.06861695053413e-10	-8.06861098342986e-10
272.072	0.295	-0.34	4.43548765422048e-09	6.61203846235967e-10	-6.61203846235967e-10
272.741	0.306	-0.374	4.06707694941055e-09	6.06284576311535e-10	-6.06284576311535e-10
273.518	0.460	-0.471	2.89325376119603e-09	4.31301252637395e-10	-4.31301196088418e-10
274.376	0.385	-0.398	3.33286529668436e-09	4.9683475187485e-10	-4.96834642268291e-10
275.336	0.490	-0.575	2.37896542368162e-09	3.54635606406738e-10	-3.54635553153583e-10
276.206	0.351	-0.38	3.45371753482682e-09	5.25409073234291e-10	-5.25408965514527e-10
277.057	0.423	-0.5	2.76544787049317e-09	4.20703563989582e-10	-4.20703509531414e-10
277.874	0.437	-0.394	3.07452391610557e-09	4.77402694157354e-10	-4.77402584236629e-10
278.695	0.302	-0.383	3.88359320930812e-09	5.9080525861878e-10	-5.9080525861878e-10
279.375	0.339	-0.378	3.73154904629156e-09	5.67675063222957e-10	-5.67675063222957e-10
280.203	0.530	-0.49	2.59602736144685e-09	3.94929914347999e-10	-3.94929859288113e-10
281.179	0.345	-0.446	3.3469705103368e-09	4.98937416668354e-10	-4.98937308071174e-10
281.960	0.365	-0.435	3.27389273528864e-09	4.88043593086189e-10	-4.88043539377454e-10
282.830	0.334	-0.504	3.14503494164649e-09	4.68834605723039e-10	-4.68834497721356e-10
283.605	0.350	-0.442	3.29431731430362e-09	5.01159745951902e-10	-5.01159637428646e-10
284.419	0.366	-0.464	3.20724721423993e-09	4.78108644825324e-10	-4.78108590221186e-10
285.222	0.496	-0.436	2.92349765012347e-09	4.3580975695805e-10	-4.35809701111617e-10
286.197	0.399	-0.479	3.19305339883136e-09	4.75992829252972e-10	-4.75992714476972e-10
287.019	0.422	-0.424	3.21330892929524e-09	4.98952770042708e-10	-4.9895265529274e-10
287.859	0.423	-0.419	3.30094358821872e-09	4.92076150967719e-10	-4.92076037128123e-10
288.591	0.390	-0.309	3.79927409132013e-09	5.89939400746993e-10	-5.89939400746993e-10
289.487	0.453	-0.506	2.69013569963225e-09	4.17716066928899e-10	-4.17715955172759e-10
290.549	0.395	-0.609	2.60547926671241e-09	3.88402270269881e-10	-3.88402215347177e-10
291.391	0.396	-0.447	3.01212934224393e-09	4.58230870775391e-10	-4.58230816596095e-10
292.183	0.477	-0.396	2.91945358474162e-09	4.35206896603975e-10	-4.35206843029935e-10
293.163	0.488	-0.503	2.56594442810442e-09	3.82508776264452e-10	-3.82508722847251e-10
293.956	0.294	-0.305	4.2310193526289e-09	6.30723596980063e-10	-6.30723596980063e-10
294.638	0.408	-0.387	3.18539439783212e-09	4.74851075145188e-10	-4.74850968711513e-10
295.635	0.500	-0.589	2.32655559182382e-09	3.46822766812448e-10	-3.46822713597046e-10
296.489	0.343	-0.354	3.6321624281202e-09	5.41451596427215e-10	-5.41451064285439e-10
297.290	0.423	-0.458	2.79072207664361e-09	4.33334805342088e-10	-4.33334752105684e-10
298.424	0.610	-0.711	1.8654685064754e-09	2.89664196627016e-10	-2.89664196627016e-10
299.632	0.575	-0.599	2.16719919846594e-09	3.2306729784099e-10	-3.23067244383119e-10
300.717	0.578	-0.509	2.27338188411307e-09	3.53003774464752e-10	-3.53003720933838e-10
301.804	0.569	-0.509	2.32248465603037e-09	3.53316224964423e-10	-3.53316171556402e-10
302.837	0.426	-0.465	2.80306886334783e-09	4.2642689103143e-10	-4.26426784447623e-10
303.873	0.495	-0.61	2.22197815058515e-09	3.45021945878073e-10	-3.45021839525877e-10
304.994	0.408	-0.626	2.4737452536378e-09	3.68764514803777e-10	-3.68764461086496e-10
305.890	0.430	-0.488	2.81047892771069e-09	4.18961864274022e-10	-4.18961810072313e-10
306.822	0.452	-0.501	2.68017812250334e-09	4.07731638749338e-10	-4.07731529719718e-10
307.733	0.380	-0.459	3.06105409780862e-09	4.5631545877774e-10	-4.56315404777457e-10
308.601	0.484	-0.487	2.62245256097366e-09	3.90932560293338e-10	-3.90932506777382e-10
309.387	0.232	-0.302	4.76020265724097e-09	7.0960978177353e-10	-7.0960978177353e-10
310.058	0.477	-0.439	2.81589530121707e-09	4.19769308870512e-10	-4.19769255241868e-10
310.829	0.375	-0.294	3.93422950898277e-09	5.86480690534021e-10	-5.86480690534021e-10
311.454	0.312	-0.25	4.68397592733883e-09	6.98246592279772e-10	-6.98246592279772e-10
312.112	0.325	-0.345	3.91005915991291e-09	5.82877870364103e-10	-5.82877870364103e-10
312.726	0.291	-0.289	4.5045694800266e-09	6.71502423262262e-10	-6.71501887948056e-10
313.316	0.331	-0.299	5.33088341241936e-09	7.17490930400487e-10	-7.17490380767478e-10
313.995	0.274	-0.349	4.42121755416438e-09	6.72593295568441e-10	-6.72593295568441e-10
314.657	0.356	-0.388	3.78815155011871e-09	5.64704860015399e-10	-5.64704744571228e-10
315.290	0.358	-0.277	4.32188908551433e-09	6.50008786454774e-10	-6.50008786454774e-10
315.884	0.289	-0.236	5.05449600968506e-09	7.5348070272073e-10	-7.53480159172882e-10
316.505	0.289	-0.332	4.20877077273154e-09	6.40274473252631e-10	-6.40273929601307e-10
317.031	0.330	-0.237	4.77986066717625e-09	7.04752942262598e-10	-7.04752398523772e-10
317.677	0.327	-0.316	4.06667854854741e-09	6.18657772590768e-10	-6.18657772590768e-10
318.259	0.305	-0.255	5.16303785979628e-09	7.43622025073278e-10	-7.43621484151436e-10
318.938	0.299	-0.374	3.90510060689031e-09	5.82138409197652e-10	-5.82138409197652e-10
319.515	0.224	-0.278	5.21738112250374e-09	7.77761844794493e-10	-7.77761844794493e-10
320.027	0.251	-0.288	4.86509944624143e-09	7.25247098361119e-10	-7.25246560992573e-10
320.625	0.274	-0.347	4.13983977987385e-09	6.2978772795681e-10	-6.2978772795681e-10
321.256	0.319	-0.358	3.82633105574727e-09	5.70396434570033e-10	-5.70396434570033e-10
321.869	0.280	-0.294	4.49979917917451e-09	6.84547862430501e-10	-6.84547862430501e-10
322.422	0.230	-0.273	5.35610561235919e-09	8.12368505594603e-10	-8.12368505594603e-10
322.990	0.332	-0.337	3.95617234761987e-09	5.89752031048081e-10	-5.89752031048081e-10
323.552	0.284	-0.23	4.89161389065779e-09	7.75422846878316e-10	-7.75422846878316e-10
324.094	0.252	-0.259	5.19218725161026e-09	7.80900981359342e-10	-7.80900981359342e-10
324.623	0.262	-0.277	4.88708462419496e-09	7.2852407910978e-10	-7.2852407910978e-10
325.108	0.281	-0.222	5.44727818248759e-09	7.9456792706329e-10	-7.9456792706329e-10
325.687	0.253	-0.298	4.70223031620214e-09	7.00967578559875e-10	-7.00967578559875e-10
326.344	0.317	-0.404	3.54885053272871e-09	5.29031931215398e-10	-5.29031823787418e-10
327.009	0.284	-0.348	4.07919739955216e-09	6.08091646549254e-10	-6.08091105372973e-10
327.628	0.314	-0.335	4.0074513965576e-09	5.9739603751711e-10	-5.9739603751711e-10
328.161	0.304	-0.219	5.21839420841749e-09	7.6118196689984e-10	-7.6118196689984e-10
328.925	0.332	-0.46	3.21824835169774e-09	4.89587485866736e-10	-4.89587377187216e-10
329.578	0.311	-0.321	3.99939286016283e-09	6.08421772042107e-10	-6.08421772042107e-10
330.224	0.367	-0.335	3.64285402392515e-09	5.43045379368848e-10	-5.43044841626149e-10
330.887	0.254	-0.295	4.65461017679267e-09	6.9386915518504e-10	-6.9386915518504e-10
331.421	0.343	-0.28	4.1072701590932e-09	6.12276380912119e-10	-6.12276380912119e-10
332.104	0.281	-0.34	4.05026375055886e-09	6.16160858869063e-10	-6.16160858869063e-10
332.702	0.303	-0.318	4.10637732446322e-09	6.12143238916574e-10	-6.12143238916574e-10
333.375	0.299	-0.37	3.69000798680532e-09	5.72973185990591e-10	-5.72973185990591e-10
334.104	0.307	-0.43	3.44848768259435e-09	5.14070750157532e-10	-5.14070643450806e-10
334.642	0.287	-0.231	4.89857933660801e-09	7.30237843797756e-10	-7.30237843797756e-10
335.271	0.325	-0.342	3.69585604149748e-09	5.73881053437342e-10	-5.73881053437342e-10
335.969	0.336	-0.373	3.59953637070083e-09	5.3658772549492e-10	-5.36587618149701e-10
336.657	0.428	-0.351	3.29521532025617e-09	4.91222210292249e-10	-4.91222156355742e-10
337.447	0.378	-0.362	3.47839388756619e-09	5.18528824162585e-10	-5.18528770086551e-10
338.209	0.274	-0.384	3.85001616347432e-09	5.85697549490704e-10	-5.85697549490704e-10
338.865	0.339	-0.382	3.56970765639667e-09	5.32141160165233e-10	-5.32141052110364e-10
339.535	0.347	-0.331	3.79291119540103e-09	5.65414205112056e-10	-5.65414205112056e-10
340.407	0.441	-0.525	2.66185538449323e-09	3.96806347689423e-10	-3.9680629367404e-10
341.238	0.325	-0.39	3.54228540004563e-09	5.38882778753021e-10	-5.38882670690293e-10
342.049	0.418	-0.486	2.83656108271463e-09	4.31521960807722e-10	-4.31521906760795e-10
342.903	0.414	-0.436	3.05244323371958e-09	4.64363786057493e-10	-4.64363678029311e-10
343.787	0.485	-0.47	2.71118515898653e-09	4.12448734415863e-10	-4.12448626624003e-10
344.832	0.554	-0.559	2.35521923517343e-09	3.51095702269125e-10	-3.51095648512154e-10
345.781	0.439	-0.395	3.13636622144106e-09	4.67542316338485e-10	-4.67542262707033e-10
346.603	0.432	-0.383	3.20642035806927e-09	4.77985415315944e-10	-4.7798536177189e-10
347.484	0.543	-0.448	2.6319297864129e-09	3.923453552439e-10	-3.92345301792631e-10
348.718	0.474	-0.692	2.23273111668182e-09	3.32836269363522e-10	-3.32836216041552e-10
349.893	0.667	-0.701	1.87220224482436e-09	2.84815434261187e-10	-2.84815380963819e-10
351.052	0.460	-0.492	2.73194733902567e-09	4.07255072061499e-10	-4.07255018770412e-10
352.064	0.650	-0.553	2.12930297883095e-09	3.23927815116613e-10	-3.23927761830992e-10
353.169	0.474	-0.455	2.76995646596226e-09	4.21389435194053e-10	-4.21389381672947e-10
354.155	0.319	-0.512	3.15644527397273e-09	4.70535552239581e-10	-4.70535444759928e-10
355.134	0.681	-0.66	1.9333339166327e-09	2.94115327856926e-10	-2.94115273899652e-10
356.527	0.515	-0.711	2.17328176402451e-09	3.23974049818703e-10	-3.23973995229572e-10
357.748	0.585	-0.706	2.02500054640211e-09	3.14435899595049e-10	-3.14435844330916e-10
358.860	0.446	-0.527	2.80242502684136e-09	4.17761259399148e-10	-4.17761203515047e-10
359.932	0.611	-0.626	2.2294313736715e-09	3.32344334459092e-10	-3.32344277972588e-10
361.280	0.727	-0.737	1.86722170233423e-09	2.78349249801281e-10	-2.78349193777969e-10
362.666	0.535	-0.659	2.21844081567319e-09	3.37488165220185e-10	-3.37488110120823e-10
363.755	0.643	-0.554	2.14172504153634e-09	3.25817597921898e-10	-3.25817543535373e-10
364.985	0.516	-0.587	2.2786158769005e-09	3.46642597200987e-10	-3.46642543598263e-10
365.996	0.425	-0.495	2.80876140778263e-09	4.187058241333e-10	-4.18705769868213e-10
366.923	0.567	-0.502	2.44350865211219e-09	3.64257148554749e-10	-3.64257038798805e-10
367.962	0.555	-0.472	2.57492131099551e-09	3.83847054647211e-10	-3.83846943604324e-10
368.977	0.387	-0.46	3.06837136504402e-09	4.57406285545177e-10	-4.57406176384574e-10
369.956	0.434	-0.592	2.48998650177125e-09	3.71185706038794e-10	-3.71185598658701e-10
370.834	0.364	-0.444	3.13929190701178e-09	4.67978443498132e-10	-4.6797839023722e-10
371.693	0.485	-0.495	2.58541104729741e-09	3.8541067862876e-10	-3.85410625393167e-10
372.733	0.569	-0.555	2.30282286740175e-09	3.39533074384009e-10	-3.39532967973944e-10
373.722	0.383	-0.419	3.11192968753456e-09	4.7341336046872e-10	-4.73413307218452e-10
374.502	0.425	-0.397	3.08843154204714e-09	4.60396688877521e-10	-4.60396582231091e-10
375.435	0.428	-0.508	2.71706618795444e-09	4.05036713990407e-10	-4.05036607169604e-10
376.384	0.443	-0.521	2.63525392515803e-09	3.92840817996896e-10	-3.92840764618978e-10
377.293	0.618	-0.466	2.30691447042887e-09	3.5094762188596e-10	-3.50947568578414e-10
378.314	0.315	-0.403	3.52559899211673e-09	5.25565797504799e-10	-5.25565691047165e-10
379.003	0.472	-0.373	2.95615145345613e-09	4.49715019478129e-10	-4.49714966198242e-10
379.843	0.368	-0.368	3.44854607022665e-09	5.14079351178566e-10	-5.14079297823474e-10
380.779	0.504	-0.568	2.26404888586692e-09	3.58898960538314e-10	-3.58898907099494e-10
381.794	0.381	-0.51	2.86971152244437e-09	4.27791807264937e-10	-4.27791699806275e-10
382.669	0.410	-0.494	2.80179244376848e-09	4.26232650432034e-10	-4.26232596425949e-10
383.541	0.516	-0.462	2.64094051071456e-09	3.93688612593053e-10	-3.93688504027707e-10
384.696	0.518	-0.638	2.25564189628378e-09	3.36251625013582e-10	-3.36251516576116e-10
385.842	0.621	-0.628	2.04062255019928e-09	3.16861588618869e-10	-3.16861534768145e-10
386.993	0.555	-0.53	2.33242648103252e-09	3.62172034053133e-10	-3.62171980568423e-10
388.028	0.612	-0.48	2.37776931817627e-09	3.54457291605384e-10	-3.54457238380052e-10
389.157	0.487	-0.517	2.58997696462977e-09	3.86091366765568e-10	-3.86091260259294e-10
390.286	0.662	-0.642	1.99380980043267e-09	2.97219906349837e-10	-2.97219853068961e-10
391.553	0.555	-0.605	2.24253164374265e-09	3.34297244172099e-10	-3.34297137561622e-10
392.579	0.564	-0.471	2.51087099320084e-09	3.7429889435495e-10	-3.74298841079012e-10
393.768	0.523	-0.625	2.19585484386328e-09	3.40965597447873e-10	-3.40965544205774e-10
394.795	0.469	-0.504	2.66837236246515e-09	3.97777859389418e-10	-3.97777752963478e-10
395.863	0.453	-0.599	2.47281189911126e-09	3.68625399887738e-10	-3.68625346607962e-10
396.822	0.496	-0.506	2.59946312039487e-09	3.87505430372477e-10	-3.87505377017092e-10
397.711	0.465	-0.394	2.98818876430647e-09	4.54588876409285e-10	-4.54588822983879e-10
398.646	0.459	-0.47	2.83089840194872e-09	4.22005840028861e-10	-4.22005786154232e-10
399.672	0.536	-0.567	2.41702049592025e-09	3.6030845548425e-10	-3.60308400850712e-10
400.754	0.536	-0.545	2.42579293804874e-09	3.76669745122712e-10	-3.76669634236113e-10
401.901	0.501	-0.611	2.39678370300438e-09	3.72165230764161e-10	-3.72165118139408e-10
402.896	0.527	-0.494	2.66247068481907e-09	3.96898063086266e-10	-3.96898007370202e-10
404.027	0.611	-0.604	2.16454694609705e-09	3.29289392624131e-10	-3.29289337899152e-10
405.108	0.455	-0.47	2.66640397597243e-09	4.31597367641336e-10	-4.31597313844623e-10
405.972	0.403	-0.408	3.19617336706552e-09	4.76457937893769e-10	-4.76457831621895e-10
406.874	0.492	-0.499	2.58424261130136e-09	3.93137121306001e-10	-3.93137014738856e-10
407.975	0.524	-0.609	2.26736777958229e-09	3.44931432537732e-10	-3.44931379073842e-10
409.029	0.456	-0.53	2.6555198166649e-09	3.9586189456167e-10	-3.95861840925045e-10
409.990	0.395	-0.505	2.89985019626465e-09	4.32284606205846e-10	-4.32284552710082e-10
410.888	0.349	-0.503	3.05360362025447e-09	4.5520479399256e-10	-4.55204687338341e-10
411.639	0.352	-0.402	3.38878604951336e-09	5.15531174776987e-10	-5.15531068403479e-10
412.271	0.379	-0.28	3.93945811775624e-09	5.87260561878291e-10	-5.87260030455396e-10
413.166	0.565	-0.516	2.36110908854203e-09	3.59192112817194e-10	-3.59192059676835e-10
414.123	0.494	-0.392	2.88252966169839e-09	4.38515116346361e-10	-4.3851506320806e-10
415.166	0.620	-0.549	2.21991514698649e-09	3.3092574793207e-10	-3.3092569475752e-10
416.242	0.352	-0.455	3.21634624660166e-09	4.79465110079283e-10	-4.79465003603683e-10
417.068	0.629	-0.474	2.2826281999341e-09	3.47252980906409e-10	-3.47252927620115e-10
418.129	0.515	-0.431	2.68422327597672e-09	4.00140796692538e-10	-4.00140689952732e-10
419.167	0.500	-0.523	2.4877143509826e-09	3.70846965952865e-10	-3.70846859030715e-10
420.392	0.707	-0.726	1.78051248694609e-09	2.65423425228505e-10	-2.65423371659924e-10
421.588	0.411	-0.489	2.86389318529801e-09	4.26924408790116e-10	-4.26924354630359e-10
422.545	0.546	-0.546	2.38972742870512e-09	3.56239893287227e-10	-3.56239838449672e-10
423.690	0.525	-0.599	2.35634087915201e-09	3.51262925377198e-10	-3.51262869719595e-10
425.028	0.578	-0.812	1.91081279961661e-09	2.90689209273695e-10	-2.9068915264514e-10
426.143	0.574	-0.538	2.42437530452741e-09	3.61404900003963e-10	-3.61404843373626e-10
427.240	0.541	-0.523	2.52730239324869e-09	3.76748403497463e-10	-3.76748347013733e-10
428.670	1.024	-0.889	1.38006329381678e-09	2.09947042805358e-10	-2.09946986511605e-10
430.593	0.708	-0.899	1.6104860033455e-09	2.50071380290939e-10	-2.50071324250663e-10
431.794	0.556	-0.493	2.54195943472093e-09	3.78933313561487e-10	-3.78933257512822e-10
433.136	0.903	-0.786	1.55929685369203e-09	2.3721364140779e-10	-2.37213585258696e-10
434.811	1.088	-0.773	1.43955632893566e-09	2.14596598036566e-10	-2.14596541762306e-10
436.703	0.511	-0.804	2.04269423703963e-09	3.04507167923827e-10	-3.04507111508433e-10
437.940	0.755	-0.726	1.8145378472714e-09	2.70495574025753e-10	-2.70495517605521e-10
439.529	0.817	-0.834	1.62009033035822e-09	2.41509090184357e-10	-2.41509033998546e-10
441.384	1.148	-1.039	1.19901923638523e-09	1.82405100177215e-10	-1.82405044262773e-10
443.326	0.886	-0.794	1.57694853792694e-09	2.35077798631789e-10	-2.35077798631789e-10
445.104	1.219	-0.893	1.24872321246327e-09	1.86148887966907e-10	-1.86148832574058e-10
447.526	1.124	-1.203	1.13832144714435e-09	1.69691076518282e-10	-1.69691076518282e-10
449.748	0.804	-1.098	1.37732927830599e-09	2.09531131959472e-10	-2.09531076086471e-10
451.786	1.097	-1.233	1.14545008006348e-09	1.70753749157939e-10	-1.70753749157939e-10
453.996	1.226	-1.113	1.12826575714864e-09	1.71641453829356e-10	-1.71641453829356e-10
456.106	1.159	-0.883	1.31122119967342e-09	1.95465513206609e-10	-1.9546545694645e-10
458.525	1.079	-1.26	1.09377468950184e-09	1.73386088339846e-10	-1.73386088339846e-10
461.205	1.616	-1.601	8.26260554158151e-10	1.28299201183747e-10	-1.28299145023798e-10
464.006	1.425	-1.185	1.03217922752647e-09	1.5702394335838e-10	-1.5702394335838e-10
467.314	1.679	-1.883	7.49762061725329e-10	1.14060158890466e-10	-1.14060158890466e-10
470.707	1.490	-1.714	8.3875522752832e-10	1.25034364306539e-10	-1.25034364306539e-10
473.810	1.513	-1.613	8.52857250245166e-10	1.27136556966955e-10	-1.27136556966955e-10
477.534	1.695	-2.211	6.78890647360094e-10	1.01203092831574e-10	-1.01203092831574e-10
481.462	2.538	-2.233	5.12865800645822e-10	8.30150268748046e-11	-8.30149726830993e-11
486.016	2.266	-2.016	5.34015980500262e-10	8.44354247728128e-11	-8.44354247728128e-11
490.427	2.226	-2.145	5.82996368262767e-10	8.86904017502166e-11	-8.86904017502166e-11
494.485	1.664	-1.832	4.9252008815207e-10	9.27081736087278e-11	-9.27081736087278e-11
497.982	1.642	-1.833	4.96560741795072e-10	9.3468796117533e-11	-9.34687418585854e-11
501.466	1.732	-1.842	4.69097078187931e-10	9.10740442457371e-11	-9.10740442457371e-11
505.320	1.803	-2.122	4.08153236733068e-10	8.1769037029593e-11	-8.17689828822877e-11
509.660	2.023	-2.536	3.58461475307979e-10	6.95943982033841e-11	-6.95943982033841e-11
513.863	2.265	-2.18	5.1708575984937e-10	8.44557605152288e-11	-8.44557605152288e-11
518.571	2.766	-2.443	3.27301759886944e-10	6.16087652316824e-11	-6.16087652316824e-11
524.443	3.800	-3.107	2.4634725597445e-10	4.6370511987463e-11	-4.63705066367442e-11
530.947	3.003	-2.704	2.97413409470791e-10	5.59828370704248e-11	-5.59827836882092e-11
537.525	2.373	-3.574	2.58988612562687e-10	5.53293550814729e-11	-5.5329301701295e-11
542.966	3.847	-3.068	2.34207247541172e-10	4.69208467196584e-11	-4.69208413791585e-11
550.239	2.903	-3.425	2.68445151980526e-10	5.05300489986819e-11	-5.05300436549011e-11
555.329	3.522	-2.187	2.90816544318415e-10	5.64613181916208e-11	-5.64613181916208e-11
562.115	2.938	-3.264	2.80319554641623e-10	5.11791498530764e-11	-5.11791445092601e-11
NO NO NO NO NO NO
! xrtpcflux
583.035	6.745	-10.806	1.98354009535109e-10	4.2423552829638e-11	-4.2423552829638e-11
602.329	12.524	-12.549	1.34216583662458e-10	2.93859440566416e-11	-2.93859440566416e-11
634.286	15.669	-19.433	9.54589709979263e-11	2.09699760892663e-11	-2.09699760892663e-11
663.323	16.721	-13.367	1.08322312593275e-10	2.43488196820441e-11	-2.43488196820441e-11
694.007	16.124	-13.964	1.14629681020624e-10	2.51393346680406e-11	-2.51393346680406e-11
745.962	26.852	-35.831	5.12775085797994e-11	1.16074892697819e-11	-1.16074892697819e-11
797.769	22.685	-24.954	7.08847133459303e-11	1.55976625902859e-11	-1.55976625902859e-11
846.941	31.180	-26.488	5.53960578354963e-11	1.24957444286299e-11	-1.24957444286299e-11
905.132	20.629	-27.01	6.68694927878719e-11	1.49785613198802e-11	-1.49785613198802e-11
953.327	32.609	-27.566	5.27424005999946e-11	1.18971511472883e-11	-1.18971511472883e-11
1020.733	40.422	-34.797	4.19590031571988e-11	9.53169343750598e-12	-9.53169343750598e-12
1100.708	45.697	-39.552	3.73668899816111e-11	8.44371576934879e-12	-8.44371576934879e-12
1174.014	30.059	-27.609	5.73977713885027e-11	1.26511094864709e-11	-1.26511094864709e-11
1254.345	52.528	-50.272	3.08583078370763e-11	6.98527506269677e-12	-6.98527506269677e-12
1349.062	43.060	-42.189	3.88787751020522e-11	8.56932005642992e-12	-8.56932005642992e-12
1435.403	39.461	-43.281	3.81933688829633e-11	8.69163682569254e-12	-8.69163682569254e-12
1509.925	30.129	-35.062	4.86774177347402e-11	1.09995304998389e-11	-1.09995304998389e-11
1580.689	34.584	-40.636	4.22916544739678e-11	9.53977034090745e-12	-9.53977034090745e-12
1667.622	40.423	-52.348	3.56027727468565e-11	8.05926110931506e-12	-8.05926110931506e-12
1744.199	29.036	-36.155	5.16112352275297e-11	1.16215773011059e-11	-1.16215773011059e-11
1820.677	47.836	-47.442	3.70947747435985e-11	8.45661253740818e-12	-8.45661253740818e-12
1897.214	38.996	-28.701	5.65310551113859e-11	1.27967108211286e-11	-1.27967108211286e-11
1995.558	50.963	-59.347	6.07537794090685e-11	1.06886872777791e-11	-1.06886872777791e-11
5241.638	35.025	-27.658	1.98743806784596e-11	4.47784097874933e-12	-4.47784097874933e-12
5321.615	52.832	-44.952	1.26287887316937e-11	2.85258770348138e-12	-2.85258770348138e-12
5601.985	122.174	-39.57	1.40687859972617e-11	3.19001101733873e-12	-3.19001101733873e-12
5766.599	40.301	-42.44	1.51795746977807e-11	3.40281689754102e-12	-3.40281689754102e-12
5829.197	22.835	-22.297	2.77474378313082e-11	6.24378700640593e-12	-6.24378700640593e-12
5892.108	32.636	-40.076	1.72692150512134e-11	3.87125330835623e-12	-3.87125330835623e-12
5962.033	20.380	-37.289	2.27117854848693e-11	4.98598397005674e-12	-4.98598397005674e-12
6014.474	35.637	-32.061	1.8298328212376e-11	4.11752733894219e-12	-4.11752733894219e-12
6080.299	35.001	-30.189	1.8841105414537e-11	4.23966426473925e-12	-4.23966426473925e-12
6161.361	59.247	-46.061	1.16800724200317e-11	2.62827430933526e-12	-2.62827430933526e-12
6277.100	51.322	-56.493	1.13244908186834e-11	2.56122685509537e-12	-2.56122685509537e-12
6372.860	43.318	-44.438	1.38128659893956e-11	3.12004689148329e-12	-3.12004689148329e-12
6470.612	45.859	-54.434	1.24679730793902e-11	2.75372223649564e-12	-2.75372223649564e-12
6576.588	37.668	-60.117	1.20394627193823e-11	2.72293046133513e-12	-2.72293046133513e-12
6668.850	45.699	-54.594	1.18730236411622e-11	2.68528735368622e-12	-2.68528735368622e-12
6771.233	53.638	-56.684	1.1559799084745e-11	2.54081853176181e-12	-2.54081853176181e-12
6903.732	61.549	-78.861	8.78070425977291e-12	1.99861646634427e-12	-1.99861646634427e-12
7024.972	60.660	-59.691	1.05885015716409e-11	2.38869338596325e-12	-2.38869338596325e-12
7151.228	59.771	-65.595	1.01098899646447e-11	2.29528301439288e-12	-2.29528301439288e-12
7244.197	39.514	-33.199	1.68215028510101e-11	3.79963672833047e-12	-3.79963672833047e-12
7338.479	22.958	-54.769	1.51988809735853e-11	3.41144744836668e-12	-3.41144744836668e-12
7410.395	48.828	-48.958	1.19423961753226e-11	2.72174794332005e-12	-2.72174794332005e-12
7508.664	43.330	-49.441	1.28066140634008e-11	2.88542254859786e-12	-2.88542254859786e-12
7589.319	27.865	-37.326	1.8317729995653e-11	4.12711684502005e-12	-4.12711684502005e-12
7667.455	45.007	-50.271	1.31394024713643e-11	2.90201563607205e-12	-2.90201563607205e-12
7765.988	54.274	-53.526	1.21798415916947e-11	2.62375307702621e-12	-2.62375307702621e-12
11163.212	69.177	-78.755	9.54064809131246e-12	2.173822034301e-12	-2.173822034301e-12
11362.075	103.494	-129.686	5.68079605148229e-12	1.31619776836449e-12	-1.31619776836449e-12
11518.301	52.575	-52.732	1.28450637150486e-11	2.91291592860855e-12	-2.91291592860855e-12
11665.961	67.890	-95.085	8.23007525701383e-12	1.86856530021572e-12	-1.86856530021572e-12
11804.591	67.163	-70.739	9.73148726606589e-12	2.20164550493007e-12	-2.20164550493007e-12
11975.688	89.129	-103.934	6.86905240769134e-12	1.57819583897742e-12	-1.57819583897742e-12
12178.485	111.991	-113.668	5.88606629926756e-12	1.35235067587779e-12	-1.35235067587779e-12
12370.413	90.560	-79.937	7.89133820341307e-12	1.79590079295536e-12	-1.79590079295536e-12
12585.544	91.058	-124.571	4.71014662579291e-12	1.237268426591e-12	-1.237268426591e-12
12749.106	90.471	-72.505	8.37158507259385e-12	1.89398160623997e-12	-1.89398160623997e-12
12953.417	106.804	-113.84	6.22649585131847e-12	1.40867770607745e-12	-1.40867770607745e-12
13125.714	72.410	-65.492	1.00060954028502e-11	2.27179474179532e-12	-2.27179474179532e-12
13405.921	185.836	-207.797	6.07117212904355e-12	1.06674906319113e-12	-1.06674906319113e-12
16955.408	103.824	-86.732	8.30117803652031e-12	1.83253553931306e-12	-1.83253553931306e-12
17214.492	95.471	-155.26	4.36577808396134e-12	1.15449346048167e-12	-1.15449346048167e-12
17436.461	91.638	-126.498	4.80193576448215e-12	1.25876585862552e-12	-1.25876585862552e-12
17631.252	94.925	-103.153	4.94635577087199e-12	1.31234799247519e-12	-1.31234799247519e-12
17811.241	82.926	-85.064	7.84387575981497e-12	1.77537786312387e-12	-1.77537786312387e-12
18018.777	86.005	-124.61	5.84195037079861e-12	1.39189819075148e-12	-1.39189819075148e-12
18270.957	107.122	-166.176	3.85846587056061e-12	1.01587341182393e-12	-1.01587341182393e-12
18494.676	101.540	-116.597	6.36296472443069e-12	1.43901639693448e-12	-1.43901639693448e-12
18674.460	102.282	-78.245	5.56686923093878e-12	1.46406792102343e-12	-1.46406792102343e-12
18874.081	103.246	-97.339	6.59781043909614e-12	1.48970284151325e-12	-1.48970284151325e-12
19152.368	211.071	-175.041	4.4271168215064e-12	8.80770868165521e-13	-8.80770868165521e-13
52834.519	181.209	-350.342	2.12791592488058e-12	5.4412171168185e-13	-5.4412171168185e-13
53507.092	486.480	-491.364	1.21405429477742e-12	3.04579769000162e-13	-3.04579769000162e-13
164993.575	4166.718	-3959.122	4.58213656702912e-13	9.58451687081424e-14	-9.58451687081424e-14
173568.366	1299.762	-984.388	4.25913384201272e-13	1.17440836775351e-13	-1.17440836775351e-13
197047.222	52991.802	-16957.244	2.4496550864397e-13	6.53751251641877e-14	-6.53751251641877e-14
404565.078	133109.706	-70163.053	1.84122835877308e-13	2.88398949886549e-14	-2.88398949886549e-14
750784.254	46928.932	-69345.205	9.86557742284655e-14	2.61477190662656e-14	-2.61477190662656e-14
NO NO NO NO NO NO
! batSNR4flux
0.600999974409739	0.6	-0.6	2.32882664972336e-08	5.02544973435797e-09	-5.02544973435797e-09
1.40099997639656	0.2	-0.2	3.4731510509145e-08	8.29775872914505e-09	-8.29775872914505e-09
2.00099997639656	0.4	-0.4	1.57531781074969e-08	5.4093967562965e-09	-5.4093967562965e-09
2.52099996725718	0.12	-0.12	3.88524318103606e-08	9.28850566048641e-09	-9.28850566048641e-09
2.80099998086691	0.16	-0.16	2.92714524596479e-08	7.87570224713709e-09	-7.87570224713709e-09
3.12099997371435	0.16	-0.16	3.14247733013467e-08	7.69200291062837e-09	-7.69200291062837e-09
3.48099997162819	0.2	-0.2	2.22697520382812e-08	6.68093003503101e-09	-6.68093003503101e-09
3.88099997758865	0.2	-0.2	2.61053238787978e-08	6.28873836957242e-09	-6.28873836957242e-09
4.62099997564598	0.54	-0.54	1.74382267721646e-08	4.06423488667502e-09	-4.06423488667502e-09
5.72099997520447	0.56	-0.56	1.21101984136869e-08	5.49027188743705e-09	-5.49027188743705e-09
6.50099997368726	0.22	-0.22	4.75717746866649e-08	1.18706722856617e-08	-1.18706722856617e-08
7.00099997639656	0.28	-0.28	4.33118361710264e-08	1.19517242841816e-08	-1.19517242841816e-08
7.56099997452327	0.28	-0.28	5.94694629755519e-08	1.45564239941712e-08	-1.45564239941712e-08
9.54099997506421	1.7	-1.7	4.05998562610061e-08	8.57433619423063e-09	-8.57433619423063e-09
11.580999975485	0.34	-0.34	7.76310304054964e-08	1.81381811936016e-08	-1.81381811936016e-08
12.6809999757064	0.76	-0.76	6.06916325968704e-08	1.20439389890158e-08	-1.20439389890158e-08
13.5609999688466	0.12	-0.12	1.16797085077232e-07	2.91211461536903e-08	-2.91211461536903e-08
14.1609999753038	0.48	-0.48	5.33502642667111e-08	1.23888743988221e-08	-1.23888743988221e-08
15.1209999761979	0.48	-0.48	1.90595050817061e-08	8.93456686950385e-09	-8.93456686950385e-09
16.0809999746084	0.48	-0.48	2.63052563445262e-08	6.49373127823112e-09	-6.49373127823112e-09
17.5409999753504	0.980000000000001	-0.980000000000001	1.30435160544267e-08	2.80751308647946e-09	-2.80751308647946e-09
18.7409999778054	0.22	-0.22	1.803832629564e-08	4.01494575488184e-09	-4.01494575488184e-09
19.9809999750175	1.02	-1.02	6.83530384060589e-09	1.27088476105894e-09	-1.27088476105894e-09
21.0609999688466	0.06	-0.06	1.4254152951893e-08	3.55193629547161e-09	-3.55193629547161e-09
23.1609999751577	2.04	-2.04	3.38142807463889e-09	6.28358522162329e-10	-6.28358522162329e-10
25.5409999750642	0.34	-0.34	6.56167526687689e-09	1.60730995220165e-09	-1.60730995220165e-09
26.2809999746084	0.4	-0.4	6.22498792710327e-09	1.53896194463061e-09	-1.53896194463061e-09
27.7409999752494	1.06	-1.06	4.16431074671742e-09	9.55220012490471e-10	-9.55220012490471e-10
29.8609999755193	1.06	-1.06	4.67289140695276e-09	1.00993788791462e-09	-1.00993788791462e-09
32.0209999752045	1.1	-1.1	3.79482094269695e-09	1.05063342391676e-09	-1.05063342391676e-09
33.3209999752045	0.2	-0.2	1.02182750987782e-08	2.5419925651672e-09	-2.5419925651672e-09
40.8409999752504	7.31999999999993	-7.31999999999993	2.9988068529045e-09	4.90831023203886e-10	-4.90831023203886e-10
50.64099997507	2.48	-2.48	5.38904266776457e-09	1.34230428706202e-09	-1.34230428706202e-09
53.3209999752045	0.2	-0.2	2.22173095041117e-08	5.45029476680905e-09	-5.45029476680905e-09
54.6609999759574	0.38	-0.38	1.73192465936772e-08	4.1752130512504e-09	-4.1752130512504e-09
56.2609999751654	1.22	-1.22	1.12313903431698e-08	2.51223564400772e-09	-2.51223564400772e-09
57.5409999680519	0.06	-0.06	5.45284621576733e-08	1.20924431217085e-08	-1.20924431217085e-08
58.2009999744097	0.6	-0.6	1.77859386165369e-08	3.91459468063585e-09	-3.91459468063585e-09
59.040999977986	0.24	-0.24	2.79848376555736e-08	6.57515630991805e-09	-6.57515630991805e-09
59.4209999717985	0.14	-0.14	3.6499164508301e-08	8.77506146857624e-09	-8.77506146857624e-09
59.7609999787807	0.2	-0.2	1.66458517346765e-08	7.33257958538302e-09	-7.33257958538302e-09
60.1609999728203	0.2	-0.2	3.12330585279694e-08	7.67129442221599e-09	-7.67129442221599e-09
60.7809999747503	0.42	-0.42	2.28583905056936e-08	5.39359579053522e-09	-5.39359579053522e-09
61.3209999791781	0.12	-0.12	4.45191801717879e-08	1.07025927381201e-08	-1.07025927381201e-08
61.5609999688466	0.12	-0.12	4.73041363515026e-08	1.14537849971393e-08	-1.14537849971393e-08
62.1009999761127	0.42	-0.42	2.46708873716364e-08	6.88412253337916e-09	-6.88412253337916e-09
62.6609999728203	0.14	-0.14	5.94067449819571e-08	1.44705045884206e-08	-1.44705045884206e-08
63.1209999774396	0.32	-0.32	3.27243657362266e-08	1.05197810699848e-08	-1.05197810699848e-08
63.6009999704361	0.16	-0.16	7.17411723181757e-08	1.69672584499404e-08	-1.69672584499404e-08
63.9209999781847	0.16	-0.16	4.9954065509105e-08	1.90238026401825e-08	-1.90238026401825e-08
64.1409999720256	0.06	-0.06	1.28860564434384e-07	3.20716814602393e-08	-3.20716814602393e-08
64.5609999754694	0.36	-0.36	4.94776540618306e-08	1.24044963958563e-08	-1.24044963958563e-08
65.1009999770588	0.18	-0.18	7.07698649652105e-08	1.63804588956011e-08	-1.63804588956011e-08
66.1809999749396	0.9	-0.9	2.55200693414268e-08	6.07545522073195e-09	-6.07545522073195e-09
67.2409999784827	0.16	-0.16	4.99268774456184e-08	1.20239971653117e-08	-1.20239971653117e-08
67.4809999656677	0.08	-0.08	6.55041710000301e-08	1.62445125462026e-08	-1.62445125462026e-08
68.3409999753879	0.26	-0.26	3.90058048869803e-08	9.46070524508461e-09	-9.46070524508461e-09
68.8809999758857	0.28	-0.28	2.39742198612709e-08	1.01378001459057e-08	-1.01378001459057e-08
69.3609999728203	0.2	-0.2	5.67312557173899e-08	1.26155137617749e-08	-1.26155137617749e-08
70.3409999753879	0.78	-0.78	2.40591205587247e-08	7.36512992169504e-09	-7.36512992169504e-09
71.3809999739207	0.26	-0.26	6.75508520714533e-08	1.47215133350229e-08	-1.47215133350229e-08
72.9809999754536	1.34	-1.34	2.22273142805171e-08	8.30347179152005e-09	-8.30347179152005e-09
75.6809999756603	1.36	-1.36	4.90703275930424e-08	1.17905783902151e-08	-1.17905783902151e-08
77.3409999720256	0.3	-0.3	1.1197495629979e-07	2.62131228706533e-08	-2.62131228706533e-08
80.8809999753078	3.24	-3.24	3.10628884110622e-08	8.99453885393583e-09	-8.99453885393583e-09
84.4809999756018	0.36	-0.36	1.25459891694617e-07	2.99569623030397e-08	-2.99569623030397e-08
86.4409999755027	1.6	-1.6	3.96084760839312e-08	1.30839419746348e-08	-1.30839419746348e-08
88.2009999719262	0.16	-0.16	1.50547683303619e-07	3.57370182161848e-08	-3.57370182161848e-08
88.8809999762132	0.52	-0.52	5.57027364134886e-08	1.92767419959568e-08	-1.92767419959568e-08
89.5409999680519	0.14	-0.14	1.51696593645124e-07	3.56356884246405e-08	-3.56356884246405e-08
89.9009999769384	0.22	-0.22	5.69097844583584e-08	2.83331033025036e-08	-2.83331033025036e-08
90.2409999759992	0.12	-0.12	1.54823091179174e-07	3.75984972243317e-08	-3.75984972243317e-08
90.9009999757343	0.54	-0.54	6.21003125023124e-08	1.62275912147319e-08	-1.62275912147319e-08
91.6209999712308	0.18	-0.18	1.14966241855144e-07	2.72052454907506e-08	-2.72052454907506e-08
92.1809999757064	0.38	-0.38	7.67671110254568e-08	1.83080654426203e-08	-1.83080654426203e-08
92.5809999895096	0.02	-0.02	3.65934968169895e-07	7.85694378435362e-08	-7.85694378435362e-08
92.980999975079	0.38	-0.38	8.22127003116993e-08	1.81457552885825e-08	-1.81457552885825e-08
94.1209999748908	0.76	-0.76	3.86256661559338e-08	1.5443644621067e-08	-1.5443644621067e-08
94.9409999839465	0.06	-0.06	2.82208811292717e-07	6.66914589199341e-08	-6.66914589199341e-08
95.3209999729693	0.32	-0.32	1.08039820996091e-07	3.27320362566501e-08	-3.27320362566501e-08
95.7209999752045	0.08	-0.08	2.90283088647992e-07	6.91383677239934e-08	-6.91383677239934e-08
96.5009999755451	0.7	-0.7	1.12364901812816e-07	2.43092845583015e-08	-2.43092845583015e-08
97.300999982357	0.1	-0.1	1.69852508707178e-07	4.06295006372251e-08	-4.06295006372251e-08
97.5809999696414	0.18	-0.18	9.6957616404138e-08	2.59895197481997e-08	-2.59895197481997e-08
97.8209999791781	0.06	-0.06	1.665020318814e-07	3.91029945234626e-08	-3.91029945234626e-08
97.9609999847412	0.08	-0.08	1.14904821771788e-07	3.15726016480617e-08	-3.15726016480617e-08
98.1409999680519	0.1	-0.1	1.03806896665764e-07	2.55920349845542e-08	-2.55920349845542e-08
98.3009999783834	0.06	-0.06	1.25471906700536e-07	2.95487446083458e-08	-2.95487446083458e-08
98.4809999756018	0.12	-0.12	8.56501149626701e-08	1.85204990578705e-08	-1.85204990578705e-08
98.6609999728203	0.06	-0.06	8.85572755344903e-08	2.14792795050799e-08	-2.14792795050799e-08
98.7809999775886	0.06	-0.06	8.16546494832294e-08	1.94872348190603e-08	-1.94872348190603e-08
98.900999982357	0.06	-0.06	5.78894554152681e-08	1.63408787831402e-08	-1.63408787831402e-08
99.0609999728203	0.1	-0.1	5.13069254564626e-08	1.24367470360573e-08	-1.24367470360573e-08
99.2209999752045	0.06	-0.06	1.125803103173e-07	2.11219414942458e-08	-2.11219414942458e-08
99.3009999585152	0.02	-0.02	1.97576801804076e-07	3.86535793802564e-08	-3.86535793802564e-08
99.3609999907017	0.04	-0.04	1.14273668213371e-07	3.08370531756372e-08	-3.08370531756372e-08
99.4409999740124	0.04	-0.04	1.57139189993856e-07	3.3425899462786e-08	-3.3425899462786e-08
99.5409999680519	0.06	-0.06	2.1906781026719e-07	3.67179628929476e-08	-3.67179628929476e-08
99.6209999513626	0.02	-0.02	3.93414706339501e-07	8.92677644503011e-08	-8.92677644503011e-08
99.6809999835491	0.04	-0.04	3.41360704933509e-07	7.89184717166633e-08	-7.89184717166633e-08
99.7609999668598	0.04	-0.04	4.08103396942014e-07	1.07651689287621e-07	-1.07651689287621e-07
99.8209999990463	0.02	-0.02	8.11417298033605e-07	1.58968661545222e-07	-1.58968661545222e-07
99.8809999716282	0.04	-0.04	4.74918534506614e-07	1.01751750402127e-07	-1.01751750402127e-07
99.9410000038147	0.02	-0.02	5.39536203472844e-07	1.33778223171118e-07	-1.33778223171118e-07
100.000999976397	0.04	-0.04	3.95703612662023e-07	8.03722156519921e-08	-8.03722156519921e-08
100.100999970436	0.06	-0.06	2.13554865007412e-07	3.4801623807133e-08	-3.4801623807133e-08
100.180999953747	0.02	-0.02	1.64417987689595e-07	3.75748237718546e-08	-3.75748237718546e-08
100.260999996662	0.02	-0.02	1.03301665743208e-07	2.40700939547347e-08	-2.40700939547347e-08
100.320999969244	0.04	-0.04	4.31005106978848e-08	1.14686651704925e-08	-1.14686651704925e-08
100.400999982357	0.04	-0.04	4.18953160943987e-08	8.84179944903712e-09	-8.84179944903712e-09
100.480999965668	0.04	-0.04	9.01942512889577e-08	1.86393970150413e-08	-1.86393970150413e-08
100.560999978781	0.04	-0.04	9.77038755981993e-08	3.88079872303229e-08	-3.88079872303229e-08
100.66099997282	0.06	-0.06	5.22614672402833e-07	8.13673501900353e-08	-8.13673501900353e-08
100.740999956131	0.02	-0.02	1.24200856422783e-06	2.95593347942465e-07	-2.95593347942465e-07
100.780999977589	0.02	-0.02	8.75002999570321e-07	1.92155775984687e-07	-1.92155775984687e-07
100.840999979973	0.04	-0.04	2.74266243416464e-07	6.70529724478e-08	-6.70529724478e-08
100.920999993086	0.04	-0.04	9.04208067491209e-08	2.55237402260081e-08	-2.55237402260081e-08
101.000999976397	0.04	-0.04	4.92531630758912e-08	1.02682186116082e-08	-1.02682186116082e-08
101.120999966264	0.08	-0.08	4.01044517992748e-08	9.9129676449015e-09	-9.9129676449015e-09
101.240999985933	0.04	-0.04	1.40815105534263e-07	3.0222995360062e-08	-3.0222995360062e-08
101.300999958515	0.02	-0.02	2.77684370326398e-07	6.89502888989578e-08	-6.89502888989578e-08
101.360999990702	0.04	-0.04	1.9229270523223e-07	5.05672700206174e-08	-5.05672700206174e-08
101.420999963284	0.02	-0.02	3.10005743579779e-07	7.06737006936417e-08	-7.06737006936417e-08
101.480999965668	0.04	-0.04	1.80113087196391e-07	4.76505351258751e-08	-4.76505351258751e-08
101.560999978781	0.04	-0.04	1.79969586488379e-07	4.30117093963827e-08	-4.30117093963827e-08
101.640999962091	0.04	-0.04	1.83954112467558e-07	4.01338092572082e-08	-4.01338092572082e-08
101.720999975204	0.04	-0.04	1.59017879625684e-07	4.21371585962769e-08	-4.21371585962769e-08
101.800999988317	0.04	-0.04	2.01165747806771e-07	4.50323870551602e-08	-4.50323870551602e-08
101.920999978185	0.08	-0.08	1.42989995130855e-07	3.64639287808929e-08	-3.64639287808929e-08
102.020999987125	0.02	-0.02	4.15367599270678e-07	8.4831168637993e-08	-8.4831168637993e-08
102.080999959707	0.04	-0.04	2.79063296562836e-07	5.51929590673085e-08	-5.51929590673085e-08
102.16099997282	0.04	-0.04	1.72095095211173e-07	4.86427365492144e-08	-4.86427365492144e-08
102.220999975204	0.02	-0.02	3.18477348688381e-07	5.98333298068179e-08	-5.98333298068179e-08
102.280999977589	0.04	-0.04	1.63945011154951e-07	4.10659901896335e-08	-4.10659901896335e-08
102.360999990702	0.04	-0.04	1.75242424378313e-07	3.22363560191975e-08	-3.22363560191975e-08
102.420999963284	0.02	-0.02	1.19906740934361e-07	2.95571710516467e-08	-2.95571710516467e-08
102.480999965668	0.04	-0.04	7.5748620003431e-08	1.73254510076505e-08	-1.73254510076505e-08
102.560999978781	0.04	-0.04	4.17781163069357e-08	1.16065733362629e-08	-1.16065733362629e-08
102.620999951363	0.02	-0.02	6.17334134337032e-08	1.21538720709966e-08	-1.21538720709966e-08
102.720999975204	0.08	-0.08	1.41975024758802e-08	3.55657782619202e-09	-3.55657782619202e-09
102.820999999046	0.02	-0.02	2.45962285374685e-08	4.10027618180231e-09	-4.10027618180231e-09
102.880999971628	0.04	-0.04	6.94495066536886e-09	2.24261770157836e-09	-2.24261770157836e-09
102.941000003815	0.02	-0.02	1.47859733933118e-08	3.36372723996022e-09	-3.36372723996022e-09
103.000999976397	0.04	-0.04	1.02149919651702e-08	2.71495488440744e-09	-2.71495488440744e-09
103.100999970436	0.06	-0.06	1.34161133805794e-08	2.4706937425869e-09	-2.4706937425869e-09
103.180999953747	0.02	-0.02	2.02666315995353e-08	4.83244989228758e-09	-4.83244989228758e-09
103.240999985933	0.04	-0.04	1.40946003093483e-08	3.77818471407899e-09	-3.77818471407899e-09
103.340999979973	0.06	-0.06	1.73870181075932e-08	3.40418414895634e-09	-3.40418414895634e-09
103.420999963284	0.02	-0.02	2.65845211865541e-08	6.42498419732445e-09	-6.42498419732445e-09
103.460999984741	0.02	-0.02	2.89837394375754e-08	8.04527066284054e-09	-8.04527066284054e-09
103.500999946594	0.02	-0.02	3.61051491496323e-08	8.947252520086e-09	-8.947252520086e-09
103.560999978781	0.04	-0.04	2.66221381276786e-08	7.87827901948077e-09	-7.87827901948077e-09
103.620999951363	0.02	-0.02	6.31346711304209e-08	1.43321982399963e-08	-1.43321982399963e-08
103.66099997282	0.02	-0.02	3.868553437187e-08	1.6429495039585e-08	-1.6429495039585e-08
103.700999994278	0.02	-0.02	7.95208979679211e-08	1.9080661344304e-08	-1.9080661344304e-08
103.740999956131	0.02	-0.02	1.04786119780277e-07	2.09492141842815e-08	-2.09492141842815e-08
103.820999979178	0.06	-0.06	8.45343669727743e-08	1.61853715260114e-08	-1.61853715260114e-08
103.900999982357	0.02	-0.02	2.17290506897918e-07	3.89328690046987e-08	-3.89328690046987e-08
103.941000003815	0.02	-0.02	1.78725188851397e-07	4.38693507539502e-08	-4.38693507539502e-08
104.000999976397	0.04	-0.04	1.72667071997361e-07	3.72440648572755e-08	-3.72440648572755e-08
104.120999966264	0.08	-0.08	1.97516581773167e-07	3.83573865728419e-08	-3.83573865728419e-08
104.220999975204	0.02	-0.02	2.42322677004133e-07	5.79088765266535e-08	-5.79088765266535e-08
104.260999996662	0.02	-0.02	2.50057073725718e-07	4.53614070478984e-08	-4.53614070478984e-08
104.320999969244	0.04	-0.04	1.0085502368136e-07	2.24410185880297e-08	-2.24410185880297e-08
104.440999974012	0.08	-0.08	3.50546681859846e-08	7.68049813614749e-09	-7.68049813614749e-09
104.600999970436	0.08	-0.08	2.0263911254428e-08	5.52267132375906e-09	-5.52267132375906e-09
104.720999975204	0.04	-0.04	4.01578619790497e-08	9.0706267673807e-09	-9.0706267673807e-09
104.820999979178	0.06	-0.06	3.75045427969978e-08	8.1655871758497e-09	-8.1655871758497e-09
104.900999982357	0.02	-0.02	6.77074271859317e-08	1.65287904319596e-08	-1.65287904319596e-08
104.960999984741	0.04	-0.04	5.55325310641966e-08	1.14805528880424e-08	-1.14805528880424e-08
105.040999968052	0.04	-0.04	3.08721902811938e-08	1.22367068115892e-08	-1.22367068115892e-08
105.120999981165	0.04	-0.04	5.85525272110077e-08	1.26798365741401e-08	-1.26798365741401e-08
105.180999953747	0.02	-0.02	7.56147128906627e-08	1.70910125419043e-08	-1.70910125419043e-08
105.240999985933	0.04	-0.04	4.19551652513152e-08	1.32423263662207e-08	-1.32423263662207e-08
105.320999969244	0.04	-0.04	6.68273824968803e-08	1.33343400409349e-08	-1.33343400409349e-08
105.400999982357	0.04	-0.04	5.33038700873859e-08	1.29166277889163e-08	-1.29166277889163e-08
105.560999968847	0.12	-0.12	3.54272957509082e-08	6.80354173316128e-09	-6.80354173316128e-09
105.700999994278	0.02	-0.02	9.01414083730414e-08	2.25004580170721e-08	-2.25004580170721e-08
105.76099996686	0.04	-0.04	8.13374074004937e-08	1.95895446190192e-08	-1.95895446190192e-08
105.920999983152	0.12	-0.12	9.61675819338616e-08	1.97639196468655e-08	-1.97639196468655e-08
106.080999959707	0.04	-0.04	1.99305334490462e-07	4.73826414991604e-08	-4.73826414991604e-08
106.300999978383	0.18	-0.18	9.59949402914557e-08	2.06308139409481e-08	-2.06308139409481e-08
106.66099997282	0.18	-0.18	7.19311673612145e-08	1.66373976798406e-08	-1.66373976798406e-08
107.02099997388	0.18	-0.18	9.93088849148303e-08	2.08025123592893e-08	-2.08025123592893e-08
107.300999982357	0.1	-0.1	1.49626467824313e-07	3.41793395449598e-08	-3.41793395449598e-08
107.440999974012	0.04	-0.04	2.62569299214263e-07	6.27393447276715e-08	-6.27393447276715e-08
107.56099996388	0.08	-0.08	2.19230070106437e-07	4.48838083025114e-08	-4.48838083025114e-08
107.680999983549	0.04	-0.04	2.79089204895317e-07	6.54928765240771e-08	-6.54928765240771e-08
107.840999979973	0.12	-0.12	1.9465826969523e-07	4.02474889286469e-08	-4.02474889286469e-08
108.080999969641	0.12	-0.12	1.02321999601118e-07	4.28795750961028e-08	-4.28795750961028e-08
108.260999976794	0.06	-0.06	2.94033421294803e-07	6.47579696432838e-08	-6.47579696432838e-08
108.640999976993	0.32	-0.32	1.23797601327108e-07	3.20033519482371e-08	-3.20033519482371e-08
109.120999973714	0.16	-0.16	2.33086206792079e-07	5.32890557693878e-08	-5.32890557693878e-08
109.680999974608	0.4	-0.4	1.05480463825656e-07	4.02669607192132e-08	-4.02669607192132e-08
110.280999977589	0.2	-0.2	2.75705648742003e-07	6.51443679424153e-08	-6.51443679424153e-08
110.740999974471	0.26	-0.26	2.14536671720229e-07	5.8906792322769e-08	-5.8906792322769e-08
111.260999973737	0.26	-0.26	2.52184621406016e-07	6.04657168051764e-08	-6.04657168051764e-08
112.520999975205	1	-1	1.60604440560217e-07	3.45785088633447e-08	-3.45785088633447e-08
114.520999975205	1	-1	1.37391835872898e-07	4.09344870917918e-08	-4.09344870917918e-08
115.920999975204	0.4	-0.4	2.91203197019786e-07	7.25391276757286e-08	-7.25391276757286e-08
117.440999975077	1.12	-1.12	1.91194226984468e-07	4.64802189284548e-08	-4.64802189284548e-08
121.960999975275	3.4	-3.4	6.1941959640443e-08	1.70067609262073e-08	-1.70067609262073e-08
125.600999975403	0.24	-0.24	1.84732411872702e-07	4.57882760567138e-08	-4.57882760567138e-08
126.280999974879	0.44	-0.44	6.81265577733869e-08	3.16797581985134e-08	-3.16797581985134e-08
126.820999975204	0.1	-0.1	2.83725512032722e-07	6.53181285537127e-08	-6.53181285537127e-08
128.880999975278	1.96	-1.96	6.56730960759538e-08	1.48300411449445e-08	-1.48300411449445e-08
131.120999976907	0.28	-0.28	1.67122384886557e-07	4.00036553826651e-08	-4.00036553826651e-08
137.100999975037	5.69999999999997	-5.69999999999997	4.16638216676573e-08	9.01264694209474e-09	-9.01264694209474e-09
143.940999975581	1.14	-1.14	1.1242673472109e-07	2.79275840774223e-08	-2.79275840774223e-08
146.320999975012	1.24	-1.24	1.06251715013e-07	3.34808395634811e-08	-3.34808395634811e-08
147.800999978383	0.24	-0.24	3.69336984663243e-07	8.90254458650865e-08	-8.90254458650865e-08
148.520999974708	0.48	-0.48	1.89450187337892e-07	6.67517945083768e-08	-6.67517945083768e-08
149.120999971231	0.12	-0.12	6.26445910976466e-07	1.3989850544116e-07	-1.3989850544116e-07
154.220999975204	4.97999999999998	-4.97999999999998	1.2190020373959e-07	3.57774174935729e-08	-3.57774174935729e-08
164.18099997529	4.97999999999998	-4.97999999999998	4.09539069422184e-07	9.4013443880602e-08	-9.4013443880602e-08
