READ TERR 1 2
! xrtwtslewflux
40.9095750788461	0.370167894107695	-0.288085093959914	1.25450842460035e-08	1.62788025767866e-09	-1.70425403496799e-09
41.6509130329899	0.347607954146923	-0.371170060036071	1.19310601950779e-08	1.63065007426249e-09	-1.74724149623048e-09
42.3370818307679	0.28947416527631	-0.338560843631093	1.36009136754107e-08	1.89523450902855e-09	-2.03808551769981e-09
42.9880613633497	0.282539628002432	-0.361505367305469	8.74810276461918e-09	1.45910776762889e-09	-1.54361314852426e-09
43.578035998858	0.411331979817838	-0.307435007505859	1.33980055574284e-08	2.028932177394e-09	-2.19387612250175e-09
44.3583838573398	0.445811146272746	-0.369015878663951	1.1871908872226e-08	1.97618447023405e-09	-2.09453152439813e-09
45.194134548943	0.392878474059565	-0.389939545330542	1.47632127722832e-08	2.67991494854847e-09	-2.67293432202165e-09
46.1543372996879	0.398744706392655	-0.567324276685341	1.20190628463376e-08	2.28476015997448e-09	-2.0735203267272e-09
47.2408411102908	0.649265865741519	-0.68775910421018	1.27957157146156e-08	2.2630268760207e-09	-1.85977686626889e-09
NO NO NO NO NO NO
! xrtwtflux
55.344	0.477	-0.435	1.08593143459159e-08	2.19528021302973e-09	-2.0716237050639e-09
56.240	0.386	-0.418	1.30219387866732e-08	2.56715125547477e-09	-2.45266906693082e-09
56.999	0.344	-0.373	1.49932879971226e-08	2.94167308318263e-09	-2.83146974161676e-09
57.712	0.398	-0.369	1.39447194327433e-08	2.70831645309732e-09	-2.63331598803708e-09
58.490	0.394	-0.38	1.38294923724542e-08	2.69615236749843e-09	-2.63100585365075e-09
59.247	0.336	-0.364	1.58555241251239e-08	3.02550742089658e-09	-2.94952145876296e-09
59.885	0.286	-0.303	1.83869529014145e-08	3.45251766786477e-09	-3.3793180146962e-09
60.531	0.311	-0.36	1.57655436846343e-08	2.89993668283614e-09	-2.85314104736042e-09
61.113	0.330	-0.271	1.77902820812176e-08	3.28931897302881e-09	-3.22933485356023e-09
61.861	0.342	-0.418	1.43092369619141e-08	2.62387926212071e-09	-2.58233355933498e-09
62.497	0.222	-0.294	2.16778083813598e-08	3.90281263585295e-09	-3.84329949918189e-09
62.997	0.286	-0.278	1.95832572243553e-08	3.57319111262818e-09	-3.52164414960921e-09
63.597	0.309	-0.314	1.8074415300076e-08	3.31387465809531e-09	-3.26747727115321e-09
64.196	0.316	-0.291	1.90893141729854e-08	3.34723411169089e-09	-3.34819329955517e-09
64.773	0.325	-0.26	2.03864470757019e-08	3.53210703121459e-09	-3.54151773241679e-09
65.384	0.274	-0.286	1.9806906284517e-08	3.30489469206955e-09	-3.36008796270433e-09
65.933	0.266	-0.274	1.87371923257327e-08	3.14686385049321e-09	-3.18979076305312e-09
66.560	0.315	-0.361	1.45451232161812e-08	2.44008642418188e-09	-2.47450605284162e-09
67.136	0.287	-0.261	1.86323000894252e-08	3.11842618219331e-09	-3.15632447853057e-09
67.679	0.310	-0.256	1.70043989709329e-08	2.91910547793743e-09	-2.92932524691338e-09
68.285	0.261	-0.296	1.76027850254614e-08	2.97792527939577e-09	-2.9939480899796e-09
68.798	0.249	-0.253	2.11746599881896e-08	3.45405470868365e-09	-3.50252357838741e-09
69.289	0.297	-0.242	1.73531765570807e-08	2.74739670574008e-09	-2.85441745185854e-09
69.919	0.310	-0.332	1.40038520170826e-08	2.25839471082893e-09	-2.33353591883418e-09
70.539	0.317	-0.311	1.45083307521148e-08	2.34956768210127e-09	-2.41552653923401e-09
71.268	0.265	-0.411	1.36907578954965e-08	2.25667237673049e-09	-2.31523909996069e-09
71.846	0.341	-0.314	1.4536477786906e-08	2.34778102862264e-09	-2.43054192292465e-09
72.507	0.257	-0.319	1.62464224041247e-08	2.55517268206772e-09	-2.66964680790811e-09
73.065	0.263	-0.301	1.60434511128946e-08	2.64831574996872e-09	-2.7148009003768e-09
73.649	0.301	-0.321	1.44471628586195e-08	2.39504798030912e-09	-2.43481199184756e-09
74.294	0.283	-0.344	1.36665409500825e-08	2.24468196930573e-09	-2.30679076850488e-09
74.911	0.328	-0.334	1.28182785125653e-08	2.00970902724574e-09	-2.0963660972836e-09
75.616	0.359	-0.378	1.1568862136739e-08	1.81497318563988e-09	-1.89304230593442e-09
76.417	0.448	-0.441	9.96222114506432e-09	1.60311941998423e-09	-1.65304541419779e-09
77.199	0.301	-0.334	1.35352494736824e-08	2.24598560912034e-09	-2.33450758182346e-09
77.869	0.305	-0.369	1.37712796111676e-08	2.18153012978394e-09	-2.26574945319969e-09
78.503	0.322	-0.329	1.43446415303194e-08	2.26832471303247e-09	-2.35784588944711e-09
79.170	0.292	-0.345	1.446738010807e-08	2.29611043693355e-09	-2.39659219025481e-09
79.843	0.327	-0.381	1.31665773354679e-08	2.04966816769171e-09	-2.14188005553192e-09
80.535	0.358	-0.364	1.22496825484386e-08	1.93227998106039e-09	-2.01649237018293e-09
81.205	0.253	-0.312	1.50792774300181e-08	2.37217654210327e-09	-2.48496347352375e-09
81.853	0.474	-0.394	9.76600613390215e-09	1.56301895881549e-09	-1.63015483516361e-09
82.720	0.434	-0.393	1.04413540975e-08	1.68206442888233e-09	-1.74390703440621e-09
83.626	0.403	-0.472	1.0131764515848e-08	1.56768118690929e-09	-1.64473665531553e-09
84.418	0.364	-0.389	1.1758616746943e-08	1.79927645423406e-09	-1.89737355157742e-09
85.226	0.497	-0.444	9.10371265705336e-09	1.37792847112668e-09	-1.46235932026437e-09
86.179	0.373	-0.456	1.03175527730854e-08	1.53499241856488e-09	-1.63413800394927e-09
86.949	0.519	-0.397	7.48928712826676e-09	1.2087551641553e-09	-1.27378172812078e-09
87.847	0.427	-0.379	6.91355184784943e-09	1.20766409713075e-09	-1.25843382287806e-09
88.745	0.538	-0.471	8.07793746109334e-09	1.25255767223246e-09	-1.3161454436802e-09
89.738	0.485	-0.455	8.72740999667406e-09	1.37402793561609e-09	-1.43089311297248e-09
90.725	0.475	-0.502	8.28707669823762e-09	1.35248157278012e-09	-1.39828351321224e-09
91.618	0.455	-0.419	6.56187012211868e-09	1.18189798856354e-09	-1.22283715115155e-09
92.424	0.451	-0.352	1.07820717081121e-08	1.67206867353222e-09	-1.76091185623272e-09
93.272	0.459	-0.397	6.54813644943184e-09	1.17934738614118e-09	-1.22036763758156e-09
94.139	0.305	-0.408	7.30997741696584e-09	1.36670792612959e-09	-1.40640559234423e-09
94.916	0.436	-0.472	6.12967324536204e-09	1.12214374955228e-09	-1.15312814027714e-09
95.879	0.446	-0.527	5.63110113583227e-09	1.11399110330774e-09	-1.1302794671944e-09
96.817	0.492	-0.492	9.17986748934908e-09	1.54354493279358e-09	-1.55902983406772e-09
97.702	0.375	-0.393	7.98086466186119e-09	1.45042244974814e-09	-1.48715668275301e-09
98.589	0.556	-0.512	5.76664600366362e-09	1.02277722624946e-09	-1.06002820116502e-09
99.692	0.479	-0.548	5.90121735019203e-09	1.05663041575364e-09	-1.0908693089051e-09
100.672	0.362	-0.501	6.8604389664564e-09	1.23827525420427e-09	-1.27372931799864e-09
101.644	0.449	-0.61	5.46682992896284e-09	1.01524174445475e-09	-1.03063838138326e-09
102.739	0.509	-0.646	4.90788614235801e-09	9.21990415737749e-10	-9.36110460599224e-10
103.805	0.499	-0.558	5.44122484351981e-09	1.0135379762494e-09	-1.02752095243e-09
104.767	0.466	-0.463	6.19553111826969e-09	1.17051144028495e-09	-1.17876336746389e-09
105.777	0.495	-0.544	5.32500704472836e-09	1.0434454420723e-09	-1.05694532951423e-09
106.873	0.522	-0.601	5.19511981136497e-09	9.9096619033072e-10	-1.00471884367487e-09
108.094	0.738	-0.699	4.31291759064305e-09	8.21431739093096e-10	-8.28664820616213e-10
109.348	0.660	-0.516	5.29202100940653e-09	9.91215162904548e-10	-1.00781628102564e-09
110.767	0.652	-0.758	4.19997761480044e-09	8.2696161934091e-10	-8.30891799514916e-10
111.942	0.486	-0.523	5.87103247543838e-09	1.10993608514091e-09	-1.12999900453967e-09
112.988	0.669	-0.56	4.93763126575386e-09	9.42140834309079e-10	-9.49890818259006e-10
114.142	0.413	-0.485	6.5287434130984e-09	1.30673762393529e-09	-1.31093408566122e-09
115.020	0.628	-0.465	5.74891773775129e-09	1.09215170147039e-09	-1.09733881967062e-09
116.316	0.554	-0.668	4.98207943431049e-09	9.79118405918739e-10	-9.79479318837172e-10
117.673	0.859	-0.802	3.65587355779704e-09	7.15640477164787e-10	-7.17022404865089e-10
119.152	0.463	-0.621	5.76282826184383e-09	1.11856496612326e-09	-1.12525077954177e-09
120.200	0.593	-0.585	5.47745753230585e-09	1.07844878002979e-09	-1.07412529329013e-09
121.475	0.706	-0.682	4.64765651109291e-09	9.24360040498119e-10	-9.20590076835611e-10
122.932	0.856	-0.751	4.07211949602827e-09	7.88870019161231e-10	-7.94162491687381e-10
124.505	0.667	-0.717	4.66603607414712e-09	9.21470701812983e-10	-9.16016311017366e-10
126.121	0.793	-0.949	3.65845836191355e-09	7.12260069287822e-10	-7.08576364332005e-10
127.933	0.940	-1.019	3.0312795166004e-09	6.23086957208317e-10	-6.1671207370557e-10
130.197	0.928	-1.325	2.69934994853185e-09	5.42875832780417e-10	-5.37029499284331e-10
131.926	0.847	-0.802	3.65687708696959e-09	7.27088985604463e-10	-7.24087767424172e-10
133.685	0.815	-0.911	3.65804192295947e-09	7.05163915648338e-10	-7.07522842218702e-10
135.342	1.031	-0.842	3.6199088988466e-09	7.06564180590155e-10	-7.02632223404544e-10
137.383	0.970	-1.01	3.51019233810809e-09	7.28643472552087e-10	-7.1952975593843e-10
139.395	0.631	-1.041	4.64802252601288e-09	9.1829797900923e-10	-9.10316023374111e-10
141.083	0.910	-1.058	4.27530647747362e-09	8.83048803431626e-10	-8.66605833242605e-10
143.101	1.022	-1.108	3.69737550849557e-09	7.65815621085103e-10	-7.54742430953724e-10
145.319	0.956	-1.196	3.4015590727988e-09	7.21180296881323e-10	-7.11170003782718e-10
147.367	1.229	-1.091	3.23489992137092e-09	6.53594344641358e-10	-6.44227893965592e-10
150.022	1.137	-1.427	2.80627770334225e-09	6.00082680136276e-10	-5.88913543525396e-10
152.482	1.196	-1.323	2.94888598389942e-09	6.40590020096706e-10	-6.21241041175957e-10
154.975	1.487	-1.296	2.69538482343633e-09	5.74493941248724e-10	-5.50362907151881e-10
157.745	1.228	-1.284	3.02772467611886e-09	6.49327802542578e-10	-6.19473118830918e-10
159.931	0.785	-0.958	4.36165808170989e-09	9.46309505172214e-10	-8.96260196272112e-10
161.874	1.327	-1.157	3.04524924777698e-09	6.45503324337727e-10	-6.28337147401121e-10
164.584	1.675	-1.384	2.49373647225873e-09	5.36975480686088e-10	-5.20606379683388e-10
167.406	1.367	-1.147	3.20232694936874e-09	6.8000275254501e-10	-6.59943633994332e-10
170.671	1.670	-1.899	2.35910891439033e-09	5.01855811354643e-10	-4.86467424851429e-10
173.338	1.510	-0.997	3.37811594572416e-09	7.125657862314e-10	-6.97437193655309e-10
176.596	1.531	-1.748	2.24561655923079e-09	5.00453129605273e-10	-4.86444493315495e-10
179.684	1.158	-1.557	2.6778117767971e-09	5.73637755547044e-10	-5.57266373232152e-10
182.211	1.481	-1.369	2.45416225179682e-09	5.17449003077365e-10	-5.03139167486514e-10
185.161	1.455	-1.468	2.31001329389917e-09	5.10809385355537e-10	-4.9601754406414e-10
188.488	1.335	-1.873	2.17537064391473e-09	4.80100303143161e-10	-4.63605185875751e-10
191.130	1.411	-1.307	2.60349962647303e-09	5.75900037659116e-10	-5.5487457254588e-10
194.273	1.591	-1.731	2.16371373000468e-09	4.58372537720544e-10	-4.47574336084176e-10
197.604	1.914	-1.74	2.01266390299496e-09	4.30749105054796e-10	-4.15142958326998e-10
200.882	1.543	-1.364	2.58062860035975e-09	5.32977737097321e-10	-5.23020640435893e-10
204.239	1.830	-1.814	1.96726171456127e-09	4.09968840903495e-10	-4.02412168573001e-10
207.830	1.911	-1.761	1.79911098412722e-09	3.9574817587031e-10	-3.86164591109161e-10
211.369	1.745	-1.628	2.00235921123634e-09	4.31555298610401e-10	-4.13176819467274e-10
214.496	1.573	-1.382	2.2277504818888e-09	4.71942370798223e-10	-4.62882281559707e-10
217.937	2.023	-1.868	1.69170060001501e-09	3.59300015978406e-10	-3.52475146825852e-10
222.089	1.951	-2.129	1.70561691442323e-09	3.58844922573587e-10	-3.50289519423969e-10
226.155	2.012	-2.115	1.72021004709753e-09	3.73425998394024e-10	-3.64408426289233e-10
230.707	1.826	-2.54	1.78060435955649e-09	3.78665103375211e-10	-3.68875714989915e-10
234.990	1.967	-2.457	1.73175185268955e-09	3.80965863267528e-10	-3.72130497026804e-10
239.051	2.082	-2.094	1.89295336429986e-09	4.08823808621812e-10	-3.98292159864375e-10
243.101	2.021	-1.968	2.05079936479483e-09	4.29712304545395e-10	-4.19813599006415e-10
247.047	2.588	-1.925	1.68814900876251e-09	3.61265305356586e-10	-3.54769435182689e-10
252.071	2.466	-2.435	1.42526582209307e-09	3.04907775263653e-10	-2.99216700523639e-10
256.929	2.195	-2.392	1.37221784752372e-09	3.01326614387143e-10	-2.96706720447942e-10
262.559	2.300	-3.435	1.14847004044199e-09	2.47884940993609e-10	-2.40474718027748e-10
268.100	2.480	-3.24	1.23278531507507e-09	2.61794451533649e-10	-2.53546964249033e-10
272.774	2.644	-2.195	1.44738729628747e-09	3.08465196254561e-10	-3.01573812278425e-10
277.874	2.910	-2.456	1.30370820625839e-09	2.71896354387116e-10	-2.68249211934461e-10
283.592	3.230	-2.807	1.14579057728679e-09	2.46697857963964e-10	-2.42417763882889e-10
289.657	3.549	-2.836	1.0594452540558e-09	2.24964135332357e-10	-2.21185018204403e-10
296.877	3.366	-3.671	9.40132778966082e-10	2.00482887901082e-10	-1.96051065556129e-10
304.369	4.097	-4.126	8.28899834608912e-10	1.76680420901909e-10	-1.72660059379676e-10
310.789	3.247	-2.323	1.20182176259768e-09	2.60248228393943e-10	-2.52881581704332e-10
316.464	2.993	-2.428	1.28697550733257e-09	2.71504202800404e-10	-2.65736170888571e-10
321.910	3.759	-2.452	1.17667729367572e-09	2.5104741936405e-10	-2.44445099270115e-10
328.732	2.803	-3.063	1.34543078016915e-09	2.8713495487423e-10	-2.80760597656669e-10
334.392	3.042	-2.858	8.38721198716616e-10	2.05796776649884e-10	-2.03094854725728e-10
339.925	3.591	-2.492	1.38518290653554e-09	2.79989812738695e-10	-2.75906626368491e-10
346.772	3.263	-3.256	9.06962087019107e-10	2.20581488194412e-10	-2.16980985250475e-10
353.132	3.509	-3.097	9.34775465314583e-10	2.15490001861083e-10	-2.1096726344886e-10
360.289	3.118	-3.648	7.29134120117505e-10	1.70517449191035e-10	-1.67715985653251e-10
366.586	3.247	-3.179	6.77974026572212e-10	1.64229108186683e-10	-1.61797405638877e-10
372.650	2.905	-2.817	8.02632158283117e-10	1.95127232854811e-10	-1.92047190323769e-10
378.867	2.794	-3.312	7.97631938228081e-10	1.88544435194987e-10	-1.85892449553534e-10
384.775	3.252	-3.114	8.04601421832856e-10	1.91554927131849e-10	-1.8854593707062e-10
391.804	3.254	-3.777	9.85729159157302e-10	2.17929959433515e-10	-2.14315243953291e-10
398.703	3.946	-3.645	9.43101354592128e-10	2.01837310638655e-10	-1.97553758888145e-10
405.997	2.698	-3.348	7.77591709469154e-10	1.84280395928818e-10	-1.81590906956321e-10
412.787	4.654	-4.093	8.24027594907239e-10	1.773859592631e-10	-1.73077002306958e-10
420.147	4.179	-2.706	7.29484698954399e-10	1.69615425233206e-10	-1.67209171247119e-10
428.795	4.253	-4.468	4.65768178410256e-10	1.25857072297396e-10	-1.24142659779486e-10
437.783	3.442	-4.735	5.55232454370302e-10	1.35302057624323e-10	-1.33054493976461e-10
445.057	3.962	-3.833	4.95864960613967e-10	1.37236582835647e-10	-1.35357160723396e-10
454.083	3.865	-5.064	5.06202036769897e-10	1.1873014202306e-10	-1.16657127477039e-10
460.822	4.244	-2.874	6.95278716600992e-10	1.58227272898497e-10	-1.55823695877933e-10
467.861	3.321	-2.794	7.81508823480246e-10	1.89068597882422e-10	-1.86040749877428e-10
476.042	4.613	-4.861	5.28208272437742e-10	1.23787934082798e-10	-1.21593599802268e-10
485.000	3.524	-4.345	5.5540277372282e-10	1.40822950814213e-10	-1.38615333475249e-10
491.887	3.784	-3.363	7.40689157423868e-10	1.72819048834149e-10	-1.70288981462181e-10
498.786	3.176	-3.115	7.19405505794963e-10	1.77788749249582e-10	-1.73083794956525e-10
505.100	3.970	-3.138	5.92196531921196e-10	1.48262115002103e-10	-1.44448896573992e-10
512.079	3.232	-3.009	6.53823297476175e-10	1.60312460379082e-10	-1.58276956155799e-10
519.027	4.263	-3.716	5.21620619629778e-10	1.2271432328357e-10	-1.2108250368103e-10
526.205	2.893	-2.914	6.20252635861376e-10	1.58071712592392e-10	-1.56284777188844e-10
533.611	3.132	-4.513	5.4006205295638e-10	1.30378746437052e-10	-1.28532894885034e-10
541.936	4.227	-5.193	5.1415646148588e-10	1.22052681828336e-10	-1.2020861381224e-10
552.009	5.707	-5.846	4.06911360223346e-10	1.03601848720629e-10	-1.0243518473564e-10
564.348	4.780	-6.631	4.84085993347783e-10	1.23203745409422e-10	-1.21064890246058e-10
575.330	6.324	-6.203	3.87197571949043e-10	9.81001935439555e-11	-9.65973177562714e-11
NO NO NO NO NO NO
! xrtpcflux
610.495	9.415	-18.166	3.49993451457533e-10	7.67014365217231e-11	-7.67014365217231e-11
632.305	7.663	-12.396	4.39178759209491e-10	9.83499053529497e-11	-9.83499053529497e-11
656.572	15.991	-16.604	2.63510757258689e-10	5.95439445403314e-11	-5.95439445403314e-11
692.139	18.034	-19.576	2.33130397369653e-10	5.10907891989056e-11	-5.10907891989056e-11
730.932	14.344	-20.759	2.26477314651606e-10	5.12528911334677e-11	-5.12528911334677e-11
763.513	21.880	-18.237	2.09863943199435e-10	4.61894192364873e-11	-4.61894192364873e-11
805.712	22.306	-20.319	1.86910248985491e-10	4.21714802506945e-11	-4.21714802506945e-11
843.310	14.795	-15.293	2.82775596731307e-10	6.21477443682765e-11	-6.21477443682765e-11
873.753	19.454	-15.648	2.46273186063793e-10	5.41253291211683e-11	-5.41253291211683e-11
921.290	29.586	-28.083	1.5222150850579e-10	3.35027685939187e-11	-3.35027685939187e-11
984.347	26.702	-33.471	1.60109908914299e-10	3.34719882512501e-11	-3.34719882512501e-11
4912.653	37.609	-32.596	2.66433743117302e-11	5.84856324120561e-12	-5.84856324120561e-12
5001.424	69.190	-51.162	1.46026667472411e-11	3.29381765334332e-12	-3.29381765334332e-12
5108.042	37.791	-37.429	2.34897533537276e-11	5.26551511146325e-12	-5.26551511146325e-12
5222.174	59.053	-76.342	1.28666469997159e-11	2.90950654361572e-12	-2.90950654361572e-12
5332.108	29.354	-50.88	2.36055047918271e-11	5.18171086971805e-12	-5.18171086971805e-12
5404.158	50.075	-42.696	1.99051612783219e-11	4.51241453718398e-12	-4.51241453718398e-12
5499.321	32.639	-45.088	2.33814625139132e-11	5.26740543649033e-12	-5.26740543649033e-12
5591.490	68.342	-59.531	1.38150157487182e-11	3.11226475898101e-12	-3.11226475898101e-12
5704.646	52.972	-44.813	1.83362142648605e-11	4.12052072892439e-12	-4.12052072892439e-12
5811.683	58.764	-54.065	1.60121126856139e-11	3.61173552183027e-12	-3.61173552183027e-12
5936.509	74.349	-66.061	1.28893285634425e-11	2.92195479878999e-12	-2.92195479878999e-12
6071.676	69.562	-60.819	1.3571622419923e-11	3.06508281307444e-12	-3.06508281307444e-12
6220.221	66.441	-78.983	1.23978077813359e-11	2.78951277760613e-12	-2.78951277760613e-12
6333.353	36.051	-46.69	2.29418824429488e-11	5.0360375253275e-12	-5.0360375253275e-12
6396.085	41.016	-26.681	2.67735591639748e-11	6.00908335085757e-12	-6.00908335085757e-12
6493.949	58.490	-56.847	1.53041977734712e-11	3.45205723003072e-12	-3.45205723003072e-12
6665.432	85.071	-112.993	1.40601870061453e-11	2.51078494477828e-12	-2.51078494477828e-12
10186.621	121.660	-106.506	6.20241880577585e-12	1.62390133406508e-12	-1.62390133406508e-12
10481.515	105.077	-173.235	5.11303032762319e-12	1.3363392786208e-12	-1.3363392786208e-12
10679.100	110.585	-92.507	9.18642683420723e-12	2.06619507653024e-12	-2.06619507653024e-12
10876.348	111.415	-86.663	7.82943112861341e-12	1.91203239233887e-12	-1.91203239233887e-12
11077.839	108.003	-90.076	9.12653369525981e-12	2.05540197107701e-12	-2.05540197107701e-12
11286.108	102.826	-100.267	8.90968258197485e-12	2.00656588179699e-12	-2.00656588179699e-12
11479.930	112.097	-90.996	6.75376039165952e-12	1.75747696143956e-12	-1.75747696143956e-12
11742.501	92.737	-150.473	5.63462148125962e-12	1.47653498704289e-12	-1.47653498704289e-12
11942.931	107.936	-107.693	6.38934646232577e-12	1.67724852429803e-12	-1.67724852429803e-12
12258.829	225.788	-207.962	5.73056712224865e-12	1.12663615002331e-12	-1.12663615002331e-12
16183.359	143.407	-139.92	4.95770773344077e-12	1.2884659859997e-12	-1.2884659859997e-12
16506.668	90.889	-179.902	5.1612305151499e-12	1.34429752892576e-12	-1.34429752892576e-12
16748.743	139.663	-151.186	4.78640570116769e-12	1.24872132448761e-12	-1.24872132448761e-12
17084.679	134.693	-196.274	4.20710915466299e-12	1.10000198652631e-12	-1.10000198652631e-12
17460.402	285.508	-241.03	2.6308620210229e-12	6.89387530908569e-13	-6.89387530908569e-13
17996.939	240.388	-251.029	5.48602227046642e-12	1.02621911956155e-12	-1.02621911956155e-12
22569.770	1410.584	-1016.482	1.74932255512337e-12	4.60387302862245e-13	-4.60387302862245e-13
27775.065	229.029	-279.957	2.69673113196129e-12	7.05369476496719e-13	-7.05369476496719e-13
28555.603	586.801	-551.509	2.2337968545249e-12	4.30683196120509e-13	-4.30683196120509e-13
42134.066	14286.083	-9110.562	1.1639795554993e-12	2.15438268217028e-13	-2.15438268217028e-13
114735.597	10460.848	-7068.582	1.72065198293517e-13	7.19777705360832e-14	-5.74757426548471e-14
NO NO NO NO NO NO
! batSNR4flux
0.0209999871253967	0.02	-0.02	6.86410862491872e-08	1.88746769167862e-08	-1.88746769167862e-08
0.0610000085830689	0.02	-0.02	7.916239362052e-08	1.51952988125087e-08	-1.51952988125087e-08
0.100999970436096	0.02	-0.02	6.01464746300052e-08	1.31096672700362e-08	-1.31096672700362e-08
0.140999991893768	0.02	-0.02	4.024178350029e-08	8.79079283405807e-09	-8.79079283405807e-09
0.18100001335144	0.02	-0.02	2.66697565063292e-08	6.58150486454415e-09	-6.58150486454415e-09
0.220999975204468	0.02	-0.02	1.53550865141545e-08	5.03255887962313e-09	-5.03255887962313e-09
0.26099999666214	0.02	-0.02	1.50606076123443e-08	3.64904947698237e-09	-3.64904947698237e-09
0.301000018119812	0.02	-0.02	1.2189819305895e-08	2.7901399028219e-09	-2.7901399028219e-09
0.340999979972839	0.02	-0.02	1.22309138201436e-08	2.91962871715689e-09	-2.91962871715689e-09
0.381000001430511	0.02	-0.02	1.8563932767886e-08	3.77861884547246e-09	-3.77861884547246e-09
0.421000022888184	0.02	-0.02	2.227515901961e-08	5.77334673986363e-09	-5.77334673986363e-09
0.460999984741211	0.02	-0.02	4.72299223984712e-08	8.27746546992567e-09	-8.27746546992567e-09
0.501000006198883	0.02	-0.02	6.46858013098149e-08	1.11550612714302e-08	-1.11550612714302e-08
0.54099996805191	0.02	-0.02	6.1937198326405e-08	1.46164265725712e-08	-1.46164265725712e-08
0.580999989509583	0.02	-0.02	8.61673235552298e-08	2.01228553448558e-08	-2.01228553448558e-08
0.621000010967255	0.02	-0.02	1.0034368191695e-07	2.30883488243878e-08	-2.30883488243878e-08
0.660999972820282	0.02	-0.02	9.56048156222833e-08	2.25323125130062e-08	-2.25323125130062e-08
0.700999994277954	0.02	-0.02	9.1369690486609e-08	2.15840829996179e-08	-2.15840829996179e-08
0.741000015735626	0.02	-0.02	1.34297662487525e-07	2.25352066514705e-08	-2.25352066514705e-08
0.780999977588654	0.02	-0.02	1.07518287770808e-07	2.07206992974885e-08	-2.07206992974885e-08
0.820999999046326	0.02	-0.02	1.2111006148006e-07	2.17976058251021e-08	-2.17976058251021e-08
0.861000020503998	0.02	-0.02	7.73758616984391e-08	1.85963886024501e-08	-1.85963886024501e-08
0.900999982357025	0.02	-0.02	8.57935715068823e-08	1.79722386642337e-08	-1.79722386642337e-08
0.941000003814697	0.02	-0.02	7.41382784246248e-08	1.62065994459474e-08	-1.62065994459474e-08
0.980999965667725	0.02	-0.02	8.71531420848666e-08	1.45427991043751e-08	-1.45427991043751e-08
1.0209999871254	0.02	-0.02	6.49782740868848e-08	1.25108103653389e-08	-1.25108103653389e-08
1.06100000858307	0.02	-0.02	3.7886811068853e-08	1.06477005799124e-08	-1.06477005799124e-08
1.1009999704361	0.02	-0.02	4.36977748956629e-08	9.49943853002287e-09	-9.49943853002287e-09
1.14099999189377	0.02	-0.02	2.28423500271245e-08	7.901220929392e-09	-7.901220929392e-09
1.18100001335144	0.02	-0.02	3.83526761179832e-08	7.19260696173672e-09	-7.19260696173672e-09
1.22099997520447	0.02	-0.02	3.69867502121369e-08	6.76260532555601e-09	-6.76260532555601e-09
1.26099999666214	0.02	-0.02	2.0953164783052e-08	5.87426695356319e-09	-5.87426695356319e-09
1.30100001811981	0.02	-0.02	2.58176270707127e-08	5.55899762122479e-09	-5.55899762122479e-09
1.34099997997284	0.02	-0.02	1.75346651431543e-08	5.39137000517135e-09	-5.39137000517135e-09
1.38100000143051	0.02	-0.02	2.32758472822634e-08	5.22706225378824e-09	-5.22706225378824e-09
1.42100002288818	0.02	-0.02	2.75027133281446e-08	5.28482612782671e-09	-5.28482612782671e-09
1.46099998474121	0.02	-0.02	1.23308539021652e-08	5.64724310049257e-09	-5.64724310049257e-09
1.50100000619888	0.02	-0.02	2.85274328981042e-08	6.15476677408049e-09	-6.15476677408049e-09
1.54099996805191	0.02	-0.02	2.7420655363509e-08	5.64834598363505e-09	-5.64834598363505e-09
1.58099998950958	0.02	-0.02	3.13483209871407e-08	6.33006946709745e-09	-6.33006946709745e-09
1.62100001096725	0.02	-0.02	3.39071901775945e-08	6.61452493366644e-09	-6.61452493366644e-09
1.66099997282028	0.02	-0.02	2.11200958339093e-08	6.36139956275431e-09	-6.36139956275431e-09
1.70099999427795	0.02	-0.02	3.5463603248979e-08	6.40258180073176e-09	-6.40258180073176e-09
1.74100001573563	0.02	-0.02	2.39115651192019e-08	6.12429126568333e-09	-6.12429126568333e-09
1.78099997758865	0.02	-0.02	2.98134859092847e-08	6.06451640521303e-09	-6.06451640521303e-09
1.82099999904633	0.02	-0.02	3.56605133563292e-08	5.46777313785308e-09	-5.46777313785308e-09
1.861000020504	0.02	-0.02	3.0841983365022e-08	5.46361504327909e-09	-5.46361504327909e-09
1.90099998235703	0.02	-0.02	2.4183267629714e-08	5.19671373948524e-09	-5.19671373948524e-09
1.9410000038147	0.02	-0.02	2.04720332209155e-08	5.07068994991973e-09	-5.07068994991973e-09
1.98099996566772	0.02	-0.02	3.05255663513894e-08	5.95191628896306e-09	-5.95191628896306e-09
2.0209999871254	0.02	-0.02	4.54901574047639e-08	8.65948125469052e-09	-8.65948125469052e-09
2.06100000858307	0.02	-0.02	5.92693575649427e-08	1.35241252531986e-08	-1.35241252531986e-08
2.1009999704361	0.02	-0.02	1.1707486556059e-07	2.01036388318511e-08	-2.01036388318511e-08
2.14099999189377	0.02	-0.02	1.51246392373909e-07	2.99046662284142e-08	-2.99046662284142e-08
2.18100001335144	0.02	-0.02	1.3693470796453e-07	2.70716423092804e-08	-2.70716423092804e-08
2.22099997520447	0.02	-0.02	1.24262622993722e-07	2.61414998931585e-08	-2.61414998931585e-08
2.26099999666214	0.02	-0.02	1.2696529725863e-07	2.62135825264637e-08	-2.62135825264637e-08
2.30100001811981	0.02	-0.02	1.6864893449566e-07	3.24881538175912e-08	-3.24881538175912e-08
2.34099997997284	0.02	-0.02	1.89041832432509e-07	4.07512010876977e-08	-4.07512010876977e-08
2.38100000143051	0.02	-0.02	2.82574709583653e-07	5.14146951883523e-08	-5.14146951883523e-08
2.42100002288818	0.02	-0.02	3.33621910249698e-07	6.39055286271274e-08	-6.39055286271274e-08
2.46099998474121	0.02	-0.02	2.61372321922772e-07	5.07368481508397e-08	-5.07368481508397e-08
2.50100000619888	0.02	-0.02	1.47357510315571e-07	2.78729057646272e-08	-2.78729057646272e-08
2.56099997878075	0.04	-0.04	3.64952524691022e-08	8.42271977409314e-09	-8.42271977409314e-09
2.62100001096725	0.02	-0.02	3.20208475441979e-08	5.3476294332999e-09	-5.3476294332999e-09
2.66099997282028	0.02	-0.02	5.32622678695627e-08	7.65268795392903e-09	-7.65268795392903e-09
2.70099999427795	0.02	-0.02	3.87040568237129e-08	1.13325180451521e-08	-1.13325180451521e-08
2.74100001573563	0.02	-0.02	7.75194837346134e-08	1.64725911802425e-08	-1.64725911802425e-08
2.80099998831749	0.04	-0.04	8.64398506046746e-08	1.72373755316691e-08	-1.72373755316691e-08
2.861000020504	0.02	-0.02	1.36057997417726e-07	2.86512306856512e-08	-2.86512306856512e-08
2.90099998235703	0.02	-0.02	1.40436697192566e-07	3.29870794738656e-08	-3.29870794738656e-08
2.9410000038147	0.02	-0.02	1.44030082938413e-07	3.7132112237863e-08	-3.7132112237863e-08
2.98099996566772	0.02	-0.02	1.6458799751454e-07	4.11245407418562e-08	-4.11245407418562e-08
3.0209999871254	0.02	-0.02	1.59023865387819e-07	3.19706822418845e-08	-3.19706822418845e-08
3.06100000858307	0.02	-0.02	1.31202957577355e-07	2.24886550534705e-08	-2.24886550534705e-08
3.1009999704361	0.02	-0.02	5.36156248019554e-08	1.52873366545398e-08	-1.52873366545398e-08
3.14099999189377	0.02	-0.02	5.46395025201474e-08	1.12195886264449e-08	-1.12195886264449e-08
3.20099999427795	0.04	-0.04	2.49890632909879e-08	4.94108880828171e-09	-4.94108880828171e-09
3.26099999666214	0.02	-0.02	2.24348326395034e-08	4.36436887162044e-09	-4.36436887162044e-09
3.30100001811981	0.02	-0.02	1.64677527266882e-08	3.32313415780802e-09	-3.32313415780802e-09
3.34099997997284	0.02	-0.02	2.32922408143092e-08	5.52961403844452e-09	-5.52961403844452e-09
3.38100000143051	0.02	-0.02	4.03262942387756e-08	8.87405698818547e-09	-8.87405698818547e-09
3.42100002288818	0.02	-0.02	6.7932499573374e-08	1.49651986890427e-08	-1.49651986890427e-08
3.46099998474121	0.02	-0.02	1.34677625328588e-07	2.55472447094684e-08	-2.55472447094684e-08
3.50100000619888	0.02	-0.02	1.81324566915461e-07	4.35854550266224e-08	-4.35854550266224e-08
3.54099996805191	0.02	-0.02	3.49272062740966e-07	7.22632065150157e-08	-7.22632065150157e-08
3.58099998950958	0.02	-0.02	6.93601573671699e-07	1.19774111774238e-07	-1.19774111774238e-07
3.62100001096725	0.02	-0.02	3.51078300097748e-07	8.05726296825426e-08	-8.05726296825426e-08
3.66099997282028	0.02	-0.02	1.57227798014489e-07	5.37631234167296e-08	-5.37631234167296e-08
3.70099999427795	0.02	-0.02	1.56666584899987e-07	3.41534748554798e-08	-3.41534748554798e-08
3.74100001573563	0.02	-0.02	9.57425598264858e-08	2.43575381589717e-08	-2.43575381589717e-08
3.78099997758865	0.02	-0.02	7.73017689756058e-08	1.64257455967458e-08	-1.64257455967458e-08
3.82099999904633	0.02	-0.02	6.88253481601089e-08	1.53081134843025e-08	-1.53081134843025e-08
3.88100000143051	0.04	-0.04	8.62099260858631e-08	1.75011166822831e-08	-1.75011166822831e-08
3.9410000038147	0.02	-0.02	1.76852588015949e-07	3.80510473588327e-08	-3.80510473588327e-08
3.98099996566772	0.02	-0.02	2.62518034506982e-07	5.41134482207029e-08	-5.41134482207029e-08
4.0209999871254	0.02	-0.02	2.74961499520773e-07	6.39875840104134e-08	-6.39875840104134e-08
4.06100000858307	0.02	-0.02	3.31822153966685e-07	6.33975999450812e-08	-6.33975999450812e-08
4.1009999704361	0.02	-0.02	2.1327412134223e-07	4.45262125647558e-08	-4.45262125647558e-08
4.14099999189377	0.02	-0.02	1.20336072432006e-07	2.70959491641646e-08	-2.70959491641646e-08
4.18100001335144	0.02	-0.02	7.30760750216412e-08	1.98357565235603e-08	-1.98357565235603e-08
4.22099997520447	0.02	-0.02	6.22677728739447e-08	1.27342542236204e-08	-1.27342542236204e-08
4.26099999666214	0.02	-0.02	2.5105387648537e-08	8.69702199591822e-09	-8.69702199591822e-09
4.30100001811981	0.02	-0.02	3.12209904852036e-08	6.07542245515936e-09	-6.07542245515936e-09
4.34099997997284	0.02	-0.02	3.07960658968089e-08	7.14939768227184e-09	-7.14939768227184e-09
4.38100000143051	0.02	-0.02	2.69031128261967e-08	7.89128834683871e-09	-7.89128834683871e-09
4.42100002288818	0.02	-0.02	4.33013790418454e-08	1.01340982948787e-08	-1.01340982948787e-08
4.46099998474121	0.02	-0.02	4.70598307957773e-08	1.13176816557037e-08	-1.13176816557037e-08
4.50100000619888	0.02	-0.02	5.16235228006822e-08	1.26095321729304e-08	-1.26095321729304e-08
4.58099998950958	0.06	-0.06	4.05229144395398e-08	9.8198600886333e-09	-9.8198600886333e-09
4.66099997282028	0.02	-0.02	1.26128078901585e-07	2.34264523695107e-08	-2.34264523695107e-08
4.74099999586741	0.06	-0.06	1.158990433497e-07	1.89798392499489e-08	-1.89798392499489e-08
4.82099999904633	0.02	-0.02	2.22874375142702e-07	4.51019044369338e-08	-4.51019044369338e-08
4.861000020504	0.02	-0.02	2.27342625296605e-07	5.18062401293319e-08	-5.18062401293319e-08
4.90099998235702	0.02	-0.02	2.14773545517573e-07	5.98776956539858e-08	-5.98776956539858e-08
4.9410000038147	0.02	-0.02	3.34019972252601e-07	7.11279766922572e-08	-7.11279766922572e-08
4.98099996566772	0.02	-0.02	3.7198555778465e-07	7.0648188312819e-08	-7.0648188312819e-08
5.0209999871254	0.02	-0.02	3.73335420959721e-07	6.43643315073287e-08	-6.43643315073287e-08
5.06100000858307	0.02	-0.02	1.85744459672662e-07	6.01031135360209e-08	-6.01031135360209e-08
5.1009999704361	0.02	-0.02	2.99265965345787e-07	5.09179625677933e-08	-5.09179625677933e-08
5.14099999189377	0.02	-0.02	1.53708513451403e-07	4.70701498398702e-08	-4.70701498398702e-08
5.18100001335144	0.02	-0.02	2.41976268940797e-07	4.90779347030077e-08	-4.90779347030077e-08
5.22099997520447	0.02	-0.02	2.93133089088825e-07	5.91855713756818e-08	-5.91855713756818e-08
5.26099999666214	0.02	-0.02	3.28156890391608e-07	6.65252269712802e-08	-6.65252269712802e-08
5.30100001811981	0.02	-0.02	3.73515657047991e-07	7.85199576851019e-08	-7.85199576851019e-08
5.34099997997284	0.02	-0.02	4.46906980911555e-07	9.86429350449693e-08	-9.86429350449693e-08
5.38100000143051	0.02	-0.02	3.11741874617926e-07	6.8156474866673e-08	-6.8156474866673e-08
5.42100002288818	0.02	-0.02	2.5096197575441e-07	5.55944043338897e-08	-5.55944043338897e-08
5.46099998474121	0.02	-0.02	1.64633406615632e-07	4.0043658092035e-08	-4.0043658092035e-08
5.50100000619888	0.02	-0.02	1.16950784373784e-07	3.12562050479926e-08	-3.12562050479926e-08
5.54099996805191	0.02	-0.02	1.17355180497186e-07	2.37987541608625e-08	-2.37987541608625e-08
5.58099998950958	0.02	-0.02	9.1775630472024e-08	2.53868866575992e-08	-2.53868866575992e-08
5.62100001096725	0.02	-0.02	1.56913697075951e-07	2.70538119785454e-08	-2.70538119785454e-08
5.66099997282028	0.02	-0.02	9.22021801953259e-08	2.75016198134103e-08	-2.75016198134103e-08
5.70099999427795	0.02	-0.02	1.52570182705809e-07	3.06437389932689e-08	-3.06437389932689e-08
5.74100001573563	0.02	-0.02	1.16721374479681e-07	2.93669756888109e-08	-2.93669756888109e-08
5.78099997758865	0.02	-0.02	1.41678966772918e-07	2.75871271514327e-08	-2.75871271514327e-08
5.82099999904633	0.02	-0.02	1.09328551468989e-07	1.98680061126139e-08	-1.98680061126139e-08
5.861000020504	0.02	-0.02	5.70028331564131e-08	1.54274383685987e-08	-1.54274383685987e-08
5.90099998235702	0.02	-0.02	5.73085989259915e-08	1.11400853601331e-08	-1.11400853601331e-08
5.9410000038147	0.02	-0.02	4.17456634949762e-08	8.42821526118789e-09	-8.42821526118789e-09
5.98099996566772	0.02	-0.02	5.62462537640682e-08	9.30785697362743e-09	-9.30785697362743e-09
6.0209999871254	0.02	-0.02	7.24643598711863e-08	1.4074360310305e-08	-1.4074360310305e-08
6.06100000858307	0.02	-0.02	7.75899203379639e-08	2.06707801157579e-08	-2.06707801157579e-08
6.1009999704361	0.02	-0.02	1.65093136340168e-07	3.20811027136676e-08	-3.20811027136676e-08
6.14099999189377	0.02	-0.02	1.78985803180853e-07	4.2649420913513e-08	-4.2649420913513e-08
6.18100001335144	0.02	-0.02	1.30012788752056e-07	4.24242019443693e-08	-4.24242019443693e-08
6.22099997520447	0.02	-0.02	2.29579788144485e-07	4.60906801725267e-08	-4.60906801725267e-08
6.26099999666214	0.02	-0.02	1.90930875468026e-07	4.62326788066191e-08	-4.62326788066191e-08
6.30100001811981	0.02	-0.02	1.48108665722313e-07	2.80636587668489e-08	-2.80636587668489e-08
6.34099997997284	0.02	-0.02	4.33571519800736e-08	1.0892123843841e-08	-1.0892123843841e-08
6.38100000143051	0.02	-0.02	2.04673281924449e-08	3.76480203401311e-09	-3.76480203401311e-09
6.4410000038147	0.04	-0.04	2.95535410484541e-09	6.25618999875888e-10	-6.25618999875888e-10
6.5209999871254	0.04	-0.04	1.11175458114967e-08	2.40443033351619e-09	-2.40443033351619e-09
6.60100000023842	0.04	-0.04	4.22755524397051e-08	9.16841393637645e-09	-9.16841393637645e-09
6.66099997282028	0.02	-0.02	1.79110855211235e-07	3.51924285628173e-08	-3.51924285628173e-08
6.70099999427795	0.02	-0.02	1.13895244812589e-07	3.73224201916778e-08	-3.73224201916778e-08
6.74100001573563	0.02	-0.02	2.01901580925739e-07	3.71531903658143e-08	-3.71531903658143e-08
6.78099997758865	0.02	-0.02	1.72572206574573e-07	4.25815817825851e-08	-4.25815817825851e-08
6.82099999904633	0.02	-0.02	2.53912477934063e-07	4.14121404561826e-08	-4.14121404561826e-08
6.861000020504	0.02	-0.02	1.56597797926878e-07	3.5942047452907e-08	-3.5942047452907e-08
6.90099998235702	0.02	-0.02	1.06250492951729e-07	2.91547920253237e-08	-2.91547920253237e-08
6.9410000038147	0.02	-0.02	9.63383605074262e-08	2.340957291504e-08	-2.340957291504e-08
6.98099996566772	0.02	-0.02	7.74578073813743e-08	1.89661841792306e-08	-1.89661841792306e-08
7.0209999871254	0.02	-0.02	5.57504782347659e-08	1.3428117694239e-08	-1.3428117694239e-08
7.12099999606609	0.08	-0.08	3.16081748637859e-08	5.65842959043658e-09	-5.65842959043658e-09
7.2409999859333	0.04	-0.04	5.43660787483628e-08	1.23849676157592e-08	-1.23849676157592e-08
7.30100001811981	0.02	-0.02	9.44416518088261e-08	2.08090790922658e-08	-2.08090790922658e-08
7.36099999070167	0.04	-0.04	9.57053740112157e-08	1.84566498543866e-08	-1.84566498543866e-08
7.42100002288818	0.02	-0.02	1.085758760603e-07	2.47475722519652e-08	-2.47475722519652e-08
7.46099998474121	0.02	-0.02	1.41630221820643e-07	2.26139097767924e-08	-2.26139097767924e-08
7.50100000619888	0.02	-0.02	7.38860167132739e-08	1.81465499457087e-08	-1.81465499457087e-08
7.56099997878075	0.04	-0.04	4.58693336541803e-08	1.05440743143109e-08	-1.05440743143109e-08
7.64099999189377	0.04	-0.04	4.75371921470915e-08	8.63015767837814e-09	-8.63015767837814e-09
7.70099999427795	0.02	-0.02	5.39103787491043e-08	1.13013992095165e-08	-1.13013992095165e-08
7.76099999666214	0.04	-0.04	3.06859688816032e-08	7.83489758980466e-09	-7.83489758980466e-09
7.82099999904633	0.02	-0.02	6.20069568734986e-08	1.09463823677234e-08	-1.09463823677234e-08
7.861000020504	0.02	-0.02	3.16987714652196e-08	1.01239699180773e-08	-1.01239699180773e-08
7.90099998235702	0.02	-0.02	3.81496130874108e-08	9.13990721828782e-09	-9.13990721828782e-09
7.9410000038147	0.02	-0.02	2.4067132854633e-08	9.09057435268769e-09	-9.09057435268769e-09
7.98099996566772	0.02	-0.02	3.57235195235645e-08	8.09677036764453e-09	-8.09677036764453e-09
8.0209999871254	0.02	-0.02	3.36266736353588e-08	7.45339190532637e-09	-7.45339190532637e-09
8.08099998950958	0.04	-0.04	2.12168778783099e-08	4.78665818626062e-09	-4.78665818626062e-09
8.14099999189377	0.02	-0.02	2.93577045777803e-08	6.06732106136266e-09	-6.06732106136266e-09
8.18100001335144	0.02	-0.02	1.79900899168519e-08	6.02828413713104e-09	-6.02828413713104e-09
8.22099997520447	0.02	-0.02	2.26139326352712e-08	5.45387074060875e-09	-5.45387074060875e-09
8.28100000739098	0.04	-0.04	1.79036910422282e-08	3.54355019376188e-09	-3.54355019376188e-09
8.36099999070167	0.04	-0.04	1.24426460164753e-08	3.0860754074667e-09	-3.0860754074667e-09
8.42100002288818	0.02	-0.02	1.66877383127668e-08	4.09912783025401e-09	-4.09912783025401e-09
8.48099999547005	0.04	-0.04	1.11403190416547e-08	2.71622456169056e-09	-2.71622456169056e-09
8.54099996805191	0.02	-0.02	2.18901776601652e-08	4.4231902803376e-09	-4.4231902803376e-09
8.58099998950958	0.02	-0.02	2.19956505540051e-08	5.66008600237766e-09	-5.66008600237766e-09
8.62100001096725	0.02	-0.02	2.9372673263527e-08	6.71626911135643e-09	-6.71626911135643e-09
8.66099997282028	0.02	-0.02	2.23826858478769e-08	7.9265250208834e-09	-7.9265250208834e-09
8.70099999427795	0.02	-0.02	4.85901950179891e-08	1.00773676021295e-08	-1.00773676021295e-08
8.74100001573563	0.02	-0.02	5.21192021050063e-08	1.34475874635462e-08	-1.34475874635462e-08
8.78099997758865	0.02	-0.02	6.78936642347151e-08	1.56676081614072e-08	-1.56676081614072e-08
8.82099999904633	0.02	-0.02	7.90580653198099e-08	1.90729067760642e-08	-1.90729067760642e-08
8.861000020504	0.02	-0.02	1.077642967154e-07	2.33999653675011e-08	-2.33999653675011e-08
8.90099998235702	0.02	-0.02	1.33493025417471e-07	2.12373425186323e-08	-2.12373425186323e-08
8.9410000038147	0.02	-0.02	6.9570577704007e-08	1.60556342283755e-08	-1.60556342283755e-08
8.98099996566772	0.02	-0.02	4.94690061436614e-08	1.07092820348019e-08	-1.07092820348019e-08
9.0209999871254	0.02	-0.02	3.1614231651366e-08	7.61589852234668e-09	-7.61589852234668e-09
9.08099998950958	0.04	-0.04	1.07796971759386e-08	3.13164184682756e-09	-3.13164184682756e-09
9.14099999189377	0.02	-0.02	1.34006648153066e-08	2.674215304812e-09	-2.674215304812e-09
9.20099999427795	0.04	-0.04	1.19366692596137e-08	2.61471887651902e-09	-2.61471887651902e-09
9.28100000739098	0.04	-0.04	2.75113511847246e-08	5.91492201530187e-09	-5.91492201530187e-09
9.34099997997284	0.02	-0.02	8.01545252702165e-08	1.70713205483993e-08	-1.70713205483993e-08
9.38100000143051	0.02	-0.02	9.44107230515482e-08	2.60462854256711e-08	-2.60462854256711e-08
9.42100002288818	0.02	-0.02	2.0494118090153e-07	4.24706355893801e-08	-4.24706355893801e-08
9.48099999547005	0.04	-0.04	2.90771432996554e-07	5.7850111750266e-08	-5.7850111750266e-08
9.58099998950958	0.06	-0.06	2.09050585346429e-07	4.3837360993129e-08	-4.3837360993129e-08
9.66099997282028	0.02	-0.02	3.79877493302535e-07	7.15337769703091e-08	-7.15337769703091e-08
9.70099999427795	0.02	-0.02	2.70079207463717e-07	5.71955163314219e-08	-5.71955163314219e-08
9.74100001573563	0.02	-0.02	1.63185908174179e-07	3.81483635106584e-08	-3.81483635106584e-08
9.82099999904633	0.06	-0.06	4.48984890816069e-08	9.03267183634621e-09	-9.03267183634621e-09
9.90099998235702	0.02	-0.02	3.20409130118731e-08	6.24675119962506e-09	-6.24675119962506e-09
9.9410000038147	0.02	-0.02	1.7055111758051e-08	5.29242755925276e-09	-5.29242755925276e-09
9.98099996566772	0.02	-0.02	2.32144118546474e-08	5.66973712895139e-09	-5.66973712895139e-09
10.0209999871254	0.02	-0.02	2.23965666369346e-08	6.03885117032778e-09	-6.03885117032778e-09
10.0610000085831	0.02	-0.02	2.98743372719946e-08	6.20970007965711e-09	-6.20970007965711e-09
10.1009999704361	0.02	-0.02	2.61509020618666e-08	6.23427106548522e-09	-6.23427106548522e-09
10.1409999918938	0.02	-0.02	1.56526747901567e-08	6.36633801866133e-09	-6.36633801866133e-09
10.1810000133514	0.02	-0.02	3.19614726494054e-08	7.05574490096452e-09	-7.05574490096452e-09
10.2409999859333	0.04	-0.04	2.68752710858198e-08	5.06901134758643e-09	-5.06901134758643e-09
10.3010000181198	0.02	-0.02	3.12466832396076e-08	6.3319636177847e-09	-6.3319636177847e-09
10.3609999907017	0.04	-0.04	2.16761232784839e-08	4.75485076744364e-09	-4.75485076744364e-09
10.4210000228882	0.02	-0.02	2.44807679526062e-08	5.79556866437809e-09	-5.79556866437809e-09
10.48099999547	0.04	-0.04	1.71766284822877e-08	3.88585398791181e-09	-3.88585398791181e-09
10.5409999680519	0.02	-0.02	2.47181307447587e-08	5.13229236854332e-09	-5.13229236854332e-09
10.5809999895096	0.02	-0.02	1.62277832683443e-08	4.68241012761823e-09	-4.68241012761823e-09
10.6210000109673	0.02	-0.02	2.11809490003462e-08	4.70704269685088e-09	-4.70704269685088e-09
10.6809999835491	0.04	-0.04	1.54298808427228e-08	3.0231321470202e-09	-3.0231321470202e-09
10.7609999966621	0.04	-0.04	9.44779195762594e-09	3.15245822884861e-09	-3.15245822884861e-09
10.8410000097752	0.04	-0.04	1.62215199631887e-08	3.88041359487209e-09	-3.88041359487209e-09
10.9409999839465	0.06	-0.06	1.95047641922583e-08	3.87826806029569e-09	-3.87826806029569e-09
11.0209999871254	0.02	-0.02	3.88450919107345e-08	8.65092319706198e-09	-8.65092319706198e-09
11.0809999895096	0.04	-0.04	2.41108580573171e-08	6.8950856261919e-09	-6.8950856261919e-09
11.1610000026226	0.04	-0.04	3.82356380938119e-08	7.86320898676156e-09	-7.86320898676156e-09
11.2209999752045	0.02	-0.02	5.61070773821647e-08	1.12597060872597e-08	-1.12597060872597e-08
11.2609999966621	0.02	-0.02	3.89693107953371e-08	9.07758939638837e-09	-9.07758939638837e-09
11.3010000181198	0.02	-0.02	2.27966815398676e-08	6.80728130798049e-09	-6.80728130798049e-09
11.3409999799728	0.02	-0.02	3.14806587676745e-08	6.01288468848207e-09	-6.01288468848207e-09
11.4010000121593	0.04	-0.04	1.03420853358915e-08	2.79973281142106e-09	-2.79973281142106e-09
11.4609999847412	0.02	-0.02	1.46243019797276e-08	2.78185624249565e-09	-2.78185624249565e-09
11.5209999871254	0.04	-0.04	7.20913965181928e-09	1.42110544992802e-09	-1.42110544992802e-09
11.6010000002384	0.04	-0.04	1.338557137806e-08	3.54870425372383e-09	-3.54870425372383e-09
11.700999994278	0.06	-0.06	4.91066230996233e-08	9.0532081373263e-09	-9.0532081373263e-09
11.7809999775887	0.02	-0.02	1.59063594329576e-07	3.80516228319803e-08	-3.80516228319803e-08
11.8209999990463	0.02	-0.02	1.38848054784338e-07	4.37543448090006e-08	-4.37543448090006e-08
11.861000020504	0.02	-0.02	1.56711345711157e-07	3.73528326810241e-08	-3.73528326810241e-08
11.9209999930859	0.04	-0.04	8.95254223169803e-08	1.96380387029882e-08	-1.96380387029882e-08
12.0009999763966	0.04	-0.04	4.60231804903855e-08	1.47453597124293e-08	-1.47453597124293e-08
12.0610000085831	0.02	-0.02	9.9606141268246e-08	2.07977867914993e-08	-2.07977867914993e-08
12.1009999704361	0.02	-0.02	1.49838105477912e-07	2.87254091441157e-08	-2.87254091441157e-08
12.1409999918938	0.02	-0.02	1.6461432338632e-07	3.89489283308787e-08	-3.89489283308787e-08
12.2209999752045	0.02	-0.02	3.93992426617944e-07	6.74593301753099e-08	-6.74593301753099e-08
12.2609999966621	0.02	-0.02	4.53840891558403e-07	9.92874526391066e-08	-9.92874526391066e-08
12.3409999998411	0.06	-0.06	5.34772096732807e-07	1.01241098614768e-07	-1.01241098614768e-07
12.4210000228882	0.02	-0.02	7.89843888617308e-07	1.91750094525731e-07	-1.91750094525731e-07
12.5009999863307	0.06	-0.06	4.18628891806535e-07	1.04929523021037e-07	-1.04929523021037e-07
12.5809999895096	0.02	-0.02	7.34224302341935e-07	1.70575608157997e-07	-1.70575608157997e-07
12.6409999918938	0.04	-0.04	4.95713630814045e-07	1.20424671578851e-07	-1.20424671578851e-07
12.7210000050068	0.04	-0.04	4.55883663171712e-07	1.24056911485894e-07	-1.24056911485894e-07
12.7809999775887	0.02	-0.02	6.78646547009821e-07	1.6531170217625e-07	-1.6531170217625e-07
12.8410000097752	0.04	-0.04	2.74720712294245e-07	9.67846767151516e-08	-9.67846767151516e-08
12.9409999839465	0.06	-0.06	3.35199948280083e-07	6.61887891419421e-08	-6.61887891419421e-08
13.0209999871254	0.02	-0.02	4.44504800183595e-07	9.55907092794694e-08	-9.55907092794694e-08
13.1009999903043	0.06	-0.06	1.87568224354694e-07	4.3901905133639e-08	-4.3901905133639e-08
13.1810000133514	0.02	-0.02	2.91176616115828e-07	6.74378477444467e-08	-6.74378477444467e-08
13.2209999752045	0.02	-0.02	2.58866791804534e-07	5.80653829865251e-08	-5.80653829865251e-08
13.281000007391	0.04	-0.04	1.13401860604288e-07	3.03448032062155e-08	-3.03448032062155e-08
13.3409999799728	0.02	-0.02	1.95971726731727e-07	3.7832641044816e-08	-3.7832641044816e-08
13.4410000038147	0.08	-0.08	6.51958535828112e-08	1.25106498206826e-08	-1.25106498206826e-08
13.5809999895096	0.06	-0.06	4.71839931396096e-08	1.06222297427564e-08	-1.06222297427564e-08
13.6609999728203	0.02	-0.02	1.12159803164001e-07	2.06333166665055e-08	-2.06333166665055e-08
13.700999994278	0.02	-0.02	9.30156407208922e-08	2.13548834699055e-08	-2.13548834699055e-08
13.7809999974569	0.06	-0.06	4.98234597932898e-08	1.32140447458102e-08	-1.32140447458102e-08
13.9010000022252	0.06	-0.06	6.37186440227282e-08	1.43800575879339e-08	-1.43800575879339e-08
14.0409999829531	0.08	-0.08	6.12793176307543e-08	1.35553732180393e-08	-1.35553732180393e-08
14.1610000026226	0.04	-0.04	9.65521870741085e-08	2.38183377071074e-08	-2.38183377071074e-08
14.2409999859333	0.04	-0.04	9.44202942939481e-08	2.83318217468586e-08	-2.83318217468586e-08
14.3209999990463	0.04	-0.04	1.55852070957717e-07	3.32393333368644e-08	-3.32393333368644e-08
14.4010000121593	0.04	-0.04	1.9035932817841e-07	4.00048386703198e-08	-4.00048386703198e-08
14.48099999547	0.04	-0.04	1.65080138168336e-07	3.63740785347303e-08	-3.63740785347303e-08
14.5609999787807	0.04	-0.04	9.73399098850358e-08	3.26096585888146e-08	-3.26096585888146e-08
14.6409999918938	0.04	-0.04	1.23055597038637e-07	2.54691142931363e-08	-2.54691142931363e-08
14.7409999958674	0.06	-0.06	6.28867174882609e-08	1.75512003949155e-08	-1.75512003949155e-08
14.8610000006358	0.06	-0.06	5.31189391558521e-08	1.29108364949492e-08	-1.29108364949492e-08
14.9609999847412	0.04	-0.04	6.9672169147517e-08	1.49728674645549e-08	-1.49728674645549e-08
15.0809999895096	0.08	-0.08	6.6179248222259e-08	1.42273223064512e-08	-1.42273223064512e-08
15.200999994278	0.04	-0.04	1.05056110949419e-07	2.56810015339737e-08	-2.56810015339737e-08
15.3009999982516	0.06	-0.06	1.33269850089986e-07	2.62957142183304e-08	-2.62957142183304e-08
15.3810000014305	0.02	-0.02	2.70260861492178e-07	4.88527965911606e-08	-4.88527965911606e-08
15.4610000046094	0.06	-0.06	2.08281525459759e-07	3.53400431586074e-08	-3.53400431586074e-08
15.5409999680519	0.02	-0.02	3.50875302121182e-07	7.35342681433857e-08	-7.35342681433857e-08
15.6010000002384	0.04	-0.04	2.60801391956163e-07	6.25428240109993e-08	-6.25428240109993e-08
15.6809999835491	0.04	-0.04	3.47769079978254e-07	7.77164997003771e-08	-7.77164997003771e-08
15.7609999966621	0.04	-0.04	5.36947988296778e-07	9.91658943279952e-08	-9.91658943279952e-08
15.8410000097752	0.04	-0.04	4.14013989771122e-07	9.25319695583877e-08	-9.25319695583877e-08
15.9209999930859	0.04	-0.04	2.62103247262555e-07	5.55059824840328e-08	-5.55059824840328e-08
15.9809999656677	0.02	-0.02	2.174097735579e-07	4.68611373053677e-08	-4.68611373053677e-08
16.0809999895096	0.08	-0.08	6.21159928842261e-08	1.16777956377103e-08	-1.16777956377103e-08
16.200999994278	0.04	-0.04	7.09593738093356e-08	1.28474983740443e-08	-1.28474983740443e-08
16.281000007391	0.04	-0.04	4.60885941503598e-08	1.08919587128648e-08	-1.08919587128648e-08
16.3609999907017	0.04	-0.04	2.74730004519245e-08	9.74113495964053e-09	-9.74113495964053e-09
16.4410000038147	0.04	-0.04	3.47753806088114e-08	8.68895420683405e-09	-8.68895420683405e-09
16.5609999936819	0.08	-0.08	3.13060836054171e-08	6.94069051547752e-09	-6.94069051547752e-09
16.7209999901056	0.08	-0.08	9.2695458677026e-08	1.69815504126072e-08	-1.69815504126072e-08
16.8209999990463	0.02	-0.02	2.89298240106852e-07	6.68262972480159e-08	-6.68262972480159e-08
16.9010000022252	0.06	-0.06	2.95345399529952e-07	5.81254825432736e-08	-5.81254825432736e-08
16.9809999656677	0.02	-0.02	4.45511069374649e-07	9.60731397405365e-08	-9.60731397405365e-08
17.0409999978542	0.04	-0.04	2.1397672959241e-07	4.93873813060918e-08	-4.93873813060918e-08
17.1609999877214	0.08	-0.08	7.10454648308545e-08	1.51700608359483e-08	-1.51700608359483e-08
17.2609999966621	0.02	-0.02	7.55212710826489e-08	1.80775806636811e-08	-1.80775806636811e-08
17.3209999990463	0.04	-0.04	5.09812649982196e-08	1.08213977376715e-08	-1.08213977376715e-08
17.4410000038147	0.08	-0.08	3.13328079821225e-08	6.2671645793999e-09	-6.2671645793999e-09
17.5409999680519	0.02	-0.02	4.41020028353945e-08	1.0525351734278e-08	-1.0525351734278e-08
17.620999991099	0.06	-0.06	2.14391792070946e-08	4.99028424214777e-09	-4.99028424214777e-09
17.7409999958674	0.06	-0.06	1.58466972960551e-08	3.74569843083333e-09	-3.74569843083333e-09
17.8410000097752	0.04	-0.04	1.69497045601788e-08	3.73104934843227e-09	-3.73104934843227e-09
18.0609999887149	0.18	-0.18	9.15699988973484e-09	1.75051471720317e-09	-1.75051471720317e-09
18.3009999982516	0.06	-0.06	1.4966967637846e-08	3.00666077810047e-09	-3.00666077810047e-09
18.4410000038147	0.08	-0.08	1.26378535392194e-08	2.5763245997408e-09	-2.5763245997408e-09
18.5609999787807	0.04	-0.04	1.52442017974399e-08	3.41456628336911e-09	-3.41456628336911e-09
18.6809999984503	0.08	-0.08	1.02526064617539e-08	2.49237879523499e-09	-2.49237879523499e-09
18.840999994874	0.08	-0.08	1.21606126760792e-08	2.49418873279206e-09	-2.49418873279206e-09
18.9609999847412	0.04	-0.04	1.41746279513232e-08	3.33798376746373e-09	-3.33798376746373e-09
19.0809999895096	0.08	-0.08	1.02805734061938e-08	2.61895923369132e-09	-2.61895923369132e-09
19.200999994278	0.04	-0.04	1.56484072255586e-08	3.77354458605554e-09	-3.77354458605554e-09
19.281000007391	0.04	-0.04	1.7083718835908e-08	3.86285324896633e-09	-3.86285324896633e-09
19.3609999907017	0.04	-0.04	1.72035323229566e-08	4.06147652724227e-09	-4.06147652724227e-09
19.5409999879201	0.06	-0.06	1.86488236437339e-08	3.5365841568871e-09	-3.5365841568871e-09
19.6210000109673	0.02	-0.02	2.65820087575518e-08	6.47658510104403e-09	-6.47658510104403e-09
19.6809999835491	0.04	-0.04	1.45602205564791e-08	4.55050507318428e-09	-4.55050507318428e-09
19.7410000157356	0.02	-0.02	2.72833325938617e-08	6.17861609263769e-09	-6.17861609263769e-09
19.8009999883175	0.04	-0.04	1.94500396072602e-08	4.78870681308247e-09	-4.78870681308247e-09
19.9409999918938	0.1	-0.1	9.30169142869732e-09	3.05428736678011e-09	-3.05428736678011e-09
20.1409999918938	0.1	-0.1	1.52008529005387e-08	3.3141241387503e-09	-3.3141241387503e-09
20.3410000038147	0.1	-0.1	1.0797666401674e-08	3.88872730849636e-09	-3.88872730849636e-09
20.5609999887149	0.12	-0.12	1.76013980541928e-08	4.38752456315047e-09	-4.38752456315047e-09
20.7409999958674	0.06	-0.06	3.04406567522236e-08	7.42679743235059e-09	-7.42679743235059e-09
20.9209999930859	0.12	-0.12	2.53621879842791e-08	6.39015789178234e-09	-6.39015789178234e-09
21.1209999960661	0.08	-0.08	4.49618646759219e-08	9.87253145008724e-09	-9.87253145008724e-09
21.2409999859333	0.04	-0.04	7.51432902113195e-08	1.57769357525567e-08	-1.57769357525567e-08
21.3409999998411	0.06	-0.06	5.99964548476901e-08	1.44573859047866e-08	-1.44573859047866e-08
21.4610000046094	0.06	-0.06	4.9398606813019e-08	1.3103947428248e-08	-1.3103947428248e-08
21.5809999895096	0.06	-0.06	5.586773760426e-08	1.2504226768437e-08	-1.2504226768437e-08
21.6609999728203	0.02	-0.02	1.08730843004287e-07	2.08675717556027e-08	-2.08675717556027e-08
21.7609999966621	0.08	-0.08	4.03477754918212e-08	9.58779880256836e-09	-9.58779880256836e-09
21.9209999930859	0.08	-0.08	3.05712979165481e-08	8.61999697079387e-09	-8.61999697079387e-09
22.0809999895096	0.08	-0.08	3.13063566336007e-08	7.70939978629723e-09	-7.70939978629723e-09
22.2209999950727	0.06	-0.06	3.39389800445388e-08	8.43627688135877e-09	-8.43627688135877e-09
22.3610000056028	0.08	-0.08	3.78531759894764e-08	8.84927922082836e-09	-8.84927922082836e-09
22.5409999918938	0.1	-0.1	3.21653524984075e-08	1.01404876034919e-08	-1.01404876034919e-08
22.700999994278	0.06	-0.06	6.80392429055192e-08	1.63802907323517e-08	-1.63802907323517e-08
22.8209999990463	0.06	-0.06	7.61798342152178e-08	1.89606646828642e-08	-1.89606646828642e-08
23.0609999887149	0.06	-0.06	1.11395668060027e-07	2.59733603027034e-08	-2.59733603027034e-08
23.200999994278	0.08	-0.08	1.00791619858431e-07	2.55479035374799e-08	-2.55479035374799e-08
23.3010000181198	0.02	-0.02	2.00561530463567e-07	4.86071284777334e-08	-4.86071284777334e-08
23.4809999954701	0.16	-0.16	8.97561912739628e-08	1.94411368713128e-08	-1.94411368713128e-08
23.6809999835491	0.04	-0.04	1.86572673811517e-07	4.54591260925344e-08	-4.54591260925344e-08
23.8409999998411	0.12	-0.12	1.03216947979618e-07	2.65853449621149e-08	-2.65853449621149e-08
24.0209999871254	0.06	-0.06	1.61285965588294e-07	3.90076818780453e-08	-3.90076818780453e-08
24.1609999877214	0.08	-0.08	8.92987695365259e-08	3.09078878244211e-08	-3.09078878244211e-08
24.2609999966621	0.02	-0.02	2.54110182749554e-07	6.25299369495464e-08	-6.25299369495464e-08
24.4610000046094	0.06	-0.06	1.33287727767304e-07	3.25734165412887e-08	-3.25734165412887e-08
24.6009999853373	0.08	-0.08	1.04210656021669e-07	2.78551093950213e-08	-2.78551093950213e-08
24.7609999966621	0.08	-0.08	1.11604273039418e-07	2.62585408307036e-08	-2.62585408307036e-08
24.9609999946753	0.12	-0.12	8.88478277302057e-08	1.97424234959508e-08	-1.97424234959508e-08
25.200999994278	0.12	-0.12	7.53084487740298e-08	1.78017822765882e-08	-1.78017822765882e-08
25.4609999932562	0.14	-0.14	8.12646195009309e-08	1.58731751274887e-08	-1.58731751274887e-08
25.6609999926885	0.06	-0.06	8.87440573389399e-08	2.16982597526005e-08	-2.16982597526005e-08
25.8010000032187	0.08	-0.08	8.09190971386273e-08	1.96191151980035e-08	-1.96191151980035e-08
25.9809999895096	0.1	-0.1	7.39004338719165e-08	1.88044900066363e-08	-1.88044900066363e-08
26.1409999918938	0.06	-0.06	1.08252982847582e-07	2.63002766991235e-08	-2.63002766991235e-08
26.2609999966621	0.06	-0.06	7.97445605133247e-08	3.01232733907583e-08	-3.01232733907583e-08
26.3810000014305	0.06	-0.06	1.32567644557594e-07	3.09803055884504e-08	-3.09803055884504e-08
26.620999991099	0.18	-0.18	7.651545846596e-08	2.08585740534589e-08	-2.08585740534589e-08
26.8610000006358	0.06	-0.06	1.36080126918991e-07	2.86071970651353e-08	-2.86071970651353e-08
27.1209999930859	0.2	-0.2	4.94866110995463e-08	1.2115172054443e-08	-1.2115172054443e-08
27.3609999907017	0.04	-0.04	8.65596884367473e-08	2.15526008049106e-08	-2.15526008049106e-08
27.5209999970595	0.12	-0.12	3.66080022611509e-08	1.02645402257931e-08	-1.02645402257931e-08
27.6609999728203	0.02	-0.02	8.5922666027758e-08	1.9949153797574e-08	-1.9949153797574e-08
27.840999994874	0.16	-0.16	2.62053109182201e-08	6.16009440399083e-09	-6.16009440399083e-09
28.0409999978542	0.04	-0.04	3.95658023045179e-08	9.74575123824583e-09	-9.74575123824583e-09
28.1209999811649	0.04	-0.04	3.40518367362635e-08	9.2781521700524e-09	-9.2781521700524e-09
28.200999994278	0.04	-0.04	4.31475261753327e-08	1.00466090267205e-08	-1.00466090267205e-08
28.3610000006358	0.12	-0.12	1.83849206232177e-08	5.24115347176565e-09	-5.24115347176565e-09
28.6009999903043	0.12	-0.12	2.23084009820482e-08	5.41536766951866e-09	-5.41536766951866e-09
28.9609999946753	0.24	-0.24	1.21620474275311e-08	3.5732192587277e-09	-3.5732192587277e-09
29.2409999859333	0.04	-0.04	4.16572846620825e-08	8.48933515653788e-09	-8.48933515653788e-09
29.4209999973433	0.14	-0.14	1.77136536397758e-08	4.65386869675633e-09	-4.65386869675633e-09
29.7209999975562	0.16	-0.16	1.64545390211078e-08	4.09640690695408e-09	-4.09640690695408e-09
29.9809999895096	0.1	-0.1	2.11937430161808e-08	5.23118868438929e-09	-5.23118868438929e-09
30.2609999966621	0.18	-0.18	1.74481443128839e-08	4.35571734957178e-09	-4.35571734957178e-09
30.620999991099	0.18	-0.18	2.36969986194805e-08	5.41985192337925e-09	-5.41985192337925e-09
30.9209999930859	0.12	-0.12	3.31341173322989e-08	7.85391443968311e-09	-7.85391443968311e-09
31.4209999973433	0.14	-0.14	4.52532958837816e-08	9.62812966707951e-09	-9.62812966707951e-09
31.620999991099	0.06	-0.06	6.32516159039578e-08	1.57521480188068e-08	-1.57521480188068e-08
31.7409999958674	0.06	-0.06	7.99008718094623e-08	1.79245889582392e-08	-1.79245889582392e-08
32.0409999928872	0.24	-0.24	3.85101208176885e-08	1.05545998579488e-08	-1.05545998579488e-08
32.4409999963641	0.16	-0.16	7.54909640721618e-08	1.78764324620904e-08	-1.78764324620904e-08
32.6210000109673	0.02	-0.02	2.45061409495403e-07	6.02913692840733e-08	-6.02913692840733e-08
32.7409999918938	0.1	-0.1	1.10517784032644e-07	3.00802882028884e-08	-3.00802882028884e-08
32.9409999918938	0.1	-0.1	1.4528617973389e-07	3.5382782081811e-08	-3.5382782081811e-08
33.2409999978542	0.2	-0.2	1.22084556909166e-07	3.21345870763902e-08	-3.21345870763902e-08
33.5209999871254	0.08	-0.08	2.57183258897827e-07	6.31716440736242e-08	-6.31716440736242e-08
33.840999994874	0.24	-0.24	2.01654556557615e-07	4.72431951674901e-08	-4.72431951674901e-08
34.1209999811649	0.04	-0.04	6.89993740363152e-07	1.55042149764358e-07	-1.55042149764358e-07
34.3209999990463	0.16	-0.16	2.26293249277553e-07	8.72193363892842e-08	-8.72193363892842e-08
34.6409999918938	0.16	-0.16	4.84588827182257e-07	1.11912769666667e-07	-1.11912769666667e-07
35.1209999960661	0.32	-0.32	3.36666834969144e-07	9.16317680482948e-08	-9.16317680482948e-08
35.6409999918938	0.2	-0.2	3.20701645400817e-07	7.51971057545247e-08	-7.51971057545247e-08
35.9809999912126	0.14	-0.14	2.72611287947118e-07	6.6535285020697e-08	-6.6535285020697e-08
36.5409999964351	0.42	-0.42	8.11919806253546e-08	2.40732384968693e-08	-2.40732384968693e-08
37.0609999847412	0.1	-0.1	1.38777861966428e-07	3.18113624798846e-08	-3.18113624798846e-08
37.4009999972582	0.24	-0.24	4.46333742553688e-08	1.54686786661893e-08	-1.54686786661893e-08
37.8809999914964	0.24	-0.24	4.54327306379274e-08	9.97747282846926e-09	-9.97747282846926e-09
38.2809999999404	0.16	-0.16	3.98541192251004e-08	9.0319857717313e-09	-9.0319857717313e-09
39.4209999936941	0.980000000000001	-0.980000000000001	1.01859978852346e-08	2.09636851317865e-09	-2.09636851317865e-09
40.4809999954701	0.08	-0.08	5.63661748056562e-08	1.31955454250013e-08	-1.31955454250013e-08
40.8809999939799	0.32	-0.32	3.30748603824411e-08	8.14168765452764e-09	-8.14168765452764e-09
42.2009999942779	1	-1	4.88260944515805e-08	9.42812741092173e-09	-9.42812741092173e-09
43.5009999942779	0.3	-0.3	1.23027694196035e-07	2.79941039052481e-08	-2.79941039052481e-08
44.1009999942779	0.3	-0.3	1.09399691812151e-07	2.20957938599524e-08	-2.20957938599524e-08
44.5609999936819	0.16	-0.16	9.99034021943611e-08	2.38642777839115e-08	-2.38642777839115e-08
44.9209999930859	0.2	-0.2	6.83715342561055e-08	1.84555869035526e-08	-1.84555869035526e-08
45.2409999958674	0.12	-0.12	8.58969446172752e-08	2.04612899148768e-08	-2.04612899148768e-08
45.6009999952714	0.24	-0.24	5.30028390147289e-08	1.28189052259202e-08	-1.28189052259202e-08
46.5409999951449	0.22	-0.22	3.70895915065574e-08	8.57444203129199e-09	-8.57444203129199e-09
46.900999990872	0.14	-0.14	4.02803662670905e-08	9.51602057577887e-09	-9.51602057577887e-09
47.2209999950727	0.18	-0.18	3.14223037823128e-08	7.46960263566402e-09	-7.46960263566402e-09
48.3409999939229	0.940000000000001	-0.940000000000001	9.37763704248686e-09	1.98108613180545e-09	-1.98108613180545e-09
49.4209999973433	0.14	-0.14	1.32760460205749e-08	3.16604720600946e-09	-3.16604720600946e-09
50.4409999943321	0.88	-0.88	5.1125492758839e-09	1.65002395767734e-09	-1.65002395767734e-09
51.5409999951449	0.22	-0.22	2.16741664920489e-08	4.79218029294059e-09	-4.79218029294059e-09
52.48099999547	0.24	-0.24	2.71884464902924e-08	6.33921109219231e-09	-6.33921109219231e-09
53.0409999941289	0.32	-0.32	2.9350653676611e-08	6.57091604935197e-09	-6.57091604935197e-09
54.000999995023	0.64	-0.64	2.50310668010699e-08	6.29835991445279e-09	-6.29835991445279e-09
54.6809999835491	0.04	-0.04	1.32063633960158e-07	3.17626788912832e-08	-3.17626788912832e-08
54.9809999931775	0.26	-0.26	4.61774711944681e-08	1.34814050768452e-08	-1.34814050768452e-08
55.5009999970289	0.26	-0.26	6.68836671620102e-08	1.64339889221398e-08	-1.64339889221398e-08
56.3409999943602	0.58	-0.58	4.33340834919348e-08	1.05722193580731e-08	-1.05722193580731e-08
57.1409999918938	0.22	-0.22	6.40592640234913e-08	1.48287248771196e-08	-1.48287248771196e-08
57.6409999961512	0.28	-0.28	5.02861515658552e-08	1.18433230914238e-08	-1.18433230914238e-08
58.0809999895096	0.16	-0.16	5.93222835527648e-08	1.41482954336092e-08	-1.41482954336092e-08
58.4009999972582	0.16	-0.16	4.29104728271226e-08	1.33536156341144e-08	-1.33536156341144e-08
58.7209999975562	0.16	-0.16	5.2232146812122e-08	1.23435906973547e-08	-1.23435906973547e-08
59.0409999904036	0.16	-0.16	5.01176140693953e-08	1.53077875122928e-08	-1.53077875122928e-08
59.48099999547	0.28	-0.28	7.73533639282562e-08	1.6069697370346e-08	-1.6069697370346e-08
59.8209999990463	0.06	-0.06	1.94793553169659e-07	4.74138088063398e-08	-4.74138088063398e-08
60.0809999895096	0.2	-0.2	1.23234812656339e-07	3.07689155389946e-08	-3.07689155389946e-08
60.5009999953617	0.22	-0.22	1.36117711696333e-07	4.17847932477406e-08	-4.17847932477406e-08
60.9409999929775	0.22	-0.22	1.91598424858103e-07	4.07471785307529e-08	-4.07471785307529e-08
61.6009999948198	0.44	-0.44	6.9160690062761e-08	1.62225110967937e-08	-1.62225110967937e-08
62.1009999903043	0.06	-0.06	1.37190695172228e-07	2.80139493123311e-08	-2.80139493123311e-08
62.4409999952997	0.28	-0.28	3.46109173040068e-08	9.79622042780082e-09	-9.79622042780082e-09
62.8609999949592	0.14	-0.14	4.8967156008752e-08	1.21521309986321e-08	-1.21521309986321e-08
63.1409999918938	0.14	-0.14	3.43322379148528e-08	1.27160811262585e-08	-1.27160811262585e-08
63.3610000056028	0.08	-0.08	7.86873795957478e-08	1.76212275655267e-08	-1.76212275655267e-08
63.9409999942779	0.5	-0.5	4.03237963079515e-08	7.77551230831619e-09	-7.77551230831619e-09
64.5409999918938	0.1	-0.1	9.42599295259018e-08	1.98192163283773e-08	-1.98192163283773e-08
64.900999991527	0.26	-0.26	5.41703159717883e-08	1.25851283129024e-08	-1.25851283129024e-08
66.2209999943229	1.06	-1.06	4.27776942515659e-08	7.19522987503043e-09	-7.19522987503043e-09
67.5809999974569	0.3	-0.3	6.37133158915579e-08	1.44504198146527e-08	-1.44504198146527e-08
68.2209999927352	0.34	-0.34	5.69500107391178e-08	1.36138067730347e-08	-1.36138067730347e-08
68.7609999966621	0.2	-0.2	7.74003548874327e-08	1.84465352132157e-08	-1.84465352132157e-08
69.0809999895096	0.12	-0.12	9.6654423758986e-08	2.39047436469978e-08	-2.39047436469978e-08
69.6209999939373	0.42	-0.42	6.08990059433039e-08	1.2747517122191e-08	-1.2747517122191e-08
70.1409999918938	0.1	-0.1	1.04948255350381e-07	2.28683460705773e-08	-2.28683460705773e-08
71.1209999947114	0.88	-0.88	2.82452433424267e-08	6.42526044785166e-09	-6.42526044785166e-09
72.2209999968789	0.22	-0.22	4.11276477009891e-08	1.0008262620905e-08	-1.0008262620905e-08
73.620999993793	1.18	-1.18	1.39324071998342e-08	3.15541410801489e-09	-3.15541410801489e-09
74.9209999930859	0.12	-0.12	3.40647256989754e-08	7.72992487149079e-09	-7.72992487149079e-09
76.1609999941077	1.12	-1.12	9.78440596905429e-09	2.16538437551011e-09	-2.16538437551011e-09
77.5609999958106	0.28	-0.28	2.20560287506323e-08	5.22318775538658e-09	-5.22318775538658e-09
79.0809999943165	1.24	-1.24	1.46801952013073e-08	3.07597568525454e-09	-3.07597568525454e-09
80.4409999938806	0.12	-0.12	5.18830008907989e-08	1.19929486419903e-08	-1.19929486419903e-08
84.7609999941078	1.4	-1.4	2.63166569485066e-08	6.06459921248852e-09	-6.06459921248852e-09
87.5609999949593	1.4	-1.4	2.46234089517512e-08	8.83995178149344e-09	-8.83995178149344e-09
90.3609999941078	1.4	-1.4	5.35864047416578e-08	1.2896534739986e-08	-1.2896534739986e-08
93.2009999942781	1.44	-1.44	4.94665539848214e-08	1.83408447032933e-08	-1.83408447032933e-08
95.2809999943525	0.64	-0.64	1.47791555735389e-07	3.68286531026456e-08	-3.68286531026456e-08
100.540999994113	4.61999999999999	-4.61999999999999	6.95133019299278e-08	1.34734991265574e-08	-1.34734991265574e-08
105.820999995434	0.66	-0.66	1.22184844573262e-07	2.64744641143168e-08	-2.64744641143168e-08
109.12099999426	2.64	-2.64	3.69192731271553e-08	1.09114680123017e-08	-1.09114680123017e-08
111.780999977589	0.02	-0.02	4.82196162467373e-07	1.07891684936699e-07	-1.07891684936699e-07
114.920999994232	3.12	-3.12	3.95985130891808e-08	7.41595487088696e-09	-7.41595487088696e-09
118.100999990304	0.06	-0.06	1.97995682358452e-07	4.56323507743089e-08	-4.56323507743089e-08
126.560999994108	2.8	-2.8	1.75904391696251e-08	4.0753665791403e-09	-4.0753665791403e-09
149.240999994268	19.8799999999997	-19.8799999999997	6.02162996237389e-09	1.06908464942451e-09	-1.06908464942451e-09
171.960999994396	2.84	-2.84	1.25763863852612e-08	3.02042523415833e-09	-3.02042523415833e-09
196.300999994275	21.4999999999996	-21.4999999999996	2.77616117432533e-09	9.16568443801328e-10	-9.16568443801328e-10
