READ TERR 1 2
! xrtwtslewflux
60.2641807700018	0.70715424062977	-0.98290175933213	2.23434489100782e-09	3.35061117457774e-10	-3.36244677935459e-10
61.749518089792	0.727031910024863	-0.778183079160442	2.3241881864312e-09	3.46477193544783e-10	-3.46504264976507e-10
62.9824136496757	0.598984377370485	-0.50586364985881	3.1699019926779e-09	4.72563700528962e-10	-4.72609910146343e-10
64.4678454273069	1.09006455500055	-0.886447400260657	1.78412024335683e-09	2.660152448711e-10	-2.66052975768639e-10
66.6703399316819	1.09285105304407	-1.11242994937452	2.27809552473109e-09	2.87527425987925e-10	-2.87542798593275e-10
NO NO NO NO NO NO
! xrtwtflux
76.637	1.060	-1.489	2.46553749685045e-09	3.79399100828625e-10	-3.81174070604959e-10
79.944	1.690	-2.247	1.45751092022663e-09	2.23117897604875e-10	-2.23840909740838e-10
83.896	2.202	-2.262	1.15452235018049e-09	1.75460276357733e-10	-1.75697933463368e-10
88.755	1.800	-2.657	6.49518470612447e-10	1.23029673545247e-10	-1.23035027808419e-10
92.352	2.013	-1.797	6.97257019680374e-10	1.3175648052137e-10	-1.31721847069012e-10
96.613	2.241	-2.248	5.37465806564579e-10	9.85369667389508e-11	-9.85038706914496e-11
101.074	2.631	-2.22	4.67176341267112e-10	8.5556451138762e-11	-8.55337854928216e-11
106.697	2.832	-2.991	3.62889561540818e-10	7.03031249806382e-11	-7.02928284262369e-11
113.024	3.440	-3.495	2.95370384331445e-10	5.71997803584571e-11	-5.71951869125939e-11
119.760	3.092	-3.296	3.12427768786514e-10	6.04931275433989e-11	-6.048995925798e-11
127.914	4.167	-5.061	2.05643753599083e-10	4.09893317540394e-11	-4.09885107259139e-11
NO NO NO NO NO NO
! xrtpcflux
148.791	8.774	-11.284	1.37094978773805e-10	2.80544704167886e-11	-2.80544704167886e-11
170.273	17.380	-12.708	7.55136417340738e-11	1.69616252116372e-11	-1.69616252116372e-11
205.738	14.510	-18.085	7.26151960822714e-11	1.58459326362278e-11	-1.58459326362278e-11
248.884	21.510	-28.636	4.51089842737517e-11	1.01322330784295e-11	-1.01322330784295e-11
298.291	22.249	-27.897	4.56806400081e-11	1.02298339606754e-11	-1.02298339606754e-11
348.717	29.491	-28.177	3.9672561570747e-11	8.93803234688016e-12	-8.93803234688016e-12
425.736	40.228	-47.528	2.59982214787934e-11	5.87501427486289e-12	-5.87501427486289e-12
500.973	37.703	-35.009	3.48236896278983e-11	7.46512110847212e-12	-7.46512110847212e-12
587.450	74.083	-48.774	1.84411278504539e-11	4.15469496761806e-12	-4.15469496761806e-12
711.894	34.888	-50.36	2.47948039173754e-11	5.41840482362974e-12	-5.41840482362974e-12
809.774	82.432	-62.992	1.18137440993908e-11	2.28645964395011e-12	-2.28645964395011e-12
4398.847	262.603	-344.166	1.84876271772855e-12	4.89531895615238e-13	-4.89531895615238e-13
4748.513	116.030	-87.062	5.63698263927995e-12	1.46641219938283e-12	-1.46641219938283e-12
5317.383	362.034	-452.84	1.40930547479361e-12	3.67910192699196e-13	-3.67910192699196e-13
6249.802	425.009	-570.384	1.14402131743928e-12	2.99711537655309e-13	-2.99711537655309e-13
10792.284	1665.283	-952.344	6.02345447653749e-13	1.31845510148037e-13	-1.31845510148037e-13
16793.520	5564.643	-1174.293	4.26667593720607e-13	1.06781005583708e-13	-1.06781005583708e-13
74254.622	122202.797	-18141.163	6.17679096787067e-14	2.22225421033357e-14	-1.83073872340245e-14
NO NO NO NO NO NO
! batSNR4flux
0.501000006198883	0.06	-0.06	2.65712630622596e-07	6.54445436802763e-08	-6.54445436802763e-08
0.640999991893768	0.08	-0.08	1.59204091776941e-07	4.84322696192592e-08	-4.84322696192592e-08
0.741000015735626	0.02	-0.02	3.67586168804305e-07	8.65108014836106e-08	-8.65108014836106e-08
0.86099999666214	0.1	-0.1	1.02745613902089e-07	3.51126956890854e-08	-3.51126956890854e-08
0.981000025272369	0.02	-0.02	2.86318891179011e-07	6.15285725615834e-08	-6.15285725615834e-08
1.06099998871485	0.06	-0.06	8.84542201447309e-08	3.57446259468618e-08	-3.57446259468618e-08
1.18099999348323	0.06	-0.06	1.572022708858e-07	3.10487225044621e-08	-3.10487225044621e-08
1.3009999982516	0.06	-0.06	5.5074740711846e-08	2.64646145487896e-08	-2.64646145487896e-08
1.38100000143051	0.02	-0.02	2.14948371053486e-07	4.51656173605524e-08	-4.51656173605524e-08
1.48100001037121	0.08	-0.08	8.18181479129698e-08	1.84661706930309e-08	-1.84661706930309e-08
1.82099999904633	0.06	-0.06	8.28278644466785e-08	1.7743833907562e-08	-1.7743833907562e-08
1.98100000143051	0.1	-0.1	7.24607102765876e-08	1.68779286152682e-08	-1.68779286152682e-08
2.38099999745687	0.3	-0.3	6.83728855807711e-08	1.4541740412255e-08	-1.4541740412255e-08
2.72100000500679	0.04	-0.04	2.58546622227211e-07	5.99074091830288e-08	-5.99074091830288e-08
3.04099999785423	0.28	-0.28	1.46051400918533e-07	3.11258943232411e-08	-3.11258943232411e-08
3.60100000023842	0.28	-0.28	1.98816415179654e-07	5.64648451670117e-08	-5.64648451670117e-08
3.96099999964237	0.08	-0.08	5.34311578995323e-07	1.26197221132696e-07	-1.26197221132696e-07
4.52099999954303	0.48	-0.48	2.54624369065044e-07	5.57394489408003e-08	-5.57394489408003e-08
5.04099999785423	0.04	-0.04	8.55819003558949e-07	2.12745613679376e-07	-2.12745613679376e-07
5.28100000739098	0.04	-0.04	8.62041652726921e-07	2.10111400276095e-07	-2.10111400276095e-07
5.56099999864896	0.24	-0.24	3.34604815724914e-07	9.40222273526383e-08	-9.40222273526383e-08
5.82099999904633	0.02	-0.02	1.4295294776227e-06	3.26788504434449e-07	-3.26788504434449e-07
6.40099999938692	0.56	-0.56	3.58991421798904e-07	7.23717032307276e-08	-7.23717032307276e-08
8.12099999863525	1.16	-1.16	2.53907947558082e-07	6.19428694432067e-08	-6.19428694432067e-08
9.86099999995067	0.58	-0.58	3.54467382650463e-07	8.2667181921839e-08	-8.2667181921839e-08
11.680999998931	1.24	-1.24	2.21674016126628e-07	5.31464567520755e-08	-5.31464567520755e-08
