## BAT - batSNR4flux
0.661000032424927	0.02	-0.02	5.93738700123054e-08	1.29519511348748e-08	-1.29519511348748e-08
0.761000011563301	0.08	-0.08	3.9022801483069e-08	8.49446708972152e-09	-8.49446708972152e-09
0.881000031232834	0.04	-0.04	6.18282586804458e-08	1.49441874745022e-08	-1.49441874745022e-08
0.961000014543533	0.04	-0.04	7.84233915740332e-08	1.79097570024487e-08	-1.79097570024487e-08
1.08100000441074	0.08	-0.08	6.10121799225626e-08	1.42563023018025e-08	-1.42563023018025e-08
1.30100001811981	0.14	-0.14	7.09837265175855e-08	1.57937685684768e-08	-1.57937685684768e-08
1.58100001505443	0.14	-0.14	9.88919688122594e-08	2.52338786340519e-08	-2.52338786340519e-08
1.78100001732508	0.06	-0.06	1.79035657728731e-07	4.38418860904919e-08	-4.38418860904919e-08
2.04100001573563	0.2	-0.2	8.53951350260036e-08	2.36560001630721e-08	-2.36560001630721e-08
2.46100001725284	0.22	-0.22	1.04356171490385e-07	2.43542335904296e-08	-2.43542335904296e-08
2.74100001573563	0.06	-0.06	2.08893697109058e-07	4.61312192677132e-08	-4.61312192677132e-08
2.94100001232965	0.14	-0.14	9.72862070455706e-08	3.09533859898734e-08	-3.09533859898734e-08
3.24100001573563	0.16	-0.16	1.11156559815641e-07	2.28552815946802e-08	-2.28552815946802e-08
3.46100002447764	0.06	-0.06	1.42729151310734e-07	3.23451460766977e-08	-3.23451460766977e-08
3.64100001176198	0.12	-0.12	1.08318839905894e-07	2.00954717560447e-08	-2.00954717560447e-08
3.82100001891454	0.06	-0.06	1.22984178310092e-07	2.49591309290239e-08	-2.49591309290239e-08
3.96100001454353	0.08	-0.08	1.03377352621706e-07	2.29768625049807e-08	-2.29768625049807e-08
4.10100001017253	0.06	-0.06	1.63328561401489e-07	3.17672871048258e-08	-3.17672871048258e-08
4.18100001335144	0.02	-0.02	2.29777285215871e-07	5.70978902837634e-08	-5.70978902837634e-08
4.26100001653035	0.06	-0.06	1.98887607016826e-07	3.88029051028246e-08	-3.88029051028246e-08
4.38100002129873	0.06	-0.06	1.37028850857845e-07	4.20371381069458e-08	-4.20371381069458e-08
4.48100002527237	0.04	-0.04	2.609625027088e-07	5.73237998206604e-08	-5.73237998206604e-08
4.56100000858307	0.04	-0.04	2.06414930700867e-07	5.26540153332879e-08	-5.26540153332879e-08
4.64100002169609	0.04	-0.04	1.96585591251362e-07	4.20318819630625e-08	-4.20318819630625e-08
4.70099999427795	0.02	-0.02	2.2614496793585e-07	5.01980195827405e-08	-5.01980195827405e-08
4.74100001573563	0.02	-0.02	2.07334506644695e-07	5.00878342803194e-08	-5.00878342803194e-08
4.7810000371933	0.02	-0.02	1.80632242747994e-07	4.56151590838886e-08	-4.56151590838886e-08
4.82099999904633	0.02	-0.02	1.67949097759053e-07	4.0111656688863e-08	-4.0111656688863e-08
4.861000020504	0.02	-0.02	1.62002236693114e-07	3.68377093156373e-08	-3.68377093156373e-08
4.90100004196167	0.02	-0.02	1.37561342358605e-07	3.4302725230413e-08	-3.4302725230413e-08
4.9410000038147	0.02	-0.02	1.74162464886462e-07	2.85231138648819e-08	-2.85231138648819e-08
4.98100002527237	0.02	-0.02	1.1194090665434e-07	3.19101702994688e-08	-3.19101702994688e-08
5.0209999871254	0.02	-0.02	1.43109360559917e-07	3.07652286717675e-08	-3.07652286717675e-08
5.06100000858307	0.02	-0.02	1.29146330125627e-07	3.5160790586383e-08	-3.5160790586383e-08
5.10100003004074	0.02	-0.02	1.53725021309059e-07	3.70391649244983e-08	-3.70391649244983e-08
5.14099999189377	0.02	-0.02	1.83498521543266e-07	3.8372166781881e-08	-3.8372166781881e-08
5.18100001335144	0.02	-0.02	1.84120046920031e-07	3.79487752730288e-08	-3.79487752730288e-08
5.22100003480911	0.02	-0.02	3.00743303350976e-07	4.24492448510714e-08	-4.24492448510714e-08
5.26099999666214	0.02	-0.02	1.65589928645367e-07	3.79961521536703e-08	-3.79961521536703e-08
5.30100001811981	0.02	-0.02	1.60610140195682e-07	3.4039589289161e-08	-3.4039589289161e-08
5.34100003957748	0.02	-0.02	1.1820597914262e-07	2.85428384412465e-08	-2.85428384412465e-08
5.38100000143051	0.02	-0.02	9.73487403046346e-08	2.63956421139884e-08	-2.63956421139884e-08
5.42100002288818	0.02	-0.02	1.22472747934362e-07	2.24576648461757e-08	-2.24576648461757e-08
5.46100004434586	0.02	-0.02	9.62666564829052e-08	1.95034437227777e-08	-1.95034437227777e-08
5.50100000619888	0.02	-0.02	8.79062307686775e-08	1.34989318624082e-08	-1.34989318624082e-08
5.54100002765655	0.02	-0.02	4.90586712283141e-08	9.17227322379575e-09	-9.17227322379575e-09
5.58099998950958	0.02	-0.02	2.42896508856616e-08	5.8284242928078e-09	-5.8284242928078e-09
5.62100001096725	0.02	-0.02	2.67885235259586e-08	3.85257558800351e-09	-3.85257558800351e-09
5.66100003242493	0.02	-0.02	1.45969279571942e-08	2.31704695691416e-09	-2.31704695691416e-09
5.70099999427795	0.02	-0.02	1.29345666368851e-08	2.26575957962517e-09	-2.26575957962517e-09
5.74100001573563	0.02	-0.02	1.33170563975526e-08	2.63743115192613e-09	-2.63743115192613e-09
5.7810000371933	0.02	-0.02	1.78462759554438e-08	3.34962979276363e-09	-3.34962979276363e-09
5.82099999904633	0.02	-0.02	1.93688199351651e-08	3.9307635278318e-09	-3.9307635278318e-09
5.861000020504	0.02	-0.02	2.25372711980399e-08	4.55017821583996e-09	-4.55017821583996e-09
5.90100004196167	0.02	-0.02	3.07747021751322e-08	5.17969124866104e-09	-5.17969124866104e-09
5.9410000038147	0.02	-0.02	3.25455647957477e-08	6.88855794614434e-09	-6.88855794614434e-09
5.98100002527237	0.02	-0.02	3.9191087084017e-08	7.90353354852273e-09	-7.90353354852273e-09
6.0209999871254	0.02	-0.02	7.71406917230811e-08	1.14749944299013e-08	-1.14749944299013e-08
6.06100000858307	0.02	-0.02	6.54910266409487e-08	1.35621702270695e-08	-1.35621702270695e-08
6.10100003004074	0.02	-0.02	1.03062994911023e-07	1.64071962438184e-08	-1.64071962438184e-08
6.14099999189377	0.02	-0.02	1.12596256928776e-07	2.05832610780053e-08	-2.05832610780053e-08
6.18100001335144	0.02	-0.02	9.62839922524998e-08	2.5672216783524e-08	-2.5672216783524e-08
6.22100003480911	0.02	-0.02	1.73830780849292e-07	2.76113915287486e-08	-2.76113915287486e-08
6.26099999666214	0.02	-0.02	1.92745630497531e-07	3.55882837109615e-08	-3.55882837109615e-08
6.30100001811981	0.02	-0.02	2.23433612463249e-07	3.72459427175925e-08	-3.72459427175925e-08
6.34100003957748	0.02	-0.02	2.21065512275726e-07	4.33755378106128e-08	-4.33755378106128e-08
6.38100000143051	0.02	-0.02	2.24149909179618e-07	4.43715235489083e-08	-4.43715235489083e-08
6.42100002288818	0.02	-0.02	1.7400545598738e-07	5.2415033528692e-08	-5.2415033528692e-08
6.46100004434586	0.02	-0.02	2.81323412937572e-07	5.67394929321541e-08	-5.67394929321541e-08
6.50100000619888	0.02	-0.02	3.51395453109417e-07	6.81399618849161e-08	-6.81399618849161e-08
6.54100002765655	0.02	-0.02	4.37629553549419e-07	7.6877225163365e-08	-7.6877225163365e-08
6.58099998950958	0.02	-0.02	5.08554799146663e-07	9.2052484721202e-08	-9.2052484721202e-08
6.62100001096725	0.02	-0.02	4.94252787944036e-07	8.16916115577822e-08	-8.16916115577822e-08
6.66100003242493	0.02	-0.02	2.86172555578331e-07	5.49135164573096e-08	-5.49135164573096e-08
6.70099999427795	0.02	-0.02	1.95625669180314e-07	3.49714435039994e-08	-3.49714435039994e-08
6.74100001573563	0.02	-0.02	1.2058908728656e-07	2.55868879178325e-08	-2.55868879178325e-08
6.7810000371933	0.02	-0.02	1.24242978711861e-07	2.762878555413e-08	-2.762878555413e-08
6.82099999904633	0.02	-0.02	1.62350358783853e-07	4.43081050553253e-08	-4.43081050553253e-08
6.861000020504	0.02	-0.02	4.12430971283134e-07	8.00000073815773e-08	-8.00000073815773e-08
6.90100004196167	0.02	-0.02	6.70003324895037e-07	1.29429142027511e-07	-1.29429142027511e-07
6.9410000038147	0.02	-0.02	1.0430103668321e-06	1.94916293366496e-07	-1.94916293366496e-07
6.98100002527237	0.02	-0.02	1.28785956662828e-06	2.88217002871645e-07	-2.88217002871645e-07
7.04099999785423	0.04	-0.04	1.39297467580159e-06	3.23424484194666e-07	-3.23424484194666e-07
7.10100003004074	0.02	-0.02	3.72563724459159e-06	7.37629936833204e-07	-7.37629936833204e-07
7.14099999189377	0.02	-0.02	3.10394949137338e-06	7.14176385930351e-07	-7.14176385930351e-07
7.18100001335144	0.02	-0.02	1.85988378527075e-06	4.56852614665494e-07	-4.56852614665494e-07
7.22100003480911	0.02	-0.02	1.18847267594318e-06	2.88813557234e-07	-2.88813557234e-07
7.26099999666214	0.02	-0.02	7.28410449756961e-07	1.8663717357702e-07	-1.8663717357702e-07
7.30100001811981	0.02	-0.02	5.84803936899785e-07	1.05323410178255e-07	-1.05323410178255e-07
7.34100003957748	0.02	-0.02	3.43310535471123e-07	7.18307100646359e-08	-7.18307100646359e-08
7.38100000143051	0.02	-0.02	2.60522756207025e-07	6.17115893358969e-08	-6.17115893358969e-08
7.44100003361702	0.04	-0.04	1.6733332278227e-07	4.36709153735195e-08	-4.36709153735195e-08
7.50100000619888	0.02	-0.02	2.85273876333905e-07	6.34277039609756e-08	-6.34277039609756e-08
7.54100002765655	0.02	-0.02	2.91808545287638e-07	6.12987868367861e-08	-6.12987868367861e-08
7.58099998950958	0.02	-0.02	1.48620661100433e-07	4.97567045276394e-08	-4.97567045276394e-08
7.62100001096725	0.02	-0.02	1.66913182139068e-07	4.16186700498163e-08	-4.16186700498163e-08
7.66100003242493	0.02	-0.02	1.52422103104388e-07	3.79721949532219e-08	-3.79721949532219e-08
7.74100001573563	0.06	-0.06	8.71475829014164e-08	1.36546231726729e-08	-1.36546231726729e-08
7.82099999904633	0.02	-0.02	8.85618952124152e-08	1.7312031218187e-08	-1.7312031218187e-08
7.861000020504	0.02	-0.02	6.08964656019526e-08	1.41933823117652e-08	-1.41933823117652e-08
7.92100002288818	0.04	-0.04	7.49180445742482e-08	1.46759493496203e-08	-1.46759493496203e-08
7.98100002527237	0.02	-0.02	1.76706075153783e-07	3.99404969980932e-08	-3.99404969980932e-08
8.04099999785423	0.04	-0.04	2.6633600187027e-07	5.10308134042447e-08	-5.10308134042447e-08
8.10100003004074	0.02	-0.02	7.19707477481821e-07	1.41919517878828e-07	-1.41919517878828e-07
8.18100001335144	0.06	-0.06	9.0913028362176e-07	1.77543528529011e-07	-1.77543528529011e-07
8.26099999666214	0.02	-0.02	2.14081440334596e-06	4.85018993070145e-07	-4.85018993070145e-07
8.30100001811981	0.02	-0.02	1.36415200473933e-06	3.28792693970392e-07	-3.28792693970392e-07
8.34100003957748	0.02	-0.02	1.07092575623181e-06	2.2597471296278e-07	-2.2597471296278e-07
8.40100001215935	0.04	-0.04	5.58461261338723e-07	1.01883172644129e-07	-1.01883172644129e-07
8.48100002527237	0.04	-0.04	1.99227943618865e-07	4.68531812496244e-08	-4.68531812496244e-08
8.56100000858307	0.04	-0.04	1.06611523156633e-07	2.41048373414617e-08	-2.41048373414617e-08
8.66100001255671	0.06	-0.06	3.65705789759305e-08	8.11771930561452e-09	-8.11771930561452e-09
8.78100001732508	0.06	-0.06	4.52573563175033e-08	1.03076505592129e-08	-1.03076505592129e-08
8.88100003123283	0.04	-0.04	7.69305225533932e-08	1.73405531157905e-08	-1.73405531157905e-08
8.96100001454353	0.04	-0.04	7.29110767575712e-08	2.33202921435634e-08	-2.33202921435634e-08
9.04099999785423	0.04	-0.04	1.41388056794484e-07	3.28485592298725e-08	-3.28485592298725e-08
9.20100001414617	0.12	-0.12	1.70779363243888e-07	3.42608207829352e-08	-3.42608207829352e-08
9.361000020504	0.04	-0.04	3.80467261446391e-07	8.97446435479621e-08	-8.97446435479621e-08
9.46100002447764	0.06	-0.06	2.75489481705665e-07	7.97379878293706e-08	-7.97379878293706e-08
9.5810000093778	0.06	-0.06	3.94080874684279e-07	8.67648793459493e-08	-8.67648793459493e-08
9.74100001573563	0.1	-0.1	3.32610128860669e-07	7.79858437882933e-08	-7.79858437882933e-08
9.94100001573563	0.1	-0.1	3.82183121580394e-07	8.47867277282023e-08	-8.47867277282023e-08
10.1410000157356	0.1	-0.1	2.75182758054876e-07	1.00210403423031e-07	-1.00210403423031e-07
10.3210000139475	0.08	-0.08	5.77450196199646e-07	1.17962611726118e-07	-1.17962611726118e-07
10.4210000228882	0.02	-0.02	1.13064533428239e-06	2.75737805984934e-07	-2.75737805984934e-07
10.8410000157356	0.4	-0.4	2.91628041195439e-07	5.22318473053703e-08	-5.22318473053703e-08
11.3410000157356	0.1	-0.1	4.02407295431715e-07	9.9741315696724e-08	-9.9741315696724e-08
11.5810000150544	0.14	-0.14	3.37959704568436e-07	7.98969111100951e-08	-7.98969111100951e-08
11.8010000181198	0.08	-0.08	4.05331018340172e-07	1.00686900910749e-07	-1.00686900910749e-07
12.0810000133514	0.2	-0.2	2.57695477198401e-07	5.96505219377118e-08	-5.96505219377118e-08
12.7610000165304	0.48	-0.48	1.48052349501683e-07	3.48164873340829e-08	-3.48164873340829e-08
13.7210000149409	0.48	-0.48	1.20192972342501e-07	2.90100227590626e-08	-2.90100227590626e-08
16.2210000159245	2.02	-2.02	4.38021420972807e-08	9.57308532193473e-09	-9.57308532193473e-09

## XRT - xrtwtflux
98.808	2.597	-2.258	5.27121615055707e-10	1.13854124698336e-10	-1.13854124698336e-10
105.091	2.535	-3.687	4.71092973092495e-10	8.8862367151063e-11	-8.88623860628265e-11
110.079	3.145	-2.452	5.36664246628971e-10	1.01231091576647e-10	-1.01231091576647e-10
115.537	2.698	-2.313	6.01439900535372e-10	1.17266373446444e-10	-1.17266373446444e-10
120.300	2.395	-2.065	6.89628465471451e-10	1.30084722336858e-10	-1.30084819162395e-10
125.838	3.570	-3.142	4.45659137591829e-10	8.40647728365311e-11	-8.406479167026e-11
132.472	2.819	-3.065	4.79534991567977e-10	9.66907372810865e-11	-9.66907372810865e-11
137.424	1.959	-2.133	7.23088618650333e-10	1.36396382336086e-10	-1.36396382336086e-10
143.660	3.164	-4.277	3.88286088843872e-10	7.82918267092858e-11	-7.82918362708253e-11
149.022	1.593	-2.199	1.28118907013978e-09	1.90988611395038e-10	-1.90988711770397e-10
152.211	1.627	-1.595	9.37369033317721e-10	1.82764387392214e-10	-1.82764487288684e-10
155.816	1.931	-1.979	1.16367103543884e-09	1.73470037707958e-10	-1.7347013326173e-10
159.025	1.527	-1.277	1.59282250919352e-09	2.37444249335234e-10	-2.37444343117065e-10
162.151	1.434	-1.599	1.45148982282519e-09	2.21123325125029e-10	-2.21123325125029e-10
165.044	1.277	-1.459	1.63125111361681e-09	2.4850864417532e-10	-2.48508739436589e-10
167.710	1.223	-1.388	1.78763562639504e-09	2.66485379992179e-10	-2.66485478049536e-10
170.063	1.050	-1.13	2.16802771649822e-09	3.23190933733349e-10	-3.23191032970483e-10
172.430	1.255	-1.317	1.79283314486522e-09	2.67260168069134e-10	-2.6726026492762e-10
174.663	1.043	-0.978	2.16496849155855e-09	3.37119975546729e-10	-3.37120070454574e-10
176.885	0.882	-1.179	2.17442766055097e-09	3.24145036675603e-10	-3.24145036675603e-10
178.669	0.685	-0.902	2.7285038069083e-09	4.2487148532028e-10	-4.24871579241866e-10
180.351	0.953	-0.998	2.41176974929149e-09	3.59525847530178e-10	-3.59525946378872e-10
182.334	0.862	-1.029	2.64180390901611e-09	3.93817454167582e-10	-3.93817559094214e-10
184.381	1.189	-1.185	2.20861774310107e-09	3.29241704310384e-10	-3.29241814399335e-10
186.420	0.906	-0.85	3.07354612885816e-09	4.68231236283593e-10	-4.68231351467135e-10
188.301	1.225	-0.975	2.40683836735955e-09	3.83162144770946e-10	-3.83162144770946e-10
190.841	1.122	-1.315	2.23168360432442e-09	3.39979820427689e-10	-3.3997993651465e-10
193.338	1.161	-1.374	2.01549712337733e-09	3.35592864088086e-10	-3.35592980684963e-10
195.746	1.332	-1.248	2.24735481545051e-09	3.35016373885175e-10	-3.35016495652501e-10
198.425	1.479	-1.346	2.15222473147324e-09	3.20835176284711e-10	-3.20835303994688e-10
201.125	1.737	-1.221	2.06549930265437e-09	3.07906772234209e-10	-3.07906900588275e-10
204.171	1.023	-1.308	2.50956906629279e-09	3.74105004834686e-10	-3.74105127675682e-10
206.731	1.702	-1.538	1.81178943464917e-09	2.70085954847145e-10	-2.70086078126893e-10
210.266	1.709	-1.833	1.29059117609247e-09	2.3562887146223e-10	-2.3562887146223e-10
213.680	1.681	-1.705	1.57999704989644e-09	2.92878208817503e-10	-2.92878375766262e-10
217.840	1.734	-2.479	1.34725188186493e-09	2.45973725854451e-10	-2.45973725854451e-10
223.082	3.256	-3.508	7.34609440510217e-10	1.43231184978732e-10	-1.43231201418902e-10
230.045	3.548	-3.707	5.83557560475238e-10	1.21747910715096e-10	-1.21747925461501e-10
235.857	2.397	-2.264	9.25203767715409e-10	1.68918526836458e-10	-1.68918526836458e-10
241.287	4.376	-3.033	4.77688498186179e-10	1.06882890770068e-10	-1.06882903782952e-10
277.974	8.804	-32.311	7.49711435056791e-10	1.36878133832816e-10	-1.36878133832816e-10
287.583	0.810	-0.805	2.739317253627e-09	4.26555286472936e-10	-4.2655538246942e-10
289.252	0.628	-0.859	3.02613576243717e-09	4.61008667412653e-10	-4.61008859533619e-10
290.651	0.855	-0.771	2.81025315554158e-09	4.1892842642373e-10	-4.18928522403534e-10
292.374	0.829	-0.868	2.66813222258192e-09	3.97742260773013e-10	-3.97742355886844e-10
294.213	0.884	-1.009	2.36786025661156e-09	3.60725435314532e-10	-3.60725530975875e-10
295.835	0.735	-0.738	3.32070191338212e-09	5.05883615398033e-10	-5.05883719798819e-10
297.452	0.903	-0.882	2.84452240104317e-09	4.63065567220349e-10	-4.63065681074111e-10
299.687	1.441	-1.332	1.96397399138859e-09	3.05822001193616e-10	-3.05822119363498e-10
301.945	0.887	-0.817	3.21994393263811e-09	5.01396506067791e-10	-5.01396625119103e-10
304.487	1.283	-1.655	1.86674495891277e-09	2.84384341027646e-10	-2.84384341027646e-10
307.085	1.219	-1.315	1.96024429019147e-09	2.92216453340752e-10	-2.92216453340752e-10
309.443	1.477	-1.14	1.7037030236028e-09	2.65293640610428e-10	-2.65293640610428e-10
312.375	1.116	-1.455	1.86747548422251e-09	2.84495573657312e-10	-2.84495573657312e-10
315.113	1.885	-1.622	1.4119245195169e-09	2.10477632714393e-10	-2.10477632714393e-10
318.640	1.418	-1.642	1.55692372370178e-09	2.3209278591983e-10	-2.3209278591983e-10
321.989	2.118	-1.931	1.20183581779379e-09	1.83090505488499e-10	-1.83090609348777e-10
326.284	2.191	-2.177	1.25781289997272e-09	2.00240302007897e-10	-2.00240302007897e-10
330.239	1.524	-1.764	1.92869959023864e-09	3.00329360579744e-10	-3.00329360579744e-10
333.430	1.960	-1.668	1.69535545449191e-09	2.5827442458735e-10	-2.58274555833224e-10
337.355	1.775	-1.965	1.02714000511576e-09	1.93749636760337e-10	-1.93749636760337e-10
341.362	2.580	-2.232	7.71909802741031e-10	1.40930915207114e-10	-1.40930915207114e-10
346.384	1.854	-2.441	7.28573482310676e-10	1.52002690766816e-10	-1.52002690766816e-10
349.720	1.784	-1.483	1.09534441894741e-09	2.13565866243441e-10	-2.13565866243441e-10

## XRT - xrtpcflux
261.242	7.079	-10.472	4.43090338856639e-10	9.26548608650311e-11	-9.26548608650311e-11
274.576	3.774	-6.255	1.17350286461736e-09	2.04891239828513e-10	-2.04891239828513e-10
281.106	2.259	-2.755	2.5213222165947e-09	4.27783851938056e-10	-4.27783851938056e-10
362.977	6.411	-6.125	7.0863689145098e-10	1.58977182505722e-10	-1.58977182505722e-10
377.861	11.586	-8.473	4.50658265552994e-10	1.01435218048775e-10	-1.01435218048775e-10
398.094	6.396	-8.648	6.89466752685191e-10	1.40929312733251e-10	-1.40929312733251e-10
423.291	13.795	-18.801	2.61572543149179e-10	5.74384256240873e-11	-5.74384256240873e-11
457.389	14.799	-20.303	2.39489210551148e-10	5.14424919465754e-11	-5.14424919465754e-11
487.308	12.460	-15.12	3.03326604221147e-10	6.37018997872784e-11	-6.37018997872784e-11
516.365	15.999	-16.596	2.25416685354471e-10	5.04874413524801e-11	-5.04874413524801e-11
558.109	24.400	-25.746	1.53223464715999e-10	3.44879135416955e-11	-3.44879135416955e-11
603.196	19.431	-20.686	1.94694240881399e-10	4.26188098239104e-11	-4.26188098239104e-11
637.100	15.614	-14.473	2.38499050082419e-10	5.3505389879623e-11	-5.3505389879623e-11
700.440	37.523	-47.726	8.17913126701289e-11	1.84097866203182e-11	-1.84097866203182e-11
784.492	38.720	-46.529	8.26775080731322e-11	1.86399933132484e-11	-1.86399933132484e-11
885.798	80.330	-62.587	4.87133046405833e-11	1.11297020021493e-11	-1.11297020021493e-11
1061.647	82.500	-95.519	3.6643681233011e-11	8.35959833075624e-12	-8.35959833075624e-12
1198.594	43.338	-54.447	4.21220597499309e-11	6.95075868094244e-12	-6.95075868094244e-12
4514.765	62.515	-57.837	1.70676560931243e-11	3.83915089731238e-12	-3.83915089731238e-12
4654.559	73.161	-77.279	1.35818297390483e-11	3.06600316089273e-12	-3.06600316089273e-12
4835.585	107.764	-107.866	9.48171967138116e-12	2.14812706944486e-12	-2.14812706944486e-12
4994.413	61.765	-51.064	1.83296038961173e-11	4.12792073093624e-12	-4.12792073093624e-12
5105.176	83.891	-48.997	1.56241994649714e-11	3.53126849586792e-12	-3.53126849586792e-12
5295.291	69.287	-106.225	1.20751017489955e-11	2.74223955935332e-12	-2.74223955935332e-12
5435.232	49.697	-70.654	1.86980618404487e-11	4.12204379037351e-12	-4.12204379037351e-12
5563.863	66.491	-78.934	1.48364715359076e-11	3.36530085217121e-12	-3.36530085217121e-12
5691.895	71.347	-61.541	1.61759464448648e-11	3.66034703263982e-12	-3.66034703263982e-12
5812.645	48.382	-49.404	2.300328658999e-11	5.05962847845098e-12	-5.05962847845098e-12
5926.122	45.226	-65.096	2.05374555698954e-11	4.61963715768425e-12	-4.61963715768425e-12
6061.344	95.546	-89.995	1.28915353983947e-11	2.92063544552201e-12	-2.92063544552201e-12
6247.210	62.626	-90.32	1.60763233443333e-11	3.61186588299551e-12	-3.61186588299551e-12
6378.389	79.378	-68.554	1.65612283761373e-11	3.7430490490221e-12	-3.7430490490221e-12
6514.810	63.308	-57.043	2.02662619934637e-11	4.57496770022778e-12	-4.57496770022778e-12
6681.716	107.016	-103.598	1.14337620609906e-11	2.59036920210902e-12	-2.59036920210902e-12
6879.909	109.393	-91.177	1.38279564166129e-11	2.91329405798027e-12	-2.91329405798027e-12
29042.647	134.642	-223.903	4.91147129023364e-12	1.27561003469461e-12	-1.27561003469461e-12
29507.644	487.024	-330.355	3.10398618739347e-12	6.74708532611084e-13	-6.74708532611084e-13
35998.180	5498.480	-1303.335	1.6396913594332e-12	4.33196094015069e-13	-4.33196094015069e-13
48754.710	4242.594	-4088.013	2.2370794101614e-12	4.31199295656667e-13	-4.31199295656667e-13
58964.569	4458.295	-2694.472	1.75205582831316e-12	3.27250719797618e-13	-3.27250719797618e-13
151538.724	26246.572	-14706.198	7.64946423246548e-13	1.97300337486624e-13	-1.97300337486624e-13
224797.360	39086.538	-35086.474	2.23570918013489e-13	8.36973884891742e-14	-6.83271776723044e-14
