## BAT - batSNR4flux
0.0209999871253967	0.02	-0.02	5.35181146656534e-07	1.01918921602838e-07	-1.01918921602838e-07
0.0610000085830689	0.02	-0.02	9.57983478747492e-07	1.55944760792213e-07	-1.55944760792213e-07
0.100999970436096	0.02	-0.02	3.11533109532063e-07	1.0672234403008e-07	-1.0672234403008e-07
0.140999991893768	0.02	-0.02	3.58649884935543e-07	7.28390243983096e-08	-7.28390243983096e-08
0.18100001335144	0.02	-0.02	2.28107403654666e-07	5.19367503941142e-08	-5.19367503941142e-08
0.220999975204468	0.02	-0.02	1.7468755552756e-07	3.68680364012352e-08	-3.68680364012352e-08
0.26099999666214	0.02	-0.02	1.14039160699382e-07	2.3415192477592e-08	-2.3415192477592e-08
0.320999999046326	0.04	-0.04	3.35976855199398e-08	9.30025342016544e-09	-9.30025342016544e-09
0.381000001430511	0.02	-0.02	5.77560631188152e-08	1.14463643812418e-08	-1.14463643812418e-08
0.461000004609426	0.06	-0.06	3.51664066666571e-08	6.04972712652204e-09	-6.04972712652204e-09
0.54099996805191	0.02	-0.02	4.734329484681e-08	1.00070590354109e-08	-1.00070590354109e-08
0.580999989509583	0.02	-0.02	3.99581024189934e-08	9.35770366210808e-09	-9.35770366210808e-09
0.621000010967255	0.02	-0.02	5.67478160830411e-08	8.95718301892874e-09	-8.95718301892874e-09
0.660999972820282	0.02	-0.02	5.34869028431496e-08	8.59525652975819e-09	-8.59525652975819e-09
0.700999994277954	0.02	-0.02	3.58788994263206e-08	9.04993990811959e-09	-9.04993990811959e-09
0.741000015735626	0.02	-0.02	4.73858927832537e-08	1.14403465727657e-08	-1.14403465727657e-08
0.780999977588654	0.02	-0.02	6.83618455870603e-08	1.44616496827127e-08	-1.44616496827127e-08
0.841000009775162	0.04	-0.04	6.84106909122816e-08	1.50683021254997e-08	-1.50683021254997e-08
0.900999982357025	0.02	-0.02	1.26926447404533e-07	3.10949512079994e-08	-3.10949512079994e-08
0.960999984741211	0.04	-0.04	1.1638354787272e-07	3.21091698913147e-08	-3.21091698913147e-08
1.0209999871254	0.02	-0.02	3.06172926206683e-07	5.77659232101449e-08	-5.77659232101449e-08
1.06100000858307	0.02	-0.02	2.53224502113022e-07	5.91504101433523e-08	-5.91504101433523e-08
1.1009999704361	0.02	-0.02	3.05812847383852e-07	6.75616602889308e-08	-6.75616602889308e-08
1.14099999189377	0.02	-0.02	2.38596855210214e-07	7.32087501391054e-08	-7.32087501391054e-08
1.18100001335144	0.02	-0.02	4.24043194416312e-07	7.85777639938102e-08	-7.85777639938102e-08
1.22099997520447	0.02	-0.02	4.0203996080044e-07	5.9168500341513e-08	-5.9168500341513e-08
1.26099999666214	0.02	-0.02	1.88136457255281e-07	4.56154133142088e-08	-4.56154133142088e-08
1.30100001811981	0.02	-0.02	1.04494008841624e-07	2.97941584308588e-08	-2.97941584308588e-08
1.34099997997284	0.02	-0.02	1.37626280436534e-07	2.38040187267399e-08	-2.38040187267399e-08
1.38100000143051	0.02	-0.02	8.68229928095612e-08	1.70350254326151e-08	-1.70350254326151e-08
1.42100002288818	0.02	-0.02	6.91516741356437e-08	1.4920619362418e-08	-1.4920619362418e-08
1.46099998474121	0.02	-0.02	5.28556816627385e-08	1.19823476899729e-08	-1.19823476899729e-08
1.50100000619888	0.02	-0.02	4.97161740038383e-08	1.04615500891223e-08	-1.04615500891223e-08
1.54099996805191	0.02	-0.02	5.56216003539464e-08	8.67518990173965e-09	-8.67518990173965e-09
1.58099998950958	0.02	-0.02	2.61679672351872e-08	7.21999085909355e-09	-7.21999085909355e-09
1.62100001096725	0.02	-0.02	2.70294234064761e-08	6.28253749375491e-09	-6.28253749375491e-09
1.66099997282028	0.02	-0.02	4.43067589859783e-08	9.82324621416365e-09	-9.82324621416365e-09
1.70099999427795	0.02	-0.02	5.95762851190121e-08	1.53371706906846e-08	-1.53371706906846e-08
1.74100001573563	0.02	-0.02	1.10330379671702e-07	2.47470106283454e-08	-2.47470106283454e-08
1.78099997758865	0.02	-0.02	1.92736061962921e-07	3.79983420032442e-08	-3.79983420032442e-08
1.82099999904633	0.02	-0.02	2.51322280153535e-07	5.67806775571444e-08	-5.67806775571444e-08
1.861000020504	0.02	-0.02	3.29819482856879e-07	9.00688975966418e-08	-9.00688975966418e-08
1.90099998235703	0.02	-0.02	4.491265993936e-07	7.81102966746998e-08	-7.81102966746998e-08
1.9410000038147	0.02	-0.02	3.69780773800922e-07	7.06636542248402e-08	-7.06636542248402e-08
1.98099996566772	0.02	-0.02	1.81942675005178e-07	5.82135519784341e-08	-5.82135519784341e-08
2.0209999871254	0.02	-0.02	1.90449663109483e-07	4.59498775471691e-08	-4.59498775471691e-08
2.06100000858307	0.02	-0.02	2.28687431378649e-07	4.02849435568358e-08	-4.02849435568358e-08
2.1009999704361	0.02	-0.02	2.19129146429638e-07	3.57117440892895e-08	-3.57117440892895e-08
2.14099999189377	0.02	-0.02	1.57444400877066e-07	3.72648864028065e-08	-3.72648864028065e-08
2.18100001335144	0.02	-0.02	1.55806155292604e-07	3.66688654322007e-08	-3.66688654322007e-08
2.22099997520447	0.02	-0.02	1.53647368154175e-07	4.24352208330514e-08	-4.24352208330514e-08
2.26099999666214	0.02	-0.02	1.93801920345891e-07	4.5737114509814e-08	-4.5737114509814e-08
2.30100001811981	0.02	-0.02	2.84989229080359e-07	4.99627947272599e-08	-4.99627947272599e-08
2.34099997997284	0.02	-0.02	1.70186117229191e-07	3.77582478978817e-08	-3.77582478978817e-08
2.38100000143051	0.02	-0.02	1.57351593432384e-07	2.78235100428546e-08	-2.78235100428546e-08
2.42100002288818	0.02	-0.02	9.21907652695134e-08	1.92367757767518e-08	-1.92367757767518e-08
2.46099998474121	0.02	-0.02	7.14276896349717e-08	1.38129546271901e-08	-1.38129546271901e-08
2.50100000619888	0.02	-0.02	4.84051277050418e-08	1.05201951255112e-08	-1.05201951255112e-08
2.56099997878075	0.04	-0.04	2.5810667661023e-08	4.70777117886701e-09	-4.70777117886701e-09
2.62100001096725	0.02	-0.02	4.85334425926584e-08	7.98589166362705e-09	-7.98589166362705e-09
2.66099997282028	0.02	-0.02	3.40816632887628e-08	1.22632945492778e-08	-1.22632945492778e-08
2.70099999427795	0.02	-0.02	8.45528661320931e-08	1.81864004742684e-08	-1.81864004742684e-08
2.74100001573563	0.02	-0.02	9.73781618270907e-08	2.77594048129128e-08	-2.77594048129128e-08
2.78099997758865	0.02	-0.02	1.74492926885888e-07	4.16193615460805e-08	-4.16193615460805e-08
2.82099999904633	0.02	-0.02	3.21624049334661e-07	6.46468991027673e-08	-6.46468991027673e-08
2.861000020504	0.02	-0.02	5.04473554146844e-07	9.49150902619103e-08	-9.49150902619103e-08
2.90099998235703	0.02	-0.02	5.86258092648249e-07	1.01017821590163e-07	-1.01017821590163e-07
2.9410000038147	0.02	-0.02	3.58456139007122e-07	7.22709418828623e-08	-7.22709418828623e-08
2.98099996566772	0.02	-0.02	2.79490032946891e-07	5.61449174017487e-08	-5.61449174017487e-08
3.0209999871254	0.02	-0.02	1.37298765639291e-07	4.37481611200801e-08	-4.37481611200801e-08
3.06100000858307	0.02	-0.02	1.17860173181599e-07	2.86138416929021e-08	-2.86138416929021e-08
3.1009999704361	0.02	-0.02	9.91756230801625e-08	2.12499686974759e-08	-2.12499686974759e-08
3.14099999189377	0.02	-0.02	7.63453930084881e-08	1.65979685657912e-08	-1.65979685657912e-08
3.18100001335144	0.02	-0.02	5.19327153920344e-08	1.08870974586402e-08	-1.08870974586402e-08
3.22099997520447	0.02	-0.02	3.97943410445407e-08	8.25462339838177e-09	-8.25462339838177e-09
3.26099999666214	0.02	-0.02	6.73853435600978e-08	1.13138286564347e-08	-1.13138286564347e-08
3.30100001811981	0.02	-0.02	6.44106072242082e-08	1.43212866615855e-08	-1.43212866615855e-08
3.34099997997284	0.02	-0.02	1.11985496620909e-07	2.08941725156317e-08	-2.08941725156317e-08
3.38100000143051	0.02	-0.02	1.47162289197832e-07	2.72518156718398e-08	-2.72518156718398e-08
3.42100002288818	0.02	-0.02	1.6358770369455e-07	3.76320703934919e-08	-3.76320703934919e-08
3.46099998474121	0.02	-0.02	1.78419424620024e-07	5.25906267159008e-08	-5.25906267159008e-08
3.50100000619888	0.02	-0.02	3.23734958823223e-07	7.02044156792007e-08	-7.02044156792007e-08
3.54099996805191	0.02	-0.02	5.14715015863654e-07	9.29850804325074e-08	-9.29850804325074e-08
3.58099998950958	0.02	-0.02	5.84338338050359e-07	1.29542710177744e-07	-1.29542710177744e-07
3.62100001096725	0.02	-0.02	3.72811811629418e-07	1.02589485816928e-07	-1.02589485816928e-07
3.66099997282028	0.02	-0.02	4.13054362996696e-07	7.74734033224044e-08	-7.74734033224044e-08
3.70099999427795	0.02	-0.02	2.72679743068661e-07	5.82204027809039e-08	-5.82204027809039e-08
3.74100001573563	0.02	-0.02	2.02488734611059e-07	4.69686997639626e-08	-4.69686997639626e-08
3.78099997758865	0.02	-0.02	1.03052253132298e-07	3.1907568705444e-08	-3.1907568705444e-08
3.82099999904633	0.02	-0.02	1.24300771366761e-07	2.63559859094403e-08	-2.63559859094403e-08
3.861000020504	0.02	-0.02	4.29973265791614e-08	1.86594857987096e-08	-1.86594857987096e-08
3.90099998235703	0.02	-0.02	8.9521679634024e-08	1.93774330518437e-08	-1.93774330518437e-08
3.9410000038147	0.02	-0.02	1.06859755391379e-07	1.82928016672099e-08	-1.82928016672099e-08
3.98099996566772	0.02	-0.02	1.01519442561525e-07	2.08014205902272e-08	-2.08014205902272e-08
4.0209999871254	0.02	-0.02	9.65154386574215e-08	2.26960547243413e-08	-2.26960547243413e-08
4.06100000858307	0.02	-0.02	8.37085339343013e-08	2.39240972152754e-08	-2.39240972152754e-08
4.1009999704361	0.02	-0.02	1.04778314907072e-07	2.61927202192629e-08	-2.61927202192629e-08
4.1610000026226	0.04	-0.04	9.43463001569354e-08	1.97919975301558e-08	-1.97919975301558e-08
4.2409999859333	0.04	-0.04	1.03032583009795e-07	2.2245563169641e-08	-2.2245563169641e-08
4.32099999904633	0.04	-0.04	1.13552782384341e-07	2.57670089665755e-08	-2.57670089665755e-08
4.40100001215935	0.04	-0.04	1.39854100207931e-07	3.11813290019786e-08	-3.11813290019786e-08
4.50099998633067	0.06	-0.06	1.67162841435116e-07	3.32590744189837e-08	-3.32590744189837e-08
4.58099998950958	0.02	-0.02	3.32012014591519e-07	7.11954319833837e-08	-7.11954319833837e-08
4.64099999189377	0.04	-0.04	2.94541675370635e-07	6.29611612901587e-08	-6.29611612901587e-08
4.70099999427795	0.02	-0.02	4.84814779296926e-07	1.05119128794339e-07	-1.05119128794339e-07
4.74100001573563	0.02	-0.02	4.59364501177647e-07	1.22449194288419e-07	-1.22449194288419e-07
4.78099997758865	0.02	-0.02	6.16657642317206e-07	1.34578011926871e-07	-1.34578011926871e-07
4.86100000063578	0.06	-0.06	3.86514019370624e-07	7.72445914499894e-08	-7.72445914499894e-08
4.9410000038147	0.02	-0.02	5.00268684567002e-07	1.14395037233325e-07	-1.14395037233325e-07
5.00099997639656	0.04	-0.04	3.73700254382987e-07	8.50741191625442e-08	-8.50741191625442e-08
5.08099998950958	0.04	-0.04	3.3875875349924e-07	7.79323998598495e-08	-7.79323998598495e-08
5.1610000026226	0.04	-0.04	2.8782060372885e-07	6.37564125753728e-08	-6.37564125753728e-08
5.2409999859333	0.04	-0.04	1.66596576963818e-07	4.82789234019765e-08	-4.82789234019765e-08
5.30100001811981	0.02	-0.02	2.75018152078542e-07	5.62667838420409e-08	-5.62667838420409e-08
5.38100000143051	0.06	-0.06	1.07395849765993e-07	2.48709384196989e-08	-2.48709384196989e-08
5.46099998474121	0.02	-0.02	1.27985947881082e-07	3.03612607356036e-08	-3.03612607356036e-08
5.50100000619888	0.02	-0.02	6.78122632125291e-08	3.22697836895238e-08	-3.22697836895238e-08
5.54099996805191	0.02	-0.02	1.15969191667423e-07	2.71979323139575e-08	-2.71979323139575e-08
5.60100000023842	0.04	-0.04	7.95742366973759e-08	1.5541631054889e-08	-1.5541631054889e-08
5.66099997282028	0.02	-0.02	8.74214154760831e-08	1.95344438454847e-08	-1.95344438454847e-08
5.70099999427795	0.02	-0.02	6.84611440657144e-08	1.69262645852814e-08	-1.69262645852814e-08
5.74100001573563	0.02	-0.02	6.24052136511444e-08	1.49587568741729e-08	-1.49587568741729e-08
5.80099998831749	0.04	-0.04	3.99066883967353e-08	8.94331522270312e-09	-8.94331522270312e-09
5.90100000222524	0.06	-0.06	2.05392646272431e-08	5.42024697099826e-09	-5.42024697099826e-09
6.0209999871254	0.06	-0.06	2.95224708898436e-08	6.33948628340156e-09	-6.33948628340156e-09
6.12099998116493	0.04	-0.04	6.12422647373736e-08	1.15953238431531e-08	-1.15953238431531e-08
6.22099999507268	0.06	-0.06	4.68512804936598e-08	1.4163933329543e-08	-1.4163933329543e-08
6.34099999984105	0.06	-0.06	1.07861197839852e-07	2.44580129813578e-08	-2.44580129813578e-08
6.4410000038147	0.04	-0.04	2.26077022624712e-07	4.7975694807615e-08	-4.7975694807615e-08
6.50100000619888	0.02	-0.02	3.67153949121693e-07	8.09222269481381e-08	-8.09222269481381e-08
6.58099998950958	0.06	-0.06	2.87377027181964e-07	6.74521251701665e-08	-6.74521251701665e-08
6.70099999427795	0.06	-0.06	3.37582910500329e-07	6.8423244858254e-08	-6.8423244858254e-08
6.80099998831749	0.04	-0.04	4.30032159794779e-07	8.31121526347762e-08	-8.31121526347762e-08
6.88100000143051	0.04	-0.04	2.97863574664731e-07	8.35333372022515e-08	-8.35333372022515e-08
6.96099998474121	0.04	-0.04	3.46385266755774e-07	8.2979208593726e-08	-8.2979208593726e-08
7.06099998871485	0.06	-0.06	4.65247816780035e-07	8.47349771938713e-08	-8.47349771938713e-08
7.14099999189377	0.02	-0.02	9.47161389711492e-07	2.01540126724221e-07	-2.01540126724221e-07
7.24100000083446	0.08	-0.08	6.74581997709775e-07	1.35664618337724e-07	-1.35664618337724e-07
7.38100000143051	0.06	-0.06	1.45159663545802e-06	2.54550861009358e-07	-2.54550861009358e-07
7.46099998474121	0.02	-0.02	2.45149735654149e-06	5.52670769025071e-07	-5.52670769025071e-07
7.60100000023842	0.04	-0.04	1.84195978847375e-06	4.39506149505078e-07	-4.39506149505078e-07
7.68099998354912	0.04	-0.04	1.70513980070233e-06	3.27231801197336e-07	-3.27231801197336e-07
7.84099999984105	0.12	-0.12	4.2641248761574e-07	1.11469324838543e-07	-1.11469324838543e-07
7.98099996566772	0.02	-0.02	6.97067821429516e-07	1.60556163183178e-07	-1.60556163183178e-07
8.08099998950958	0.08	-0.08	1.79616008336982e-07	5.96453453786853e-08	-5.96453453786853e-08
8.24100000083446	0.08	-0.08	1.54295849543881e-07	3.36658815228009e-08	-3.36658815228009e-08
8.40099999725819	0.08	-0.08	8.79699579471892e-08	2.41502550198761e-08	-2.41502550198761e-08
8.54099998792013	0.06	-0.06	1.28966832320082e-07	2.88294162178443e-08	-2.88294162178443e-08
8.68099999845028	0.08	-0.08	1.12617079656872e-07	2.6272552376287e-08	-2.6272552376287e-08
8.92099999308586	0.16	-0.16	8.72856483700055e-08	2.06245783664558e-08	-2.06245783664558e-08
9.24099999338388	0.16	-0.16	7.56490735728472e-08	2.22570277701463e-08	-2.22570277701463e-08
9.48099999547005	0.08	-0.08	1.45654338635146e-07	3.51177693807179e-08	-3.51177693807179e-08
9.64099999189377	0.08	-0.08	1.26909407443236e-07	3.77529598224006e-08	-3.77529598224006e-08
9.80100000321865	0.08	-0.08	1.51583801336316e-07	3.52009937725735e-08	-3.52009937725735e-08
10.0009999863307	0.12	-0.12	1.13202166782238e-07	2.72241693085391e-08	-2.72241693085391e-08
10.3809999968455	0.26	-0.26	5.74536491725653e-08	1.65139624470989e-08	-1.65139624470989e-08
10.700999994278	0.06	-0.06	1.33572773873639e-07	3.15339712596895e-08	-3.15339712596895e-08
10.9209999930859	0.16	-0.16	4.22157376597225e-08	1.83571748617494e-08	-1.83571748617494e-08
11.1609999877214	0.08	-0.08	1.06971740835119e-07	2.48763270537369e-08	-2.48763270537369e-08
11.8409999958674	0.6	-0.6	3.9271872197321e-08	7.39385139779847e-09	-7.39385139779847e-09
12.5409999918938	0.1	-0.1	7.59197444493455e-08	1.75228561394523e-08	-1.75228561394523e-08
12.7409999918938	0.1	-0.1	7.00714807320386e-08	1.79244702175976e-08	-1.79244702175976e-08
12.9209999930859	0.08	-0.08	8.29292012025018e-08	1.95815290820363e-08	-1.95815290820363e-08
14.0809999939247	1.08	-1.08	2.86860215565921e-08	6.08036001632377e-09	-6.08036001632377e-09
15.3409999998411	0.18	-0.18	6.81029468595289e-08	1.63211941461406e-08	-1.63211941461406e-08
16.3809999931136	0.86	-0.86	3.88024431322893e-08	8.00773775229333e-09	-8.00773775229333e-09
19.8209999944258	2.58	-2.58	2.68701656560983e-08	5.96338218259089e-09	-5.96338218259089e-09
24.9809999943149	2.58	-2.58	6.13733428438747e-08	1.46623409727153e-08	-1.46623409727153e-08
28.5609999942779	1	-1	2.10322095134865e-07	4.81139146752527e-08	-4.81139146752527e-08
29.6809999934832	0.12	-0.12	7.52257319143661e-07	1.79234648089638e-07	-1.79234648089638e-07
29.8810000014305	0.08	-0.08	9.1806306457507e-07	2.21206879461744e-07	-2.21206879461744e-07
30.3609999936819	0.4	-0.4	4.70410960503404e-07	1.09943229935712e-07	-1.09943229935712e-07
31.6009999945618	0.84	-0.84	4.33097117622962e-07	8.68822920952061e-08	-8.68822920952061e-08
33.2809999931994	0.84	-0.84	1.71190763448385e-07	6.82922130519052e-08	-6.82922130519052e-08
34.2809999999404	0.16	-0.16	6.05404583152785e-07	1.41638140852028e-07	-1.41638140852028e-07
35.5009999938281	1.06	-1.06	2.03818231334876e-07	4.6480528148168e-08	-4.6480528148168e-08
37.620999994098	1.06	-1.06	9.98458158428132e-08	3.56204361215217e-08	-3.56204361215217e-08
39.7809999949282	1.1	-1.1	1.21604795523702e-07	2.68513107571385e-08	-2.68513107571385e-08
40.9209999930859	0.04	-0.04	5.21338181885353e-07	1.27318502125983e-07	-1.27318502125983e-07

## XRT - xrtwtflux
87.594	0.384	-0.445	2.74688822279234e-09	4.17871928582014e-10	-4.18242678030595e-10
88.273	0.265	-0.296	4.0635780199305e-09	6.06668634358343e-10	-6.07260889636423e-10
88.798	0.362	-0.26	3.61704195998331e-09	5.39952487437584e-10	-5.40448220286233e-10
89.594	0.330	-0.433	2.90228101816794e-09	4.33258423608521e-10	-4.33659609124172e-10
90.427	0.372	-0.503	2.4626139305085e-09	3.74649538763705e-10	-3.74996417885236e-10
91.128	0.272	-0.329	3.70090915739991e-09	5.52573135019691e-10	-5.5314320094634e-10
91.758	0.368	-0.358	3.11569672077694e-09	4.65241944764861e-10	-4.65750979921493e-10
92.446	0.408	-0.32	3.11690818532606e-09	4.74412184404408e-10	-4.74997761547125e-10
93.291	0.430	-0.437	2.60823864675548e-09	3.9697693106159e-10	-3.9745774061102e-10
94.086	0.430	-0.365	2.86950111839294e-09	4.28712933526944e-10	-4.29346255785506e-10
95.118	0.490	-0.602	2.09070556633306e-09	3.12446022550593e-10	-3.12975979895867e-10
96.366	0.719	-0.758	1.52455008953188e-09	2.41262587043037e-10	-2.41674429054475e-10
97.689	0.521	-0.604	2.19228077719335e-09	3.34177176918045e-10	-3.35016799770154e-10
98.800	0.555	-0.59	2.22335008610736e-09	3.32681842669906e-10	-3.33630355303858e-10
99.943	0.636	-0.588	1.97368674525571e-09	3.01101177786703e-10	-3.02122333829956e-10
101.296	0.519	-0.717	1.86751866862453e-09	2.85255262251561e-10	-2.86655088210669e-10
102.358	0.550	-0.542	2.07786463239005e-09	3.23670065980826e-10	-3.25506519381225e-10
103.530	0.730	-0.622	1.68181169368921e-09	2.62133592024172e-10	-2.63834707198891e-10
104.963	0.767	-0.703	1.59643154194665e-09	2.39838890356059e-10	-2.41755302029819e-10
106.635	0.733	-0.906	1.42753652212951e-09	2.18821646845953e-10	-2.20950131352099e-10
108.230	0.955	-0.862	1.31766839439716e-09	2.02293147369629e-10	-2.04681079191093e-10
109.942	0.680	-0.757	1.70899053210783e-09	2.62372368328862e-10	-2.6547493693929e-10
111.394	0.680	-0.772	1.7109181655339e-09	2.63380242807525e-10	-2.67378817849949e-10
112.780	1.032	-0.706	1.42006948781923e-09	2.22813355860099e-10	-2.26194732928038e-10
114.890	0.973	-1.078	1.21496165018791e-09	1.90989160083075e-10	-1.94274907325523e-10
117.292	1.005	-1.429	1.05993060058124e-09	1.61310646346011e-10	-1.64942855170492e-10
118.981	0.708	-0.683	1.87366852077091e-09	2.91291342593275e-10	-2.98235614456459e-10
120.827	1.190	-1.139	1.15531237125374e-09	1.80472002831418e-10	-1.85243399686534e-10
123.336	1.135	-1.318	1.09005624508411e-09	1.74030062743618e-10	-1.7871867740923e-10
125.441	0.902	-0.97	1.41457929213019e-09	2.26482203707303e-10	-2.32796269966921e-10
127.529	1.379	-1.187	1.04496236450284e-09	1.61786888590732e-10	-1.66715648918879e-10
130.313	1.361	-1.405	9.73627415464859e-10	1.52026664977856e-10	-1.57040099930119e-10
133.118	1.138	-1.443	1.03472457347891e-09	1.64725918464975e-10	-1.70081054194643e-10
135.413	1.280	-1.157	1.12955238999318e-09	1.76537224695294e-10	-1.82405670386917e-10
138.428	1.200	-1.734	9.69788295998896e-10	1.54724676276935e-10	-1.59870766560997e-10
141.134	1.532	-1.507	9.41995211361611e-10	1.51488024373736e-10	-1.5703809035067e-10
144.417	1.562	-1.751	8.35222955365426e-10	1.31481091241845e-10	-1.36196694473163e-10
147.565	1.762	-1.586	7.8761574480269e-10	1.26647116808128e-10	-1.31293509552743e-10
150.879	1.551	-1.552	9.54520110092452e-10	1.50892371845612e-10	-1.56585368706276e-10
154.166	2.039	-1.737	8.66496760100742e-10	1.37063588004333e-10	-1.42279201079898e-10
158.072	1.449	-1.867	9.47287019063845e-10	1.49642220084134e-10	-1.55245781690966e-10
161.281	1.512	-1.76	8.73145112415593e-10	1.3688430335086e-10	-1.41596223611614e-10
164.463	1.609	-1.67	8.30597983571566e-10	1.31822265015084e-10	-1.35970936107695e-10
167.697	1.426	-1.625	9.91610934016404e-10	1.60346719792433e-10	-1.65283474043619e-10
171.056	2.047	-1.933	8.70961019033212e-10	1.38395723375009e-10	-1.4281073314891e-10
174.943	2.149	-1.84	7.79244415186885e-10	1.25972584592964e-10	-1.29839760694811e-10
178.509	1.207	-1.417	1.07712029023613e-09	1.67775443533035e-10	-1.73171049876421e-10
181.446	2.077	-1.73	6.84054060435462e-10	1.09827921550462e-10	-1.12979385877821e-10
185.082	1.452	-1.558	8.96846739556075e-10	1.41432537538893e-10	-1.45627162024995e-10
188.224	1.717	-1.69	7.99694060050574e-10	1.28183598357559e-10	-1.31801373628482e-10
192.057	2.555	-2.117	6.14506158953801e-10	9.48938533101212e-11	-9.77115543054777e-11
196.226	0.984	-1.614	1.11140175435291e-09	1.74477739216397e-10	-1.79409984368701e-10
198.772	1.564	-1.562	9.02981268790248e-10	1.4720511373254e-10	-1.51165357202406e-10
202.502	1.857	-2.166	7.34569488778939e-10	1.1331428314421e-10	-1.1664327958742e-10
206.184	1.789	-1.825	7.9261623117198e-10	1.2648133748765e-10	-1.29868957122698e-10
209.949	2.061	-1.976	7.23040639801699e-10	1.11139785475398e-10	-1.1426053530648e-10
213.991	1.945	-1.982	7.42867319561408e-10	1.13988736695347e-10	-1.17106184995588e-10
217.948	1.804	-2.012	8.16401198307678e-10	1.25122022826522e-10	-1.28475207459899e-10
222.023	2.248	-2.271	7.16609959212742e-10	1.11781687435012e-10	-1.1466484513854e-10
226.427	2.005	-2.156	7.27434934122436e-10	1.1110092211891e-10	-1.1387073236918e-10
229.996	1.326	-1.563	1.00076095833136e-09	1.53407171960226e-10	-1.57536856832365e-10
233.422	2.627	-2.101	6.00490659344352e-10	9.23073888738518e-11	-9.49023775047094e-11
238.169	1.861	-2.121	6.97503249743891e-10	1.09083224741457e-10	-1.12019976120047e-10
242.043	2.143	-2.013	4.70165550148206e-10	8.99289179635903e-11	-9.15075635125252e-11
246.365	2.385	-2.179	6.60351173911216e-10	1.04733500301449e-10	-1.0725485468533e-10
250.877	2.812	-2.127	5.70384307766512e-10	8.91036980367908e-11	-9.14602844185753e-11
256.057	2.363	-2.368	5.69340263284758e-10	8.70531753254931e-11	-8.928301996766e-11
260.841	2.386	-2.422	5.59405117586147e-10	9.06520078475854e-11	-9.28902128349903e-11
265.612	2.967	-2.386	4.90979867017209e-10	7.93169982615028e-11	-8.12605838259597e-11
270.441	2.135	-1.861	4.38084937827523e-10	8.61406944254075e-11	-8.75624091802187e-11
274.759	2.086	-2.184	4.03700449602837e-10	7.72792323377351e-11	-7.86639811717092e-11
279.082	1.683	-2.236	4.41364051970052e-10	8.95056341350265e-11	-9.10004519987224e-11
282.533	2.265	-1.768	4.64715737340031e-10	9.23607307107165e-11	-9.38999836536351e-11
286.699	2.448	-1.9	4.91555120713914e-10	8.95909539794185e-11	-9.13272781478284e-11
291.775	2.847	-2.629	3.36504552681994e-10	6.62258367825627e-11	-6.73459255314136e-11
296.640	2.039	-2.017	5.0445503412175e-10	9.0884423901189e-11	-9.26128329250558e-11
301.329	3.261	-2.65	3.11138801490343e-10	6.13152316851236e-11	-6.23848369285623e-11
306.913	2.560	-2.324	3.8719816478773e-10	7.19784158081042e-11	-7.32739770593975e-11
311.579	1.762	-2.106	4.69462642599389e-10	8.73092197297624e-11	-8.88995426776323e-11
315.817	1.665	-2.477	4.20812452682753e-10	7.8420211882913e-11	-7.99206289166754e-11
320.182	3.231	-2.699	2.78595220258278e-10	5.47927199673817e-11	-5.57011974072891e-11
325.026	2.696	-1.613	4.20558002648848e-10	7.81915166575757e-11	-7.96021275218265e-11
331.385	3.482	-3.663	2.85435705904e-10	5.30278039986073e-11	-5.39629408868262e-11
336.832	2.192	-1.966	5.07113497910016e-10	9.69111738220977e-11	-9.85685828053317e-11
341.371	2.311	-2.347	4.58755640003927e-10	8.79635923171382e-11	-8.95984325413071e-11
345.759	2.309	-2.077	4.88745672765563e-10	9.11643266348465e-11	-9.29379876781325e-11
350.484	2.460	-2.417	3.88147124499933e-10	7.87142659141291e-11	-8.00277802771178e-11
354.919	1.889	-1.975	4.91795056668479e-10	9.16020479439851e-11	-9.33302015215309e-11
358.848	2.860	-2.04	4.9133323196012e-10	8.35759070404322e-11	-8.54990692920856e-11
364.116	3.282	-2.407	3.47443684432874e-10	6.46361590673322e-11	-6.58211230612077e-11
369.698	2.212	-2.3	4.25145798175479e-10	7.89401983483448e-11	-8.03070754011509e-11
374.995	2.315	-3.085	3.28078021923325e-10	6.1068269405237e-11	-6.22044168706419e-11
379.575	2.738	-2.265	3.23760723722113e-10	6.19359202204175e-11	-6.30276237835078e-11
384.325	2.826	-2.013	3.96384965648203e-10	7.15358451311059e-11	-7.31052440535272e-11
389.708	2.647	-2.557	3.6083787550606e-10	6.71707853320434e-11	-6.84222818815073e-11
395.233	1.939	-2.877	4.01887414099168e-10	7.68784233875846e-11	-7.82335816570574e-11
399.128	1.954	-1.956	4.85511565183521e-10	9.03443905268874e-11	-9.20167216422964e-11
403.508	2.392	-2.426	3.76795931925714e-10	6.99734467709456e-11	-7.11933570933905e-11
408.732	2.306	-2.832	3.47367139602146e-10	6.82610600891115e-11	-6.93664743467368e-11
413.929	3.320	-2.891	2.8806670398466e-10	5.83718176146399e-11	-5.93295342924564e-11
420.076	2.224	-2.827	3.88588645548647e-10	7.2443788906514e-11	-7.3843650316421e-11
426.199	2.733	-3.9	2.79232155300535e-10	5.49918706513273e-11	-5.59395837918313e-11

## XRT - xrtpcflux
452.161	18.534	-16.569	2.29328444896276e-10	5.17265587825211e-11	-5.17265587825211e-11
490.948	14.848	-20.254	2.57739805909283e-10	5.6710322845658e-11	-5.6710322845658e-11
525.935	14.964	-20.138	2.70442296276326e-10	5.97034409389474e-11	-5.97034409389474e-11
555.219	18.276	-14.32	2.90420787361598e-10	6.51653864897598e-11	-6.51653864897598e-11
589.706	16.383	-16.212	2.84152068843854e-10	6.25218114220552e-11	-6.25218114220552e-11
633.256	17.965	-27.167	1.90363938407403e-10	4.18856540714663e-11	-4.18856540714663e-11
663.076	15.726	-11.855	2.92675543901586e-10	6.58999911785249e-11	-6.58999911785249e-11
710.822	30.663	-32.02	1.33034114080028e-10	3.00067197117264e-11	-3.00067197117264e-11
763.942	27.689	-22.458	1.81440166342795e-10	3.99221616368098e-11	-3.99221616368098e-11
819.333	32.473	-27.702	1.48489772149497e-10	3.3551354729951e-11	-3.3551354729951e-11
871.384	15.525	-19.577	2.77322914577851e-10	6.09180328115238e-11	-6.09180328115238e-11
909.001	18.025	-22.092	2.28911818856414e-10	5.16325907625018e-11	-5.16325907625018e-11
968.774	35.979	-41.748	1.12976931067509e-10	2.53941251997401e-11	-2.53941251997401e-11
1047.127	27.830	-42.375	1.19808479946252e-10	2.69296739404675e-11	-2.69296739404675e-11
1120.012	32.672	-45.054	1.05645601436372e-10	2.39124533894269e-11	-2.39124533894269e-11
1175.977	19.332	-23.292	2.02103281372868e-10	4.4175298866057e-11	-4.4175298866057e-11
1226.909	28.576	-31.6	1.34120837740756e-10	3.01467000907071e-11	-3.01467000907071e-11
1292.712	45.515	-37.227	9.69145640686136e-11	2.18597173016544e-11	-2.18597173016544e-11
1373.158	30.258	-34.932	1.22417141211143e-10	2.76119903832113e-11	-2.76119903832113e-11
1454.835	71.432	-51.419	1.04248234806661e-10	1.86096323326716e-11	-1.86096323326716e-11
4909.339	23.967	-26.18	2.6036731676908e-11	5.8379060925467e-12	-5.8379060925467e-12
4968.758	22.216	-35.453	2.28326669972384e-11	5.11949629279972e-12	-5.11949629279972e-12
5031.275	37.425	-40.301	1.65179770331206e-11	3.69353238120526e-12	-3.69353238120526e-12
5097.136	24.218	-28.435	2.36872533750328e-11	5.31110877770813e-12	-5.31110877770813e-12
5168.441	35.654	-47.087	1.50338768644168e-11	3.38474395758417e-12	-3.38474395758417e-12
5241.015	35.793	-36.919	1.70509679158311e-11	3.7256623562125e-12	-3.7256623562125e-12
5307.742	31.748	-30.934	1.81467164019834e-11	4.07997316993877e-12	-4.07997316993877e-12
5379.063	35.646	-39.573	1.54184448013724e-11	3.47132599519661e-12	-3.47132599519661e-12
5461.025	41.441	-46.315	1.32754963287165e-11	2.98476385421359e-12	-2.98476385421359e-12
5540.092	32.578	-37.627	1.78109011049186e-11	3.89677464572335e-12	-3.89677464572335e-12
5608.651	29.210	-35.98	2.0780358130495e-11	4.44139366663519e-12	-4.44139366663519e-12
5669.811	23.211	-31.95	2.31061376158164e-11	5.18790062814264e-12	-5.18790062814264e-12
5726.728	26.469	-33.707	2.31707676113005e-11	4.95229866999042e-12	-4.95229866999042e-12
5780.377	27.981	-27.18	2.20478314690177e-11	4.94352364071515e-12	-4.94352364071515e-12
5843.687	32.368	-35.329	1.70034677190263e-11	3.83344004472255e-12	-3.83344004472255e-12
5900.737	22.958	-24.681	2.96962391627471e-11	6.65809386509752e-12	-6.65809386509752e-12
5984.630	49.387	-60.935	1.98619373581987e-11	4.47719762806196e-12	-4.47719762806196e-12
6086.502	52.822	-52.486	2.16452036764767e-11	4.75975255238766e-12	-4.75975255238766e-12
6177.510	39.540	-38.186	1.52048410851896e-11	3.4185432738669e-12	-3.4185432738669e-12
6251.606	45.679	-34.555	1.50210539280492e-11	3.36339404241455e-12	-3.36339404241455e-12
6343.615	46.441	-46.33	1.41896743161998e-11	3.11666971437885e-12	-3.11666971437885e-12
6429.755	35.520	-39.7	1.89718073456888e-11	3.9700115592915e-12	-3.9700115592915e-12
6489.826	33.117	-24.551	2.11832273138265e-11	4.74317942360497e-12	-4.74317942360497e-12
6553.254	32.372	-30.311	1.91045184430085e-11	4.28357800710012e-12	-4.28357800710012e-12
6628.962	41.913	-43.336	1.36754269496424e-11	3.0746809848773e-12	-3.0746809848773e-12
6697.811	25.718	-26.936	2.16849165022939e-11	4.86214825952971e-12	-4.86214825952971e-12
6746.316	39.895	-22.788	1.7947847093096e-11	4.02973879888607e-12	-4.02973879888607e-12
6817.659	31.236	-31.447	1.83140504506395e-11	4.11196081424098e-12	-4.11196081424098e-12
6885.469	36.138	-36.574	1.60820424250184e-11	3.60096269630125e-12	-3.60096269630125e-12
6957.815	31.490	-36.208	1.765499490568e-11	3.94777693338641e-12	-3.94777693338641e-12
7026.876	50.184	-37.572	1.36665202917105e-11	3.08536286923823e-12	-3.08536286923823e-12
7117.918	34.363	-40.857	1.71963291298285e-11	3.76231419557001e-12	-3.76231419557001e-12
7194.842	45.195	-42.562	1.42451515254748e-11	3.18966040545173e-12	-3.18966040545173e-12
7296.207	41.607	-56.17	1.65607142074321e-11	3.27529419916484e-12	-3.27529419916484e-12
10671.654	34.114	-58.656	1.25319682938421e-11	2.74311643424606e-12	-2.74311643424606e-12
10749.741	36.261	-43.973	1.3492831113176e-11	3.02683955830162e-12	-3.02683955830162e-12
10830.354	48.419	-44.351	1.13980434327844e-11	2.55279220756349e-12	-2.55279220756349e-12
10932.127	54.460	-53.354	9.52666944534527e-12	2.1405722774891e-12	-2.1405722774891e-12
11038.838	35.505	-52.251	1.21402584922535e-11	2.72782501979412e-12	-2.72782501979412e-12
11114.310	50.297	-39.966	1.21470868032189e-11	2.72494953746245e-12	-2.72494953746245e-12
11190.795	33.987	-26.188	1.81592880734939e-11	4.08025689048473e-12	-4.08025689048473e-12
11270.748	61.849	-45.966	9.75132384286275e-12	2.18750894211643e-12	-2.18750894211643e-12
11376.701	36.130	-44.104	1.24516452098434e-11	2.80232661692894e-12	-2.80232661692894e-12
11455.937	34.621	-43.106	1.27522178252182e-11	2.85608297961488e-12	-2.85608297961488e-12
11543.552	44.791	-52.994	9.90692282410185e-12	2.23324008507174e-12	-2.23324008507174e-12
11654.035	42.123	-65.692	9.30974110583495e-12	2.04409428075046e-12	-2.04409428075046e-12
11751.775	64.734	-55.617	8.5380042658102e-12	1.92778539863886e-12	-1.92778539863886e-12
11858.095	36.141	-41.586	1.52345941496168e-11	3.33469254423978e-12	-3.33469254423978e-12
11938.582	43.409	-44.347	1.31785759365689e-11	2.95157325411519e-12	-2.95157325411519e-12
12041.491	58.345	-59.499	9.07915913975907e-12	2.0433260049837e-12	-2.0433260049837e-12
12147.192	40.400	-47.356	1.14007630398835e-11	2.55340110943935e-12	-2.55340110943935e-12
12238.575	44.295	-50.983	1.03760051769062e-11	2.3314109760554e-12	-2.3314109760554e-12
12315.449	35.119	-32.578	1.48827984526215e-11	3.33865082729898e-12	-3.33865082729898e-12
12397.918	42.913	-47.351	1.11557780077518e-11	2.50661982805183e-12	-2.50661982805183e-12
12523.357	77.943	-82.526	6.44164500908232e-12	1.4544510157282e-12	-1.4544510157282e-12
12646.528	45.036	-45.228	1.17848464222635e-11	2.64796708957019e-12	-2.64796708957019e-12
12724.146	37.623	-32.582	1.51975112972101e-11	3.41476721490462e-12	-3.41476721490462e-12
12849.336	62.871	-87.568	7.10711285061553e-12	1.6047056846337e-12	-1.6047056846337e-12
12947.048	40.378	-34.841	1.43843427172819e-11	3.22162684168682e-12	-3.22162684168682e-12
13045.172	67.603	-57.745	8.5496019489298e-12	1.9241456452525e-12	-1.9241456452525e-12
16463.723	81.323	-96.696	6.02621005808229e-12	1.36419554268545e-12	-1.36419554268545e-12
16634.392	53.571	-89.346	7.62144401174825e-12	1.71352746807911e-12	-1.71352746807911e-12
16752.477	60.851	-64.514	9.18407189908143e-12	2.05922138872415e-12	-2.05922138872415e-12
16890.778	55.438	-77.449	9.14433680012539e-12	2.04473546567615e-12	-2.04473546567615e-12
17058.041	101.297	-111.825	5.78537784619742e-12	1.30967629930575e-12	-1.30967629930575e-12
17239.538	67.731	-80.2	8.3327279242952e-12	1.87344445216536e-12	-1.87344445216536e-12
17398.573	84.209	-91.303	6.88839520534846e-12	1.55296223742148e-12	-1.55296223742148e-12
17584.993	115.925	-102.212	5.29190933816735e-12	1.19303991505651e-12	-1.19303991505651e-12
17800.478	85.982	-99.56	5.94824012885574e-12	1.33187842717087e-12	-1.33187842717087e-12
17998.635	95.933	-112.175	5.37459618006155e-12	1.18978051925799e-12	-1.18978051925799e-12
18163.234	66.729	-68.667	8.42285752185923e-12	1.84279170036875e-12	-1.84279170036875e-12
18345.222	75.297	-115.259	5.72040783816898e-12	1.29141391305641e-12	-1.29141391305641e-12
18515.963	92.605	-95.444	5.85576339414124e-12	1.32197057545803e-12	-1.32197057545803e-12
18713.368	172.429	-104.8	5.97909825975611e-12	1.22743264364435e-12	-1.22743264364435e-12
22209.977	84.924	-123.183	4.13071695153881e-12	1.07870294443705e-12	-1.07870294443705e-12
22418.200	102.359	-123.299	5.0759131139948e-12	1.14370928210526e-12	-1.14370928210526e-12
22610.342	93.251	-89.783	4.47755932558582e-12	1.16133646854861e-12	-1.16133646854861e-12
22789.182	54.820	-85.589	7.37600959690568e-12	1.66196903409988e-12	-1.66196903409988e-12
22915.761	131.334	-71.758	4.9475993296926e-12	1.11765252854364e-12	-1.11765252854364e-12
23118.898	66.100	-71.803	7.44359341663492e-12	1.67008471885764e-12	-1.67008471885764e-12
23334.088	91.611	-149.091	3.20246284295544e-12	8.34394918386358e-13	-8.34394918386358e-13
23533.563	107.766	-107.864	4.9186042801939e-12	1.10356434591638e-12	-1.10356434591638e-12
23769.378	80.058	-128.049	3.85691689235013e-12	1.003770428522e-12	-1.003770428522e-12
23927.999	142.082	-78.562	3.64572121824795e-12	9.45583780621942e-13	-9.45583780621942e-13
24315.900	340.770	-245.819	2.64708300505543e-12	5.0979202892722e-13	-5.0979202892722e-13
28106.180	115.313	-150.462	2.85952472905396e-12	7.43436420506002e-13	-7.43436420506002e-13
28322.033	85.001	-100.54	4.37014076034395e-12	1.09819680533386e-12	-1.09819680533386e-12
28511.541	76.020	-104.507	5.57636323782273e-12	1.25467455070729e-12	-1.25467455070729e-12
28676.136	101.981	-88.575	5.2365008172551e-12	1.18188487499636e-12	-1.18188487499636e-12
28879.555	141.771	-101.438	3.03737917272554e-12	7.96288894473154e-13	-7.96288894473154e-13
29130.514	78.861	-109.188	3.93414639396184e-12	1.02424056532854e-12	-1.02424056532854e-12
29326.390	78.555	-117.015	3.78947742952914e-12	9.83849181482601e-13	-9.83849181482601e-13
29500.174	87.806	-95.228	5.38971013630932e-12	1.21267785766011e-12	-1.21267785766011e-12
29709.357	81.715	-121.377	3.66044281260019e-12	9.45122441978015e-13	-9.45122441978015e-13
29878.013	111.138	-86.941	3.71960405868649e-12	9.68385264611006e-13	-9.68385264611006e-13
30239.150	208.824	-250	2.46998917130569e-12	5.22523736912076e-13	-5.22523736912076e-13
33916.546	224.281	-204.47	1.84701963185507e-12	4.83193236556088e-13	-4.83193236556088e-13
34221.509	162.526	-80.683	3.51069166912014e-12	8.57381472692813e-13	-8.57381472692813e-13
34523.930	105.822	-139.895	3.12356628599673e-12	8.14995429528771e-13	-8.14995429528771e-13
34725.216	130.194	-95.464	3.45082756721885e-12	9.01570370027272e-13	-9.01570370027272e-13
34977.764	133.392	-122.354	3.17828397690478e-12	8.27094755997969e-13	-8.27094755997969e-13
35245.906	73.358	-134.749	4.07983859308915e-12	1.06450424103871e-12	-1.06450424103871e-12
35456.116	143.967	-136.853	3.11292534831778e-12	8.13289295086349e-13	-8.13289295086349e-13
35702.233	108.464	-102.15	4.13230304837728e-12	1.08246780021725e-12	-1.08246780021725e-12
35988.852	245.948	-178.154	3.26229534992302e-12	7.27458986640701e-13	-7.27458986640701e-13
39741.856	173.278	-210.341	2.30046462515964e-12	5.97412598127072e-13	-5.97412598127072e-13
40441.321	263.617	-526.187	1.18154664413746e-12	3.00791576941887e-13	-3.00791576941887e-13
40901.118	167.381	-196.18	2.40379010685396e-12	6.23844756248333e-13	-6.23844756248333e-13
41543.066	452.413	-474.567	1.82822760356082e-12	3.50298490411696e-13	-3.50298490411696e-13
45609.076	199.954	-311.537	1.83647491475436e-12	4.80194728907585e-13	-4.80194728907585e-13
46011.040	174.087	-202.01	2.53910509183351e-12	6.61292813000928e-13	-6.61292813000928e-13
46462.650	176.301	-277.523	2.23448584276601e-12	5.80580512911111e-13	-5.80580512911111e-13
46934.853	170.460	-295.901	2.04438972820636e-12	5.34135920972093e-13	-5.34135920972093e-13
47502.002	290.312	-396.69	2.19537452791906e-12	4.53457566314475e-13	-4.53457566314475e-13
51343.408	270.627	-318.592	1.38282192352071e-12	3.62203269784254e-13	-3.62203269784254e-13
51771.520	148.407	-157.485	2.62071089531931e-12	6.82989760953709e-13	-6.82989760953709e-13
52257.568	274.144	-337.641	1.27785130654336e-12	3.33503404432309e-13	-3.33503404432309e-13
53021.386	538.970	-489.674	1.44400781398705e-12	2.86728282309288e-13	-2.86728282309288e-13
57072.941	302.529	-274.153	1.56034413954466e-12	4.06806179512532e-13	-4.06806179512532e-13
57740.365	342.168	-364.895	1.2739917607998e-12	3.34243962586824e-13	-3.34243962586824e-13
58713.770	627.430	-631.237	1.35075870728122e-12	2.59584252112398e-13	-2.59584252112398e-13
63659.871	1080.599	-1080.693	8.98285323829529e-13	1.94041566924594e-13	-1.94041566924594e-13
98579.160	488.983	-512.269	1.08290627719763e-12	2.84839754953747e-13	-2.84839754953747e-13
114162.741	13766.358	-10276.193	3.7835225618598e-13	7.35115478368928e-14	-7.35115478368928e-14
154506.084	14641.892	-10179.532	2.7970970432391e-13	6.01502058315026e-14	-6.01502058315026e-14
198317.607	11090.004	-18848.583	1.99084881189195e-13	5.14368027170809e-14	-5.14368027170809e-14
237275.945	29191.531	-23474.631	1.6107991382451e-13	4.3321013057766e-14	-4.3321013057766e-14
317144.829	36083.388	-28252.921	1.03844365096994e-13	2.64933217560956e-14	-2.64933217560956e-14
377236.111	22371.560	-18307.246	1.51513649196989e-13	3.53504179036965e-14	-3.53504179036965e-14
509983.921	57983.428	-58404.241	8.83307362510243e-14	2.34608481309515e-14	-2.34608481309515e-14
648285.087	137903.259	-69833.037	4.26727947803319e-14	1.17420242989481e-14	-1.17420242989481e-14
986756.075	263269.534	-183318.139	1.78746367489326e-14	6.67675717167604e-15	-5.54186150923868e-15
