## BAT - batSNR4flux
0.0610000085830688	0.06	-0.06	2.21047704191041e-08	5.44980128925007e-09	-5.44980128925007e-09
0.220999999046326	0.1	-0.1	1.63115080546843e-08	4.27729131177593e-09	-4.27729131177593e-09
0.42100000500679	0.1	-0.1	1.78362264564975e-08	4.42982992557907e-09	-4.42982992557907e-09
0.620999999046326	0.1	-0.1	1.8795993127093e-08	4.39947261043249e-09	-4.39947261043249e-09
0.801000003218651	0.08	-0.08	2.30635437806051e-08	4.98757734796851e-09	-4.98757734796851e-09
0.921000007987022	0.04	-0.04	2.88320465105351e-08	6.99396985325526e-09	-6.99396985325526e-09
1.00100000619888	0.04	-0.04	1.82336721981432e-08	6.37848092931356e-09	-6.37848092931356e-09
1.06100000858307	0.02	-0.02	3.50662199502728e-08	7.95652847141485e-09	-7.95652847141485e-09
1.1610000026226	0.08	-0.08	1.57581695903651e-08	3.02515846909208e-09	-3.02515846909208e-09
1.28099999248981	0.04	-0.04	1.38182412536121e-08	3.0158469862234e-09	-3.0158469862234e-09
1.40100000470877	0.08	-0.08	7.50136771694962e-09	1.75134784328682e-09	-1.75134784328682e-09
1.56100000113249	0.08	-0.08	5.4775091525433e-09	1.20440780240237e-09	-1.20440780240237e-09
1.68099999845028	0.04	-0.04	6.02284996187911e-09	1.31529933673461e-09	-1.31529933673461e-09
1.7610000115633	0.04	-0.04	3.25425961957931e-09	1.05412346438201e-09	-1.05412346438201e-09
1.840999994874	0.04	-0.04	4.00414433876697e-09	9.07760973524041e-10	-9.07760973524041e-10
1.90100001215935	0.02	-0.02	5.81653613631724e-09	1.2848724528421e-09	-1.2848724528421e-09
1.96099999964237	0.04	-0.04	4.46192275642199e-09	9.57404106368476e-10	-9.57404106368476e-10
2.06100000858307	0.06	-0.06	4.15994715836467e-09	8.55357969022818e-10	-8.55357969022818e-10
2.14099999189377	0.02	-0.02	8.8169394180504e-09	1.70549207111525e-09	-1.70549207111525e-09
2.20100000917912	0.04	-0.04	5.26068877470744e-09	1.21561995792521e-09	-1.21561995792521e-09
2.28099999248981	0.04	-0.04	5.57627030497952e-09	1.27909327576478e-09	-1.27909327576478e-09
2.36100000560284	0.04	-0.04	4.92916466754596e-09	1.37373631187312e-09	-1.37373631187312e-09
2.42099999308586	0.02	-0.02	8.54215735154894e-09	2.12976317321786e-09	-2.12976317321786e-09
2.50100000619888	0.02	-0.02	8.87719398439857e-09	2.1788507852312e-09	-2.1788507852312e-09
2.54099999785423	0.02	-0.02	9.67886016735103e-09	2.06219275745604e-09	-2.06219275745604e-09
2.58099998950958	0.02	-0.02	5.69677596686473e-09	2.03891563347175e-09	-2.03891563347175e-09
2.62100001096725	0.02	-0.02	8.63531292995354e-09	2.08627580846314e-09	-2.08627580846314e-09
2.6610000026226	0.02	-0.02	1.03043783652092e-08	2.07395561080271e-09	-2.07395561080271e-09
2.70099999427795	0.02	-0.02	8.49656444654116e-09	2.03011111283466e-09	-2.03011111283466e-09
2.74100001573563	0.02	-0.02	1.13956418924974e-08	2.04518972426034e-09	-2.04518972426034e-09
2.78100000739098	0.02	-0.02	8.28436172904357e-09	2.029237856602e-09	-2.029237856602e-09
2.82099999904633	0.02	-0.02	8.00984142025265e-09	1.89090126485875e-09	-1.89090126485875e-09
2.86099999070168	0.02	-0.02	7.47626919050656e-09	1.93471979026608e-09	-1.93471979026608e-09
2.90100001215935	0.02	-0.02	8.11050277650713e-09	1.98385195137022e-09	-1.98385195137022e-09
2.96099999964237	0.04	-0.04	6.25898370266298e-09	1.43233522751322e-09	-1.43233522751322e-09
3.02100001692772	0.02	-0.02	9.13971252276235e-09	2.21289846688189e-09	-2.21289846688189e-09
3.06100000858307	0.02	-0.02	9.04975536489933e-09	2.31746142832732e-09	-2.31746142832732e-09
3.10100000023842	0.02	-0.02	1.1711173824703e-08	2.33230171110933e-09	-2.33230171110933e-09
3.14099999189377	0.02	-0.02	1.13044322098242e-08	2.42611208453106e-09	-2.42611208453106e-09
3.18100001335144	0.02	-0.02	8.68087885978606e-09	2.37490878961121e-09	-2.37490878961121e-09
3.22100000500679	0.02	-0.02	1.09590937987122e-08	2.7116907792726e-09	-2.7116907792726e-09
3.26099999666214	0.02	-0.02	1.1058490351414e-08	2.81421907053318e-09	-2.81421907053318e-09
3.30099998831749	0.02	-0.02	1.19184886124158e-08	2.90623927379744e-09	-2.90623927379744e-09
3.38100000143051	0.06	-0.06	9.64538094731862e-09	1.87882824275762e-09	-1.87882824275762e-09
3.46100001454353	0.02	-0.02	1.76706459214561e-08	4.26477514743594e-09	-4.26477514743594e-09
3.52100000202656	0.04	-0.04	1.75078497564809e-08	3.95713718590731e-09	-3.95713718590731e-09
3.60100000023842	0.04	-0.04	3.58987748524223e-08	7.40650448005865e-09	-7.40650448005865e-09
3.68099999845028	0.04	-0.04	6.74832191383603e-08	1.36704425206916e-08	-1.36704425206916e-08
3.7610000115633	0.04	-0.04	1.40607805159664e-07	2.6374076435987e-08	-2.6374076435987e-08
3.840999994874	0.04	-0.04	1.30103441200819e-07	2.75795732012716e-08	-2.75795732012716e-08
3.92100000798702	0.04	-0.04	5.2356188530592e-08	1.34028586320259e-08	-1.34028586320259e-08
4.00100000619888	0.04	-0.04	2.99771214994808e-08	6.17676729745999e-09	-6.17676729745999e-09
4.10100000023842	0.06	-0.06	9.21702193532868e-09	2.14541330741168e-09	-2.14541330741168e-09
4.18100001335144	0.02	-0.02	8.4669119712266e-09	1.75931136495454e-09	-1.75931136495454e-09
4.26099999666214	0.06	-0.06	2.82341683704115e-09	4.79790475597117e-10	-4.79790475597117e-10
4.34100000977516	0.02	-0.02	4.47876493701965e-09	8.54740032109381e-10	-8.54740032109381e-10
4.38100000143051	0.02	-0.02	3.99534841053735e-09	9.75105723613627e-10	-9.75105723613627e-10
4.42099999308586	0.02	-0.02	3.38187721731648e-09	1.21335482990569e-09	-1.21335482990569e-09
4.46100001454353	0.02	-0.02	5.91585224210546e-09	1.33732618370282e-09	-1.33732618370282e-09
4.50100000619888	0.02	-0.02	4.96973930985735e-09	1.52625733376233e-09	-1.52625733376233e-09
4.54099999785423	0.02	-0.02	1.12454727984432e-08	1.88950049619376e-09	-1.88950049619376e-09
4.58099998950958	0.02	-0.02	1.00220730359294e-08	2.26792875610256e-09	-2.26792875610256e-09
4.6610000026226	0.06	-0.06	9.05246760199652e-09	1.84615815869766e-09	-1.84615815869766e-09
4.74100001573563	0.02	-0.02	2.09883768790489e-08	4.10461231817462e-09	-4.10461231817462e-09
4.78100000739098	0.02	-0.02	1.77471281474011e-08	4.99023233849866e-09	-4.99023233849866e-09
4.82099999904633	0.02	-0.02	2.38593274847083e-08	4.99192316470234e-09	-4.99192316470234e-09
4.86099999070167	0.02	-0.02	1.47503979515307e-08	4.66859523492192e-09	-4.66859523492192e-09
4.90100001215935	0.02	-0.02	2.45638177986781e-08	4.82048589859397e-09	-4.82048589859397e-09
4.9410000038147	0.02	-0.02	2.04564290764373e-08	4.5852923446747e-09	-4.5852923446747e-09
4.98099999547005	0.02	-0.02	1.86962191721366e-08	4.21709314791237e-09	-4.21709314791237e-09
5.02100001692772	0.02	-0.02	1.01864372985456e-08	4.25478563972494e-09	-4.25478563972494e-09
5.06100000858307	0.02	-0.02	2.16292746249263e-08	4.05324112125624e-09	-4.05324112125624e-09
5.10100000023842	0.02	-0.02	1.76105928995596e-08	3.6235276174444e-09	-3.6235276174444e-09
5.14099999189377	0.02	-0.02	1.78639351648672e-08	3.44391086355793e-09	-3.44391086355793e-09
5.18100001335144	0.02	-0.02	1.38639525264402e-08	3.36711578021579e-09	-3.36711578021579e-09
5.22100000500679	0.02	-0.02	1.31233680778207e-08	3.21356518646869e-09	-3.21356518646869e-09
5.26099999666214	0.02	-0.02	1.22282608852971e-08	3.02725349582662e-09	-3.02725349582662e-09
5.30099998831749	0.02	-0.02	1.39327042301882e-08	3.06909536470188e-09	-3.06909536470188e-09
5.36100000560284	0.04	-0.04	9.29310731749679e-09	1.98934023889466e-09	-1.98934023889466e-09
5.42099999308586	0.02	-0.02	1.24973046982529e-08	2.55250949366552e-09	-2.55250949366552e-09
5.48100001037121	0.04	-0.04	7.84255462407472e-09	1.64943409234064e-09	-1.64943409234064e-09
5.56099999368191	0.04	-0.04	6.0985108169796e-09	1.81660995628121e-09	-1.81660995628121e-09
5.64100000679493	0.04	-0.04	9.48864058099753e-09	2.04978584399179e-09	-2.04978584399179e-09
5.70099999427795	0.02	-0.02	1.68221840383127e-08	3.4060934033225e-09	-3.4060934033225e-09
5.7610000115633	0.04	-0.04	1.3424606100367e-08	2.59184696390781e-09	-2.59184696390781e-09
5.82099999904633	0.02	-0.02	1.61273073022211e-08	3.87164776280127e-09	-3.87164776280127e-09
5.88100000143051	0.04	-0.04	1.13796426970442e-08	3.14955803601421e-09	-3.14955803601421e-09
5.96099999964237	0.04	-0.04	1.97113265107332e-08	3.5702817181467e-09	-3.5702817181467e-09
6.02100001692772	0.02	-0.02	2.54120955740921e-08	5.50575584661257e-09	-5.50575584661257e-09
6.06100000858307	0.02	-0.02	2.72887169363486e-08	6.33261465591398e-09	-6.33261465591398e-09
6.12099999606609	0.04	-0.04	2.29832700883206e-08	5.10923496061e-09	-5.10923496061e-09
6.20100000917911	0.04	-0.04	2.74596839617373e-08	6.07647347642356e-09	-6.07647347642356e-09
6.28099999248981	0.04	-0.04	3.86295080839788e-08	7.9994012474421e-09	-7.9994012474421e-09
6.36100000560284	0.04	-0.04	4.49175111559461e-08	9.43463094633012e-09	-9.43463094633012e-09
6.4410000038147	0.04	-0.04	4.39418076555395e-08	8.10697658878069e-09	-8.10697658878069e-09
6.52100000202656	0.04	-0.04	3.50006604457687e-08	6.72573990206616e-09	-6.72573990206616e-09
6.58099998950958	0.02	-0.02	3.21025108015544e-08	8.00425271413459e-09	-8.00425271413459e-09
6.62100001096725	0.02	-0.02	2.49704119971022e-08	7.2100670863675e-09	-7.2100670863675e-09
6.6610000026226	0.02	-0.02	3.1803609392643e-08	6.88295722951654e-09	-6.88295722951654e-09
6.70099999427795	0.02	-0.02	3.40007631347573e-08	6.46010032210008e-09	-6.46010032210008e-09
6.7610000115633	0.04	-0.04	2.15276043322739e-08	4.37191601225723e-09	-4.37191601225723e-09
6.82099999904633	0.02	-0.02	3.42086292211167e-08	6.10253901209865e-09	-6.10253901209865e-09
6.88100000143051	0.04	-0.04	2.01226129131606e-08	4.19545438197303e-09	-4.19545438197303e-09
6.9410000038147	0.02	-0.02	3.1557089795101e-08	6.281821439654e-09	-6.281821439654e-09
6.98099999547005	0.02	-0.02	2.8139918340462e-08	6.1000406702919e-09	-6.1000406702919e-09
7.04100001275539	0.04	-0.04	2.16235340057303e-08	5.07570698800258e-09	-5.07570698800258e-09
7.12099999606609	0.04	-0.04	2.95088443479319e-08	7.06697723987652e-09	-7.06697723987652e-09
7.18100001335144	0.02	-0.02	5.97527830454977e-08	1.39238375004934e-08	-1.39238375004934e-08
7.24100000083446	0.04	-0.04	6.97320398071721e-08	1.31936163644406e-08	-1.31936163644406e-08
7.36099999815226	0.08	-0.08	4.57144948491778e-08	1.12481729290889e-08	-1.12481729290889e-08
7.48100001037121	0.04	-0.04	4.03481732876344e-08	7.7817772213531e-09	-7.7817772213531e-09
7.56099999368191	0.04	-0.04	2.01709950801663e-08	5.15408730342827e-09	-5.15408730342827e-09
7.64100000679493	0.04	-0.04	1.69786268772943e-08	3.21415240819196e-09	-3.21415240819196e-09
7.72100000500679	0.04	-0.04	8.37079891800664e-09	2.15835848086996e-09	-2.15835848086996e-09
7.78100000739098	0.02	-0.02	9.74077735823224e-09	2.10925161628117e-09	-2.10925161628117e-09
7.88100000143051	0.08	-0.08	5.40955489109067e-09	1.02572596174694e-09	-1.02572596174694e-09
7.98099999547005	0.02	-0.02	9.98049014647994e-09	2.43004175540468e-09	-2.43004175540468e-09
8.08100000441074	0.08	-0.08	5.84772999382339e-09	1.47435676844693e-09	-1.47435676844693e-09
8.22100000500679	0.06	-0.06	1.09586090362017e-08	2.15110756264195e-09	-2.15110756264195e-09
8.30099998831749	0.02	-0.02	1.74818598188953e-08	4.13045641013469e-09	-4.13045641013469e-09
8.40100000470877	0.08	-0.08	1.25779459060058e-08	2.53213592371414e-09	-2.53213592371414e-09
8.56100000113249	0.08	-0.08	1.6491587471762e-08	3.61989905945398e-09	-3.61989905945398e-09
8.68099999845028	0.04	-0.04	2.7537764136778e-08	6.50615125851637e-09	-6.50615125851637e-09
8.7610000115633	0.04	-0.04	3.23526987124353e-08	7.82422683409192e-09	-7.82422683409192e-09
8.82099999904633	0.02	-0.02	4.91675328238496e-08	1.21745897992231e-08	-1.21745897992231e-08
8.88100000143051	0.04	-0.04	4.11292706832725e-08	9.76554530245113e-09	-9.76554530245113e-09
8.98100000540415	0.06	-0.06	3.77758830663695e-08	8.44604611171879e-09	-8.44604611171879e-09
9.06100000858307	0.02	-0.02	6.19091975129414e-08	1.46679091338522e-08	-1.46679091338522e-08
9.14099999189377	0.02	-0.02	5.22461913731048e-08	1.28736684990799e-08	-1.28736684990799e-08
9.20100000917911	0.04	-0.04	2.79058412784119e-08	8.41067579901914e-09	-8.41067579901914e-09
9.28099999248981	0.04	-0.04	3.12163928075362e-08	7.53825970107901e-09	-7.53825970107901e-09
9.40100000470877	0.08	-0.08	2.08085474316001e-08	4.70378040533093e-09	-4.70378040533093e-09
9.52100000202656	0.04	-0.04	3.28796270362084e-08	7.56662430115194e-09	-7.56662430115194e-09
9.60100000023842	0.04	-0.04	3.71103787727458e-08	7.91558583463714e-09	-7.91558583463714e-09
9.68099999845028	0.04	-0.04	2.82359068926428e-08	8.56879613199165e-09	-8.56879613199165e-09
9.78100000739098	0.06	-0.06	4.37386115411213e-08	8.35739123171266e-09	-8.35739123171266e-09
9.86099999070167	0.02	-0.02	7.80344791106782e-08	1.60859454031075e-08	-1.60859454031075e-08
9.92100000798702	0.04	-0.04	4.82016062869708e-08	1.1773869239319e-08	-1.1773869239319e-08
10.0010000061989	0.04	-0.04	5.25868375757438e-08	1.25221726762163e-08	-1.25221726762163e-08
10.1210000035167	0.08	-0.08	3.50886121621556e-08	1.01077929268183e-08	-1.01077929268183e-08
10.2210000050068	0.02	-0.02	9.35334256845807e-08	2.25475354282276e-08	-2.25475354282276e-08
10.2609999966621	0.02	-0.02	6.68413876418584e-08	2.29737274420914e-08	-2.29737274420914e-08
10.3009999883175	0.02	-0.02	1.14850795682856e-07	2.40950146131537e-08	-2.40950146131537e-08
10.4410000038147	0.12	-0.12	4.35296093716754e-08	9.55224063475336e-09	-9.55224063475336e-09
10.6010000002384	0.04	-0.04	6.84336404881432e-08	1.67400446164866e-08	-1.67400446164866e-08
10.7010000042121	0.06	-0.06	5.71467114411577e-08	1.34784217211957e-08	-1.34784217211957e-08
10.9210000042617	0.16	-0.16	3.73065257404153e-08	8.32874525002943e-09	-8.32874525002943e-09
11.1610000026226	0.08	-0.08	4.08198386789103e-08	9.88055146622459e-09	-9.88055146622459e-09
11.4209999997086	0.18	-0.18	2.6083962971437e-08	5.3424065735693e-09	-5.3424065735693e-09
11.6410000067949	0.04	-0.04	3.94278280904418e-08	9.6796331215362e-09	-9.6796331215362e-09
11.8410000023246	0.16	-0.16	1.49873625631119e-08	4.17880246156348e-09	-4.17880246156348e-09
12.0810000044107	0.08	-0.08	1.95914741732755e-08	4.75680642533319e-09	-4.75680642533319e-09
12.4010000022252	0.24	-0.24	1.01071972481585e-08	2.13231821809277e-09	-2.13231821809277e-09
282.721000002624	20.2799999999997	-20.2799999999997	6.43770278116905e-10	1.53868689201736e-10	-1.53868689201736e-10

## XRT - xrtwtflux
74.485	0.463	-0.361	2.86350817795668e-09	4.45236181764724e-10	-4.45199372034058e-10
75.518	0.515	-0.57	2.14180513954919e-09	3.33035542025743e-10	-3.33005378495082e-10
76.513	0.447	-0.48	2.47300539118698e-09	3.84516554376886e-10	-3.84485086707615e-10
77.319	0.394	-0.359	3.03093513105131e-09	4.61929008813307e-10	-4.61896947632515e-10
78.080	0.369	-0.368	2.99290838382329e-09	4.56106162019881e-10	-4.56079888179848e-10
78.900	0.446	-0.451	2.38730417920633e-09	3.63786737286012e-10	-3.6377076943178e-10
79.835	0.443	-0.489	2.30142042092838e-09	3.50659774698156e-10	-3.50651882798246e-10
80.711	0.407	-0.433	2.59889287291614e-09	3.88162309056049e-10	-3.88167522519297e-10
81.521	0.330	-0.403	3.02682951156294e-09	4.52041307158255e-10	-4.5205433301672e-10
82.338	0.421	-0.487	2.48802728079582e-09	3.71524871987362e-10	-3.7154484420438e-10
83.174	0.316	-0.416	3.07604990102421e-09	4.59261854315473e-10	-4.5929964914767e-10
83.873	0.339	-0.384	3.08750135018284e-09	4.60953715244841e-10	-4.60994801280481e-10
84.591	0.425	-0.379	2.68006065194838e-09	4.08172088773775e-10	-4.08196991899709e-10
85.371	0.350	-0.355	3.02165999647007e-09	4.51136586250305e-10	-4.51174736016016e-10
86.094	0.377	-0.374	2.74389826007616e-09	4.17844000896188e-10	-4.17878960275809e-10
86.922	0.381	-0.45	2.51110279704276e-09	3.74924470435743e-10	-3.74953318786699e-10
87.724	0.247	-0.422	3.18135313087822e-09	4.69822844595963e-10	-4.69859728792836e-10
88.324	0.289	-0.353	3.24087167570821e-09	4.8384739305125e-10	-4.83891475782267e-10
89.067	0.359	-0.454	2.56426642927093e-09	3.82766388050619e-10	-3.82813259832066e-10
89.720	0.294	-0.293	3.50353273662513e-09	5.33423318992578e-10	-5.33485818476798e-10
90.294	0.308	-0.28	3.52375052133745e-09	5.36508028684423e-10	-5.36569793891352e-10
90.877	0.294	-0.275	3.75797932953831e-09	5.60893711781334e-10	-5.60972134811625e-10
91.395	0.280	-0.223	4.24456010698359e-09	6.46147757514737e-10	-6.46240523053362e-10
92.110	0.385	-0.435	2.57766843338644e-09	3.92385893099637e-10	-3.92444100865782e-10
92.829	0.323	-0.333	3.16769118610419e-09	4.82156415206859e-10	-4.82235077846232e-10
93.555	0.339	-0.403	2.8146705400044e-09	4.20009133413923e-10	-4.20082742273476e-10
94.204	0.275	-0.31	3.58138609463186e-09	5.34382198050506e-10	-5.34481234397252e-10
94.799	0.394	-0.32	2.97047261399299e-09	4.46986286557706e-10	-4.47065108785097e-10
95.455	0.353	-0.262	3.43493120295979e-09	5.12562485261859e-10	-5.12652679549586e-10
96.127	0.295	-0.319	3.37728353743737e-09	5.24425601115039e-10	-5.24508953204775e-10
96.852	0.379	-0.43	2.62651696102373e-09	3.99730852241039e-10	-3.99803771563466e-10
97.553	0.362	-0.321	3.1517413326037e-09	4.70267625004356e-10	-4.70355596529962e-10
98.200	0.324	-0.285	3.53142699369819e-09	5.26877256723071e-10	-5.2698128429314e-10
98.837	0.334	-0.314	3.27070902760347e-09	4.97707129336929e-10	-4.97805948548081e-10
99.517	0.306	-0.347	3.29687850721695e-09	4.9186108204563e-10	-4.91960904635904e-10
100.197	0.362	-0.373	2.93593434942761e-09	4.37961991634314e-10	-4.38055990072474e-10
100.968	0.342	-0.409	2.84003334850134e-09	4.32115730265157e-10	-4.32206323104713e-10
101.689	0.255	-0.38	3.35709258673188e-09	5.10801084484882e-10	-5.10907194928312e-10
102.248	0.253	-0.304	3.80668691351948e-09	5.79229520595252e-10	-5.79347756984223e-10
102.910	0.385	-0.408	2.65309681136567e-09	4.03696598726087e-10	-4.0377927469773e-10
103.616	0.360	-0.322	3.12993729466135e-09	4.6689100687504e-10	-4.66992517516501e-10
104.327	0.373	-0.351	2.94042328248878e-09	4.38593181672028e-10	-4.38690175146227e-10
105.062	0.298	-0.362	3.29100710865772e-09	4.85488805934606e-10	-4.85599935943046e-10
105.789	0.353	-0.428	2.73089240975189e-09	4.07320591407087e-10	-4.07411476062084e-10
106.518	0.312	-0.376	3.15766790802899e-09	4.71001645155001e-10	-4.71105324080345e-10
107.141	0.470	-0.311	2.82710366212277e-09	4.21693173523369e-10	-4.21786180223959e-10
108.027	0.331	-0.416	2.97563465393471e-09	4.52712741808361e-10	-4.52809563634961e-10
108.709	0.436	-0.351	2.82583784243395e-09	4.2148186423632e-10	-4.21575908755938e-10
109.596	0.332	-0.451	2.75380098846774e-09	4.10720125821272e-10	-4.10812261635701e-10
110.262	0.254	-0.335	3.61134169064417e-09	5.38590718934662e-10	-5.38711657296325e-10
110.920	0.434	-0.404	2.54389102193865e-09	3.79385891742245e-10	-3.79471001781893e-10
111.666	0.256	-0.312	3.65426605056663e-09	5.67132869312861e-10	-5.67250145355549e-10
112.459	0.409	-0.537	2.22488096426948e-09	3.38457352098823e-10	-3.38530369773581e-10
113.356	0.454	-0.488	2.2673608370162e-09	3.3812912033058e-10	-3.38204315639777e-10
114.366	0.474	-0.557	2.03708063956014e-09	3.09884349858106e-10	-3.09951117746982e-10
115.355	0.527	-0.516	1.98067812771781e-09	3.07392297015694e-10	-3.07455946091153e-10
116.454	0.606	-0.572	1.80522452339535e-09	2.69227316609987e-10	-2.69287773913077e-10
117.570	0.404	-0.51	2.32275342721011e-09	3.464041184119e-10	-3.46481736617854e-10
118.584	0.506	-0.609	1.8812631442489e-09	2.86167088819989e-10	-2.86228217857856e-10
119.626	0.442	-0.536	2.18320470455777e-09	3.25582496294187e-10	-3.25655145235176e-10
120.508	0.494	-0.44	2.29279426555169e-09	3.41927276924806e-10	-3.42003609231502e-10
121.631	0.543	-0.629	1.83335017095016e-09	2.73415098983313e-10	-2.73476356793592e-10
122.787	0.619	-0.612	1.70076925524257e-09	2.63942805172286e-10	-2.63997151323291e-10
123.937	0.563	-0.531	1.97966462701978e-09	2.95217109424753e-10	-2.95282210220653e-10
125.241	0.656	-0.741	1.53527759813265e-09	2.33539088820534e-10	-2.33589039218321e-10
126.707	0.624	-0.81	1.52664230590244e-09	2.27659607272991e-10	-2.27709762549804e-10
127.952	0.679	-0.622	1.64844551013706e-09	2.45822211208362e-10	-2.45876300865079e-10
129.369	0.753	-0.737	1.44504431948167e-09	2.15481483517215e-10	-2.15527970322197e-10
131.281	1.007	-1.158	9.72704352399353e-10	1.47954104197414e-10	-1.47985030829743e-10
133.177	1.112	-0.889	1.02521078854549e-09	1.59090597711396e-10	-1.5912240292686e-10
135.300	0.948	-1.011	1.06667198527107e-09	1.59057917272569e-10	-1.59092040363632e-10
136.940	0.631	-0.693	1.56974521628287e-09	2.34076806177907e-10	-2.34127388030813e-10
138.289	0.745	-0.717	1.41842344985873e-09	2.11512099416939e-10	-2.11557758575739e-10
139.883	0.918	-0.849	1.15465134986955e-09	1.75625832491494e-10	-1.75662117259772e-10
141.677	0.719	-0.877	1.29952666131385e-09	1.93781506263614e-10	-1.93823247963551e-10
143.721	0.931	-1.325	9.12841780755382e-10	1.38842119418054e-10	-1.38870223783355e-10
145.637	1.049	-0.984	1.0200337686542e-09	1.55150933314009e-10	-1.55183126404874e-10
147.457	0.734	-0.771	1.37568159459172e-09	2.09246957907136e-10	-2.0929042273428e-10
149.246	0.950	-1.055	1.02918723964077e-09	1.56542684363437e-10	-1.5657509431495e-10
150.832	0.480	-0.636	1.84371962824729e-09	2.80444597185337e-10	-2.80503594118815e-10
151.931	0.711	-0.62	1.56454329202885e-09	2.3330033964111e-10	-2.33350645662471e-10
153.322	0.608	-0.68	1.61099787985751e-09	2.40224965675648e-10	-2.40276379212259e-10
154.558	0.700	-0.627	1.56275187511464e-09	2.33032272828303e-10	-2.33082344844468e-10
156.014	0.489	-0.756	1.66896259304769e-09	2.48866600674178e-10	-2.48919589522925e-10
157.143	0.634	-0.64	1.6343280702297e-09	2.43712140327771e-10	-2.43765300363324e-10
158.314	0.420	-0.537	2.17154627740306e-09	3.23821603201524e-10	-3.23892185301833e-10
159.225	0.480	-0.491	2.13534438480698e-09	3.18421858498097e-10	-3.18491095803715e-10
160.244	0.497	-0.538	1.999116921081e-09	2.98116236779284e-10	-2.98181837167649e-10
161.373	0.504	-0.633	1.79841463333345e-09	2.73564625874379e-10	-2.73623081316788e-10
162.656	0.540	-0.779	1.55529787109831e-09	2.36581312693898e-10	-2.36631750325282e-10
163.748	0.533	-0.552	1.91851606810068e-09	2.86095396344315e-10	-2.86158266597783e-10
164.834	0.500	-0.553	1.94233345512275e-09	2.95449753184017e-10	-2.95512411448367e-10
165.892	0.551	-0.558	1.86853549174107e-09	2.78642115754296e-10	-2.78703380172862e-10
166.965	0.553	-0.522	1.92538167134823e-09	2.87115759222632e-10	-2.87178531069914e-10
168.042	0.484	-0.525	2.05053948805861e-09	3.05788004498595e-10	-3.05855592249836e-10
168.996	0.487	-0.47	2.1606358722909e-09	3.22209163682666e-10	-3.22280592687055e-10
169.961	0.451	-0.478	2.16368085620692e-09	3.35756200133834e-10	-3.35823307402057e-10
171.329	0.590	-0.917	1.35672047073341e-09	2.06364287764697e-10	-2.06407306476298e-10
172.502	0.511	-0.583	1.89997592402235e-09	2.83328277989318e-10	-2.83390324047412e-10
173.738	0.708	-0.725	1.40711354492891e-09	2.18359421256803e-10	-2.18403706377239e-10
175.200	0.614	-0.754	1.51522994127592e-09	2.25946825298171e-10	-2.25995490084877e-10
176.570	0.542	-0.757	1.59352845250818e-09	2.37632246599468e-10	-2.37684476448434e-10
178.025	0.457	-0.913	1.51045326214271e-09	2.25249965946166e-10	-2.25299938597292e-10
179.001	0.583	-0.518	1.8790137078317e-09	2.80217400661366e-10	-2.80279880752299e-10
180.256	0.813	-0.673	1.39305059407246e-09	2.07746299747414e-10	-2.07792633451979e-10
181.849	0.691	-0.78	1.40694092484064e-09	2.09813091964955e-10	-2.09859650166144e-10
183.322	0.818	-0.782	1.29459583466399e-09	1.93058962370134e-10	-1.93101757903112e-10
184.939	0.831	-0.799	1.27094091756085e-09	1.89528877816195e-10	-1.89570667373179e-10
186.713	0.852	-0.943	1.15419931071308e-09	1.72121067119314e-10	-1.72159136156584e-10
188.630	0.954	-1.066	1.01120832749694e-09	1.5382108851901e-10	-1.53854034272016e-10
190.572	0.802	-0.988	1.14085019594071e-09	1.73538225939408e-10	-1.73575203524333e-10
192.170	0.812	-0.796	1.32106637544455e-09	1.9701157252337e-10	-1.97055515997178e-10
193.841	0.724	-0.859	1.34061015513471e-09	1.99924448711256e-10	-1.99968945017969e-10
195.447	1.022	-0.881	1.12022381898784e-09	1.67058463814709e-10	-1.67095629070602e-10
197.798	1.544	-1.329	7.44740908272605e-10	1.13290351478097e-10	-1.13314763838848e-10
200.647	1.280	-1.305	8.46167019903927e-10	1.2871789015828e-10	-1.28745548643143e-10
203.400	1.628	-1.473	7.31414643814129e-10	1.09077302014456e-10	-1.09101653142425e-10
206.881	1.441	-1.852	6.32827469785496e-10	1.04403898081084e-10	-1.04422986720427e-10
209.527	1.474	-1.205	8.07778306555955e-10	1.2536084254554e-10	-1.2538674714178e-10
212.553	1.531	-1.552	6.97082992593644e-10	1.0603785995978e-10	-1.06060593498532e-10
215.658	1.346	-1.574	7.29448705446316e-10	1.08788280511018e-10	-1.0881265660433e-10
218.608	1.363	-1.604	6.89906078982614e-10	1.07070391052028e-10	-1.07092553468197e-10
221.264	1.394	-1.293	7.7888279153169e-10	1.16158406596376e-10	-1.16184413357648e-10
223.807	1.153	-1.149	9.04257213524643e-10	1.37555858605243e-10	-1.37585487929305e-10
226.025	1.276	-1.065	9.0941383984804e-10	1.38337293499278e-10	-1.38366972291449e-10
228.455	1.148	-1.154	9.27255910297545e-10	1.43906929841613e-10	-1.4393678790951e-10
230.533	0.830	-0.929	1.26913674338544e-09	1.89279462122684e-10	-1.89321939860409e-10
232.564	0.842	-1.2	1.08998683982444e-09	1.62555051446512e-10	-1.62591488037341e-10
234.218	0.828	-0.812	1.35068083199125e-09	1.99234136361271e-10	-1.9927975522995e-10
235.822	0.713	-0.776	1.4206575137124e-09	2.1187301180026e-10	-2.11920535745561e-10
237.539	0.765	-1.004	1.16342738401192e-09	1.76979419442102e-10	-1.77017438770868e-10
238.923	0.611	-0.62	1.69308405201748e-09	2.52492695503267e-10	-2.52549082834765e-10
240.380	0.683	-0.845	1.36121968697832e-09	2.02998846078127e-10	-2.03044087991411e-10
241.713	0.719	-0.65	1.517786442209e-09	2.26351237967825e-10	-2.26401841295914e-10
243.074	0.556	-0.643	1.74066425677279e-09	2.5959491613106e-10	-2.59653132012442e-10
244.239	0.569	-0.608	1.78433333872611e-09	2.66100326009559e-10	-2.66159748887189e-10
245.486	0.654	-0.678	1.5676864266695e-09	2.43296840085544e-10	-2.43347189287926e-10
246.567	0.461	-0.427	2.4136398986919e-09	3.59954071058446e-10	-3.60034627129458e-10
247.461	0.541	-0.432	2.19321338798772e-09	3.27067038588937e-10	-3.27139488034679e-10
248.443	0.375	-0.442	2.62801035701035e-09	3.9192638759576e-10	-3.92014136930714e-10
249.240	0.315	-0.422	2.93140272959449e-09	4.37175913325018e-10	-4.37273717084969e-10
249.904	0.332	-0.35	3.17598269914722e-09	4.73659047578196e-10	-4.73765286728816e-10
250.716	0.463	-0.48	2.26818135182641e-09	3.47863427112738e-10	-3.47937209550606e-10
251.618	0.315	-0.439	2.84242526626706e-09	4.23894821826902e-10	-4.23989467815262e-10
252.247	0.253	-0.314	3.77394982268498e-09	5.62825036279155e-10	-5.62951123667258e-10
252.801	0.325	-0.3	3.43059259121613e-09	5.11615012121055e-10	-5.11729582720567e-10
253.571	0.346	-0.446	2.58639401858934e-09	4.09579719140234e-10	-4.09661138630431e-10
254.320	0.323	-0.403	2.95174686323241e-09	4.40223180699666e-10	-4.40322373686954e-10
254.924	0.233	-0.281	4.16425380294273e-09	6.21045734175339e-10	-6.21185022525104e-10
255.518	0.276	-0.361	3.25951549247475e-09	5.05857934672724e-10	-5.05962544639835e-10
256.068	0.260	-0.274	4.01784086749011e-09	5.99197333008599e-10	-5.99331718075135e-10
256.573	0.264	-0.245	4.21273127438886e-09	6.40839950302718e-10	-6.40977598100988e-10
257.082	0.283	-0.246	4.36364387618965e-09	6.36795024454668e-10	-6.36943944325136e-10
257.722	0.389	-0.357	4.2086816464846e-09	5.36913149650899e-10	-5.37077786930726e-10
258.397	0.320	-0.286	3.60460312702122e-09	5.37589232754273e-10	-5.37710127592895e-10
259.057	0.330	-0.339	3.19594517183433e-09	4.8619000782318e-10	-4.86294817220995e-10
259.641	0.279	-0.255	4.20707557643728e-09	6.25727490740177e-10	-6.25868946082861e-10
260.198	0.300	-0.278	3.78959182742177e-09	5.65171765479303e-10	-5.65298583558203e-10
260.819	0.268	-0.321	3.93228883035261e-09	5.8646264666784e-10	-5.86594359590047e-10
261.443	0.374	-0.356	4.99791789428113e-09	6.11012901196278e-10	-6.11217170310222e-10
262.116	0.356	-0.3	3.52063479119703e-09	5.25080508413274e-10	-5.251985957706e-10
262.716	0.282	-0.243	4.20709805055336e-09	6.27457245852228e-10	-6.27598263028049e-10
263.367	0.318	-0.369	4.88799006994851e-09	5.97603237581322e-10	-5.97803014594246e-10
263.983	0.239	-0.299	4.22443154796384e-09	6.30023994611136e-10	-6.30165779170885e-10
264.495	0.248	-0.273	4.20122989272621e-09	6.39130178658837e-10	-6.39268154192576e-10
265.107	0.321	-0.364	4.78565703654826e-09	5.85090714457399e-10	-5.85286245753653e-10
265.741	0.291	-0.313	3.74677757956514e-09	5.58805812726228e-10	-5.58931189742546e-10
266.331	0.294	-0.3	5.79920888805712e-09	7.08956226578981e-10	-7.09192749583889e-10
266.939	0.195	-0.314	4.85538881182983e-09	7.3860082833615e-10	-7.38759498488193e-10
267.402	0.280	-0.268	4.62380973037171e-09	7.03395734157091e-10	-7.03547917865706e-10
267.929	0.267	-0.247	4.54599597613626e-09	6.91562364401624e-10	-6.91711510518045e-10
268.459	0.297	-0.263	5.75566632097626e-09	7.13080557691418e-10	-7.13312658536175e-10
269.041	0.258	-0.284	5.94935111470586e-09	7.27320654053435e-10	-7.27563955148869e-10
269.648	0.292	-0.349	4.99059648398404e-09	6.26581186528907e-10	-6.26779882482648e-10
270.236	0.270	-0.296	5.89259024890287e-09	7.20378332689798e-10	-7.20619049818559e-10
270.823	0.316	-0.317	5.42669265597983e-09	6.63447052218029e-10	-6.63668749570037e-10
271.408	0.316	-0.269	5.8069046170747e-09	7.19387088104497e-10	-7.19620805879301e-10
272.027	0.286	-0.303	5.57041503057502e-09	6.90063381084071e-10	-6.90286664666958e-10
272.586	0.305	-0.273	5.62713698728843e-09	6.87881111210531e-10	-6.88109772032424e-10
273.178	0.252	-0.287	5.8975311449477e-09	7.40419629913939e-10	-7.40653388786437e-10
273.686	0.362	-0.256	5.32254754693796e-09	6.50663938702281e-10	-6.50880853344274e-10
274.316	0.239	-0.268	8.07332033001495e-09	9.219845326454e-10	-9.22338159723145e-10
274.817	0.343	-0.262	5.6915343105162e-09	7.05094345224509e-10	-7.05323426614599e-10
275.454	0.272	-0.294	6.07897171469904e-09	7.53055927849414e-10	-7.53299583010121e-10
275.976	0.255	-0.25	7.05583753725378e-09	8.48492621862925e-10	-8.48784535694119e-10
276.466	0.272	-0.235	6.43900381201562e-09	8.0205320455033e-10	-8.02306359535318e-10
277.007	0.271	-0.27	6.06595216671177e-09	7.61484128074259e-10	-7.61719378826921e-10
277.551	0.351	-0.272	5.73294835491065e-09	7.14095280893875e-10	-7.14319296853858e-10
278.218	0.310	-0.316	5.95225657610053e-09	7.37295506110348e-10	-7.37530078104176e-10
278.826	0.289	-0.298	6.15738153662913e-09	7.62727341349717e-10	-7.62972407863751e-10
279.396	0.222	-0.281	7.74794907741747e-09	9.16770349674771e-10	-9.17092893597775e-10
279.888	0.232	-0.27	7.03433096966764e-09	8.58349159961501e-10	-8.58635182276479e-10
280.460	0.295	-0.34	5.34334858629175e-09	6.65636672668425e-10	-6.65850109770123e-10
281.031	0.227	-0.276	7.09118643662221e-09	8.54218791980774e-10	-8.54511550817998e-10
281.547	0.270	-0.289	6.15396300299341e-09	7.52270654729454e-10	-7.52520298618691e-10
282.063	0.256	-0.246	8.48964690436083e-09	9.16149005612262e-10	-9.16538747112123e-10
282.619	0.246	-0.3	6.05935072206962e-09	7.50650689981919e-10	-7.50894355345278e-10
283.096	0.274	-0.231	7.11066787140739e-09	8.61357333284681e-10	-8.61650517911386e-10
283.623	0.281	-0.252	6.54087258168695e-09	7.99618967525398e-10	-7.99885925062613e-10
284.177	0.231	-0.273	6.7293382300702e-09	8.22661117498741e-10	-8.22936047407864e-10
284.675	0.250	-0.267	6.86430080352814e-09	8.19621069165235e-10	-8.19907990090365e-10
285.174	0.328	-0.248	5.66758851540199e-09	7.11573304233397e-10	-7.11798399193168e-10
285.774	0.262	-0.272	6.20158588032925e-09	7.58130127200833e-10	-7.58383232530634e-10
286.396	0.271	-0.361	5.16759333937703e-09	6.3175329261092e-10	-6.31964710744437e-10
286.919	0.278	-0.252	6.09973278883151e-09	7.45715037935544e-10	-7.45964110279919e-10
287.443	0.256	-0.245	7.96420569512327e-09	8.74938552193913e-10	-8.75300484326665e-10
287.985	0.250	-0.286	6.06191950286129e-09	7.41093653245984e-10	-7.41341382420223e-10
288.482	0.258	-0.247	7.62149192827985e-09	8.73549167149842e-10	-8.73880838935586e-10
289.005	0.248	-0.265	6.96975327112493e-09	8.2778644032115e-10	-8.280792941063e-10
289.516	0.254	-0.263	6.30632640697461e-09	7.81278793759413e-10	-7.81533173996743e-10
290.057	0.250	-0.287	5.98157389144601e-09	7.41046064951946e-10	-7.4128708791081e-10
290.608	0.329	-0.3	5.13722405880881e-09	6.2801659920881e-10	-6.28226132928226e-10
291.243	0.276	-0.306	5.48283283488822e-09	6.79227309639798e-10	-6.79447923422714e-10
291.775	0.320	-0.256	5.642012546888e-09	6.84628435651564e-10	-6.84859755240344e-10
292.346	0.251	-0.251	6.28688785660041e-09	7.78848926699998e-10	-7.79102126425542e-10
292.887	0.303	-0.29	5.30111068952938e-09	6.56729625633298e-10	-6.56943352132042e-10
293.527	0.296	-0.337	4.98406893493393e-09	6.09300176737228e-10	-6.09503747018895e-10
294.146	0.243	-0.323	5.70578268232356e-09	6.9754328905029e-10	-6.97776315101615e-10
294.721	0.304	-0.333	5.26137117872819e-09	6.43223940517733e-10	-6.43439118592744e-10
295.377	0.366	-0.351	4.55759855737901e-09	5.72241902928181e-10	-5.72423443465012e-10
296.018	0.278	-0.276	6.00083881453418e-09	7.336320106345e-10	-7.33877166996332e-10
296.533	0.270	-0.237	6.61296900433651e-09	8.19252480724027e-10	-8.19518852350331e-10
297.128	0.278	-0.325	5.43469137914579e-09	6.7325048889954e-10	-6.73468546843886e-10
297.700	0.317	-0.294	5.20150555926465e-09	6.44380227325033e-10	-6.4458962274074e-10
298.355	0.371	-0.339	4.84177676452694e-09	6.07908664708811e-10	-6.08100933680357e-10
299.041	0.308	-0.315	5.98538977612099e-09	7.51478983650077e-10	-7.51717049149753e-10
299.621	0.258	-0.272	6.99817933579888e-09	8.55493908341025e-10	-8.55778913480371e-10
300.176	0.346	-0.297	4.65415643050588e-09	6.16806701917479e-10	-6.16981923868181e-10
300.869	0.322	-0.348	5.09433698811262e-09	6.22792552037023e-10	-6.2300097101525e-10
301.454	0.300	-0.263	6.19408587835756e-09	7.6741654781601e-10	-7.67665984599457e-10
302.115	0.272	-0.361	5.48560910104926e-09	6.79611261940819e-10	-6.79832374096285e-10
302.687	0.302	-0.3	5.54567379249228e-09	6.77973663673263e-10	-6.78200324445342e-10
303.323	0.358	-0.334	4.6394500409039e-09	5.8250034877799e-10	-5.82684804411017e-10
303.984	0.347	-0.303	4.51199410562923e-09	6.01975414866545e-10	-6.02144328834351e-10
304.561	0.278	-0.231	4.69416027641196e-09	7.00081940562606e-10	-7.00239263418318e-10
305.159	0.433	-0.32	4.75482015059415e-09	5.81282503402043e-10	-5.81476302932456e-10
305.909	0.233	-0.317	4.40578883817941e-09	6.57062255984962e-10	-6.5720970498994e-10
306.469	0.301	-0.327	5.55801872786473e-09	6.97844144994613e-10	-6.98065201282662e-10
307.054	0.288	-0.284	4.0753408633611e-09	6.07816949617803e-10	-6.0795348544237e-10
307.692	0.362	-0.35	4.6756216148661e-09	5.87091654041991e-10	-5.87277338700258e-10
308.378	0.227	-0.324	4.05102440794643e-09	6.04155721094708e-10	-6.04290841263688e-10
308.891	0.330	-0.285	5.43978009936659e-09	6.65023672319988e-10	-6.65245886476248e-10
309.573	0.308	-0.352	5.3769704835229e-09	6.57304069826275e-10	-6.57522456707286e-10
310.255	0.300	-0.374	5.05103765142325e-09	6.25756947866602e-10	-6.2596079131182e-10
310.918	0.367	-0.362	4.49304887002275e-09	5.4928379217301e-10	-5.49467450927917e-10
311.541	0.279	-0.257	4.21198018292784e-09	6.40752492841892e-10	-6.40890958926683e-10
312.170	0.367	-0.35	4.94632388054193e-09	6.04734374942668e-10	-6.04936437065864e-10
312.773	0.270	-0.235	4.49907008647335e-09	6.84469857560852e-10	-6.84617240499785e-10
313.309	0.292	-0.266	3.91505406941987e-09	5.95597040610045e-10	-5.9572554624715e-10
313.812	0.313	-0.211	4.33607822370138e-09	6.39654654128712e-10	-6.39801243037575e-10
314.403	0.245	-0.278	4.32803517991695e-09	6.45440590951523e-10	-6.45584281258241e-10
314.918	0.279	-0.271	4.12010566534091e-09	6.14434103167481e-10	-6.14571091463883e-10
315.480	0.276	-0.283	4.13994889309925e-09	6.25177618374606e-10	-6.25314193767603e-10
316.010	0.253	-0.254	4.29788899495688e-09	6.5382699728821e-10	-6.539682855743e-10
316.550	0.324	-0.288	3.69120251262306e-09	5.72890836302461e-10	-5.73009333617387e-10
317.152	0.332	-0.277	5.84318272292328e-09	7.2394009861383e-10	-7.24175512041333e-10
317.792	0.288	-0.308	3.87667845588731e-09	5.71870029521154e-10	-5.72001317890414e-10
318.356	0.275	-0.277	3.87091858960217e-09	5.77335477829894e-10	-5.77465020312805e-10
318.929	0.307	-0.298	4.1692330862608e-09	5.77116353190099e-10	-5.77267135786629e-10
319.527	0.280	-0.291	3.61184890562095e-09	5.60578474370822e-10	-5.606942859395e-10
320.161	0.400	-0.354	4.37844722799375e-09	5.35302680478095e-10	-5.35481508510216e-10
320.925	0.337	-0.364	5.18978883542371e-09	6.4297198914487e-10	-6.43181273091387e-10
321.591	0.346	-0.328	5.4121922927765e-09	6.70478374952072e-10	-6.70695729294826e-10
322.207	0.254	-0.271	4.26854013409301e-09	6.49334095601641e-10	-6.49473849071246e-10
322.767	0.285	-0.306	3.62789975387866e-09	5.41053117409415e-10	-5.4117412393891e-10
323.358	0.296	-0.306	3.67243833607467e-09	5.69925722327394e-10	-5.70042882979647e-10
324.001	0.334	-0.348	4.78050910513376e-09	6.2143090599811e-10	-6.21613669242829e-10
324.654	0.238	-0.319	4.09652308093989e-09	6.23183731071961e-10	-6.23318186083514e-10
325.158	0.298	-0.266	4.33747939276979e-09	6.2474751831963e-10	-6.24897562407605e-10
325.720	0.266	-0.264	4.77558856022983e-09	7.044294302262e-10	-7.04591039229839e-10
326.231	0.293	-0.246	4.97636449155826e-09	7.57000612628651e-10	-7.57163612238047e-10
326.771	0.288	-0.246	5.01360592678969e-09	7.62671866168434e-10	-7.62836081276088e-10
327.334	0.233	-0.276	4.95462833047424e-09	7.68957897190054e-10	-7.69117047092697e-10
327.809	0.319	-0.242	4.45632374730238e-09	6.77917921011784e-10	-6.78064107736651e-10
328.486	0.430	-0.358	3.22267157566048e-09	4.80610854630278e-10	-4.80718501821717e-10
329.167	0.278	-0.251	5.00014346322565e-09	7.296627722023e-10	-7.29833379049654e-10
329.734	0.260	-0.29	4.48799153932064e-09	6.69304925052745e-10	-6.69454584568889e-10
330.362	0.268	-0.367	3.77787754069154e-09	5.63403792465071e-10	-5.63529740696458e-10
330.958	0.319	-0.328	4.66995243538047e-09	6.23036604389892e-10	-6.23210957096363e-10
331.584	0.326	-0.307	3.71139361259906e-09	5.53510625167287e-10	-5.53634960338917e-10
332.174	0.238	-0.264	4.73051395577551e-09	7.34159912600724e-10	-7.3431222084572e-10
332.711	0.238	-0.299	4.64906744331932e-09	7.07218356395596e-10	-7.07370179287025e-10
333.332	0.289	-0.383	3.5723847068016e-09	5.32762284440564e-10	-5.32881688623853e-10
333.975	0.311	-0.353	3.23652469219986e-09	5.12546642486608e-10	-5.12648929296431e-10
334.655	0.294	-0.37	3.19885131287939e-09	4.96456358329427e-10	-4.96558968674616e-10
335.347	0.438	-0.398	2.59672719258494e-09	3.87285297927943e-10	-3.87372280677796e-10
336.055	0.322	-0.27	4.28612408783257e-09	5.8908391484489e-10	-5.89239696129351e-10
336.830	0.377	-0.452	2.54441099639792e-09	3.8707920308568e-10	-3.87162754875736e-10
337.509	0.276	-0.302	3.62618331808869e-09	5.51628402667851e-10	-5.51747772503837e-10
338.186	0.354	-0.401	2.91081193713598e-09	4.34098739636127e-10	-4.34195860125116e-10
338.855	0.232	-0.316	4.14064237131824e-09	6.17515666052902e-10	-6.17654245345053e-10
339.576	0.392	-0.489	2.53940852375319e-09	3.86289231200136e-10	-3.86372188498187e-10
340.372	0.430	-0.404	2.60653417339839e-09	3.96503558645586e-10	-3.96588821623295e-10
341.189	0.409	-0.387	2.6082201519881e-09	4.13034060413385e-10	-4.13116128505208e-10
341.893	0.356	-0.295	3.3526968263549e-09	5.00015698240813e-10	-5.00127692720964e-10
342.655	0.378	-0.407	2.79969387178351e-09	4.17553948799372e-10	-4.17647735468716e-10
343.436	0.371	-0.402	2.83338099814297e-09	4.22548742802436e-10	-4.2264315634321e-10
344.280	0.321	-0.473	2.71631803868458e-09	4.13181137133707e-10	-4.13268740109216e-10
345.036	0.419	-0.435	2.51501805124495e-09	3.82555202830642e-10	-3.8263579553484e-10
346.191	0.478	-0.737	1.72907090201724e-09	2.68330584202376e-10	-2.68385645984115e-10
347.083	0.489	-0.413	2.36268954491176e-09	3.59414565425245e-10	-3.59491988961783e-10
347.907	0.356	-0.335	3.18710316686441e-09	4.75313430917714e-10	-4.75420143549233e-10
348.864	0.573	-0.602	1.91052461532559e-09	2.84932148088853e-10	-2.84996138942035e-10
350.049	0.590	-0.613	1.84718009347798e-09	2.75488858850451e-10	-2.75550720340221e-10
351.166	0.514	-0.527	2.066658876581e-09	3.14394030320271e-10	-3.14461938371228e-10
352.203	0.479	-0.523	2.11547073503477e-09	3.15500058567112e-10	-3.15570955906381e-10
353.174	0.527	-0.492	2.03933131446802e-09	3.10230640172799e-10	-3.1029761741611e-10
354.212	0.580	-0.511	1.95188091425031e-09	2.91096585085927e-10	-2.91161882601303e-10
355.215	0.386	-0.423	2.69497047216954e-09	4.18243745486564e-10	-4.18330293359215e-10
356.180	0.559	-0.579	2.01903095547231e-09	3.13341276764505e-10	-3.13406137537129e-10
357.225	0.550	-0.485	2.17939023856793e-09	3.31532839304196e-10	-3.31604320865018e-10
358.303	0.516	-0.528	2.08344596110312e-09	3.16940462012188e-10	-3.1700884042638e-10
359.437	0.418	-0.617	2.05735682701017e-09	3.0683202051302e-10	-3.06900942973734e-10
360.282	0.543	-0.427	2.13895540043506e-09	3.19003671554294e-10	-3.19075315447548e-10
361.737	0.883	-0.912	1.16955016469077e-09	1.7442547281913e-10	-1.74464670025271e-10
363.147	0.608	-0.527	1.90141283777484e-09	2.83570080150283e-10	-2.83633707722e-10
364.589	0.658	-0.834	1.44134707653563e-09	2.19257590317246e-10	-2.19304753360963e-10
365.760	0.473	-0.512	2.2428822022106e-09	3.34486559996737e-10	-3.34561349799394e-10
366.839	0.751	-0.606	1.63820756961158e-09	2.44310426118843e-10	-2.44365066224334e-10
368.179	0.515	-0.588	1.97453677413144e-09	2.94469617044523e-10	-2.94535522013282e-10
369.315	0.708	-0.621	1.61029044060166e-09	2.40149353320085e-10	-2.40203132142605e-10
370.659	0.706	-0.636	1.58394509935203e-09	2.36221519112089e-10	-2.36274489198058e-10
372.016	0.661	-0.652	1.61998937455519e-09	2.41597725401177e-10	-2.41651854915375e-10
373.266	0.596	-0.589	1.79698861100368e-09	2.67995189848383e-10	-2.68055278389275e-10
374.486	0.686	-0.624	1.64494521313026e-09	2.50231994271251e-10	-2.5028592681535e-10
375.856	0.564	-0.685	1.81028546688264e-09	2.75384200797733e-10	-2.75443606544261e-10
376.980	0.611	-0.559	2.00832283505064e-09	3.0550940720173e-10	-3.05575229319653e-10
378.382	0.887	-0.791	1.45825698985979e-09	2.17477594106212e-10	-2.17526372166943e-10
380.270	0.703	-1.001	1.46205457833018e-09	2.22408389973383e-10	-2.22456297042131e-10
381.880	0.926	-0.907	1.32840955037255e-09	1.98113180664124e-10	-1.98157586182712e-10
383.665	0.698	-0.859	1.49696369601661e-09	2.23253612993342e-10	-2.23303702840864e-10
385.337	0.946	-0.975	1.17635321944197e-09	1.7544069476375e-10	-1.75480120794601e-10
387.254	0.736	-0.971	1.28264898461622e-09	1.9129597689458e-10	-1.91338952957436e-10
389.072	1.064	-1.082	9.9654150823392e-10	1.51602562260604e-10	-1.51635264837413e-10
391.328	1.158	-1.193	9.15678943475411e-10	1.39301487770755e-10	-1.39331568176643e-10
393.671	0.916	-1.185	1.0377734654796e-09	1.54773148171396e-10	-1.5480791718025e-10
395.687	1.752	-1.1	7.49923101679465e-10	1.11840806302617e-10	-1.11865859451937e-10
398.842	1.297	-1.403	7.80813410258947e-10	1.18775477255793e-10	-1.18800989034461e-10
401.504	1.665	-1.365	7.05406793147318e-10	1.07303874292481e-10	-1.07326887775486e-10
404.636	1.575	-1.467	7.32342587831321e-10	1.09217736092037e-10	-1.0924219671871e-10
407.636	1.154	-1.424	8.65469121701972e-10	1.29073551720223e-10	-1.29102540901807e-10
410.085	1.612	-1.296	7.52893621516903e-10	1.12284734902389e-10	-1.12309940156938e-10
413.117	1.318	-1.42	7.94478785650895e-10	1.20857170158727e-10	-1.20883214930148e-10
416.572	1.695	-2.137	5.92799628473514e-10	9.01771272751839e-11	-9.01965428736378e-11
419.809	1.862	-1.542	6.82730060570731e-10	1.01823321395465e-10	-1.01846222792826e-10
423.492	2.080	-1.821	5.69035416260938e-10	8.48663019885239e-11	-8.48853928856449e-11
427.286	1.287	-1.714	6.9115593089046e-10	1.07267560411208e-10	-1.07289811775365e-10
430.250	1.967	-1.677	5.59590169772321e-10	8.86224800691522e-11	-8.86401345004712e-11
434.154	2.100	-1.937	5.27182442797315e-10	7.86242963683701e-11	-7.86419889479797e-11
438.456	2.262	-2.202	4.75883886754398e-10	7.09710482720848e-11	-7.09869450096108e-11
442.917	2.236	-2.199	4.64901890129075e-10	7.21487220743714e-11	-7.2163608978214e-11
447.081	1.345	-1.927	6.53091346347851e-10	9.93474846964906e-11	-9.93688685605929e-11
450.852	1.697	-2.427	5.54279399437095e-10	8.26661483870614e-11	-8.26847126881113e-11
454.578	1.967	-2.029	5.84341666660686e-10	8.71488659980465e-11	-8.71684348624512e-11
458.798	2.185	-2.253	4.11791988607644e-10	7.07077940361844e-11	-7.07197728961251e-11
462.742	2.498	-1.758	4.13886842257266e-10	6.80690305892834e-11	-6.80816000130928e-11
469.589	5.982	-4.349	3.63379426808254e-10	6.6363364332279e-11	-6.63732921337441e-11
477.791	1.935	-2.22	5.23699705968083e-10	7.96691276046973e-11	-7.96863151515873e-11
481.866	1.605	-2.141	3.85382384666157e-10	7.03819615897232e-11	-7.0392503548436e-11
485.259	2.416	-1.788	4.94471924879733e-10	7.52190707766073e-11	-7.52352622656012e-11
489.852	2.055	-2.178	3.3287033640889e-10	6.07896675773967e-11	-6.07987142643643e-11
494.716	1.881	-2.809	3.07875529535443e-10	5.62260351262974e-11	-5.6234434243748e-11
499.304	2.374	-2.708	2.81457893456121e-10	5.29571416909525e-11	-5.29646300055237e-11
504.328	2.850	-2.65	2.61280502022753e-10	4.77175286744383e-11	-4.77246759230068e-11
510.700	2.756	-3.523	2.13682661607556e-10	4.02049091817822e-11	-4.0210570014759e-11
516.317	2.480	-2.861	2.53573707942622e-10	4.63104691404617e-11	-4.63173792115888e-11
522.385	3.151	-3.588	2.10275567980154e-10	3.84037648543841e-11	-3.84095107391394e-11

## XRT - xrtpcflux
3793.281	45.725	-39.524	1.11890770892603e-11	2.50697759074698e-12	-2.50697759074698e-12
3906.979	77.452	-67.972	6.57211007593084e-12	1.47399891731682e-12	-1.47399891731682e-12
4036.238	43.470	-51.808	9.96723398649548e-12	2.23546045208366e-12	-2.23546045208366e-12
4172.462	115.352	-92.754	4.53714958262675e-12	1.02376934196052e-12	-1.02376934196052e-12
4396.022	77.333	-108.208	3.84978079805337e-12	1.00204072456037e-12	-1.00204072456037e-12
4582.351	99.111	-108.996	4.73831001875289e-12	1.0637817984609e-12	-1.0637817984609e-12
4768.479	111.061	-87.017	5.12721894380794e-12	1.15109361601239e-12	-1.15109361601239e-12
4992.799	84.818	-113.259	5.46497850893725e-12	1.19827297707983e-12	-1.19827297707983e-12
5154.876	110.790	-77.259	4.07801432534874e-12	1.06144645319479e-12	-1.06144645319479e-12
5379.462	126.906	-113.796	3.14174925512927e-12	8.2665489542183e-13	-8.2665489542183e-13
5587.036	132.454	-80.668	4.89601452473779e-12	1.10140359526627e-12	-1.10140359526627e-12
5836.014	104.120	-116.524	3.64314635181736e-12	9.44441363236605e-13	-9.44441363236605e-13
6097.561	214.705	-157.428	3.86544888735377e-12	7.71755789224923e-13	-7.71755789224923e-13
9764.843	125.399	-235.653	2.17880451518534e-12	5.65151681863486e-13	-5.65151681863486e-13
10143.516	185.504	-253.275	1.77175854724843e-12	4.62404868731732e-13	-4.62404868731732e-13
10580.532	199.805	-251.511	1.72125989911332e-12	4.49918894097348e-13	-4.49918894097348e-13
10957.905	183.484	-177.568	2.16094803558478e-12	5.6354307564715e-13	-5.6354307564715e-13
11357.441	257.831	-216.051	1.66791177648722e-12	4.34966774139559e-13	-4.34966774139559e-13
11844.694	254.486	-229.422	2.24433256190143e-12	4.97341661827648e-13	-4.97341661827648e-13
15514.307	276.288	-200.1	1.57567084579836e-12	4.1314362381019e-13	-4.1314362381019e-13
15916.418	89.806	-125.823	3.51690123769444e-12	9.15044795326816e-13	-9.15044795326816e-13
16275.011	225.153	-268.787	1.52843523898823e-12	3.99828639186688e-13	-3.99828639186688e-13
16795.832	268.477	-295.669	1.34684186721517e-12	3.52597631891517e-13	-3.52597631891517e-13
17444.154	379.914	-379.845	1.25144795465278e-12	2.999293767696e-13	-2.999293767696e-13
21463.414	232.872	-366.374	1.23427849704416e-12	3.23377547173931e-13	-3.23377547173931e-13
22017.973	317.677	-321.687	1.15209644472302e-12	3.02783790508848e-13	-3.02783790508848e-13
22849.473	809.626	-513.823	7.92430591026985e-13	1.77667024998617e-13	-1.77667024998617e-13
27440.212	393.385	-556.884	8.07158449799839e-13	2.12792300533398e-13	-2.12792300533398e-13
28781.866	668.937	-948.269	7.51830675203884e-13	1.58454960120429e-13	-1.58454960120429e-13
33937.954	1289.789	-1268.68	5.67563341880484e-13	1.09678758716974e-13	-1.09678758716974e-13
39012.721	397.567	-555.208	7.74943364674494e-13	2.06713576190322e-13	-2.06713576190322e-13
40299.312	720.662	-889.023	6.46529044625164e-13	1.4511763405927e-13	-1.4511763405927e-13
44749.584	779.497	-514.272	5.67030737641349e-13	1.51731811370435e-13	-1.51731811370435e-13
45954.476	527.377	-425.395	8.32266703999449e-13	2.13409568809222e-13	-2.13409568809222e-13
52551.274	4616.598	-2531.179	4.24715586623798e-13	7.96713819450681e-14	-7.96713819450681e-14
139501.405	11269.825	-8371.435	2.34068437368543e-13	5.87646267797708e-14	-5.87646267797708e-14
168477.591	11273.001	-12983.373	2.092464148251e-13	5.64736461052633e-14	-5.64736461052633e-14
203992.579	43077.601	-20555.707	2.01147027170085e-13	5.42813343004687e-14	-5.42813343004687e-14
279453.799	8597.965	-26896.916	1.73450464761164e-13	4.6936413036338e-14	-4.6936413036338e-14
358356.672	18072.371	-24022.392	8.01676500167271e-14	2.13466372826404e-14	-2.13466372826404e-14
400585.528	16115.730	-19993.165	1.17530112643002e-13	3.14972387696622e-14	-3.14972387696622e-14
435858.426	15752.574	-14768.28	1.06214836419816e-13	2.97658055905069e-14	-2.97658055905069e-14
468880.529	11170.117	-13111.442	1.83792587399858e-13	4.58039011130456e-14	-4.58039011130456e-14
507901.721	24650.096	-23212.393	7.75848403589134e-14	2.13846301423899e-14	-2.13846301423899e-14
557535.214	21337.017	-20873.95	8.8958105269236e-14	2.41432825362846e-14	-2.41432825362846e-14
606844.112	24047.767	-23926.881	7.9771456494733e-14	2.10448293816544e-14	-2.10448293816544e-14
678416.655	21235.036	-42201.585	6.97457780650273e-14	2.01285042174949e-14	-2.01285042174949e-14
731231.090	20680.994	-27443.858	9.15407546559509e-14	2.45819995391488e-14	-2.45819995391488e-14
757893.484	3916.911	-1901.238	1.57841145353297e-13	1.01717051432351e-13	-7.23650192262858e-14
