## BAT - batSNR4flux
0.720999990105629	0.04	-0.04	1.29916247444386e-08	2.83657833969243e-09	-2.83657833969243e-09
0.801000003218651	0.04	-0.04	1.5481765210388e-08	3.20257695087415e-09	-3.20257695087415e-09
0.881000001430511	0.04	-0.04	1.48730586386844e-08	3.60713018666598e-09	-3.60713018666598e-09
0.941000003814697	0.02	-0.02	2.77808667917751e-08	5.77150636273314e-09	-5.77150636273314e-09
0.980999995470047	0.02	-0.02	2.14222311404587e-08	5.94088157754395e-09	-5.94088157754395e-09
1.0209999871254	0.02	-0.02	3.1044579236004e-08	6.7686789863753e-09	-6.7686789863753e-09
1.10100000023842	0.06	-0.06	2.67639938599933e-08	4.46575927454454e-09	-4.46575927454454e-09
1.18100001335144	0.02	-0.02	4.70167112633876e-08	8.87453246817607e-09	-8.87453246817607e-09
1.22100000500679	0.02	-0.02	3.78404099440167e-08	8.23333649043761e-09	-8.23333649043761e-09
1.26099999666214	0.02	-0.02	3.07240527800586e-08	7.46711673518115e-09	-7.46711673518115e-09
1.30099998831749	0.02	-0.02	3.39258433510005e-08	7.22187535153159e-09	-7.22187535153159e-09
1.36100000560284	0.04	-0.04	2.34188557853922e-08	4.87871468953702e-09	-4.87871468953702e-09
1.42099999308586	0.02	-0.02	2.55867058521615e-08	6.11096979834872e-09	-6.11096979834872e-09
1.46099998474121	0.02	-0.02	1.34127578793675e-08	5.48129245855892e-09	-5.48129245855892e-09
1.50100000619888	0.02	-0.02	2.09583280173936e-08	5.14328146871419e-09	-5.14328146871419e-09
1.56099999368191	0.04	-0.04	1.70315128470396e-08	3.8338656659866e-09	-3.8338656659866e-09
1.64100000679493	0.04	-0.04	2.07916114278878e-08	5.38976273890977e-09	-5.38976273890977e-09
1.70099999427795	0.02	-0.02	4.6083769187984e-08	1.04375335053561e-08	-1.04375335053561e-08
1.7409999859333	0.02	-0.02	5.07082611939742e-08	1.21644086034234e-08	-1.21644086034234e-08
1.78100000739098	0.02	-0.02	4.66570150081451e-08	1.54744872267746e-08	-1.54744872267746e-08
1.82099999904633	0.02	-0.02	8.43515935241086e-08	1.75510966852546e-08	-1.75510966852546e-08
1.86099999070168	0.02	-0.02	1.18756372469472e-07	2.16169668060523e-08	-2.16169668060523e-08
1.90100001215935	0.02	-0.02	1.32264317322682e-07	2.59451667562955e-08	-2.59451667562955e-08
1.9410000038147	0.02	-0.02	1.4432335095689e-07	2.65033370920763e-08	-2.65033370920763e-08
1.98099999547005	0.02	-0.02	1.05108467308153e-07	2.68105509834188e-08	-2.68105509834188e-08
2.0209999871254	0.02	-0.02	1.24690713123945e-07	3.0162956061784e-08	-3.0162956061784e-08
2.06100000858307	0.02	-0.02	1.186185714987e-07	2.94304471736693e-08	-2.94304471736693e-08
2.10100000023842	0.02	-0.02	1.11793638165095e-07	3.14214357880373e-08	-3.14214357880373e-08
2.14099999189377	0.02	-0.02	1.50188760637913e-07	3.19898272162048e-08	-3.19898272162048e-08
2.20100000917912	0.04	-0.04	1.15573675548857e-07	2.29499025255217e-08	-2.29499025255217e-08
2.28099999248981	0.04	-0.04	1.00546875736058e-07	2.52692294020523e-08	-2.52692294020523e-08
2.34100000977516	0.02	-0.02	1.41297835608447e-07	2.68164527155057e-08	-2.68164527155057e-08
2.40099999725819	0.04	-0.04	4.68590034256209e-08	1.44539938539244e-08	-1.44539938539244e-08
2.46099998474121	0.02	-0.02	6.56214760104174e-08	1.63119353175077e-08	-1.63119353175077e-08
2.54099999785423	0.02	-0.02	4.56598993078593e-08	1.1272151303554e-08	-1.1272151303554e-08
2.58099998950958	0.02	-0.02	5.21102446784363e-08	9.84384001172908e-09	-9.84384001172908e-09
2.62100001096725	0.02	-0.02	3.28710955586024e-08	7.86198424239391e-09	-7.86198424239391e-09
2.68099999845028	0.04	-0.04	1.76781113842011e-08	4.54323794954292e-09	-4.54323794954292e-09
2.76099999666214	0.04	-0.04	1.36203549767388e-08	3.17639557305361e-09	-3.17639557305361e-09
2.840999994874	0.04	-0.04	1.00227625930669e-08	2.19908169735761e-09	-2.19908169735761e-09
2.90100001215935	0.02	-0.02	1.08056004386612e-08	2.44556107387006e-09	-2.44556107387006e-09
2.9410000038147	0.02	-0.02	1.01052050209334e-08	2.34932489374359e-09	-2.34932489374359e-09
2.98099999547005	0.02	-0.02	1.12802785760432e-08	2.51303375115015e-09	-2.51303375115015e-09
3.04099999785423	0.04	-0.04	6.00263709335768e-09	1.86010098490342e-09	-1.86010098490342e-09
3.12099999606609	0.04	-0.04	1.03435407761057e-08	2.11999005436349e-09	-2.11999005436349e-09
3.18100001335144	0.02	-0.02	1.38536225182305e-08	3.43402818433802e-09	-3.43402818433802e-09
3.24100000083447	0.04	-0.04	1.15414826024008e-08	2.42789031506417e-09	-2.42789031506417e-09
3.32099999904633	0.04	-0.04	1.39062291368596e-08	2.86860710686111e-09	-2.86860710686111e-09
3.44099999636412	0.08	-0.08	1.12001415748962e-08	2.31253675205143e-09	-2.31253675205143e-09
3.56099999368191	0.04	-0.04	1.64579117022931e-08	4.06368701619738e-09	-4.06368701619738e-09
3.62100001096725	0.02	-0.02	2.6271480958413e-08	6.00789832576268e-09	-6.00789832576268e-09
3.70099999427795	0.06	-0.06	1.56063541936291e-08	3.91071472227369e-09	-3.91071472227369e-09
3.82099999904633	0.06	-0.06	1.95682046711574e-08	4.40145272552099e-09	-4.40145272552099e-09
3.92100000798702	0.04	-0.04	2.54122221302108e-08	5.70532602383488e-09	-5.70532602383488e-09
4.08099999944369	0.12	-0.12	2.04291564343912e-08	3.99700912344319e-09	-3.99700912344319e-09
4.24100000083446	0.04	-0.04	4.03780680461179e-08	8.48085729122142e-09	-8.48085729122142e-09
4.42099999734334	0.14	-0.14	2.63094140836504e-08	5.41305525246352e-09	-5.41305525246352e-09
4.72099999755621	0.16	-0.16	3.24491462445026e-08	6.88221444989568e-09	-6.88221444989568e-09
4.9410000038147	0.06	-0.06	6.5603209539504e-08	1.45915880884999e-08	-1.45915880884999e-08
5.16099999889731	0.16	-0.16	4.42852069449644e-08	1.14227983907803e-08	-1.14227983907803e-08
5.40099999725819	0.08	-0.08	7.12445317525645e-08	1.69579584859182e-08	-1.69579584859182e-08
5.54099999785423	0.06	-0.06	8.33930698320535e-08	1.96580125075947e-08	-1.96580125075947e-08
5.78100000076824	0.18	-0.18	4.04430857917452e-08	1.0320458135495e-08	-1.0320458135495e-08
6.14099999851651	0.18	-0.18	4.32048165656115e-08	1.00526911019221e-08	-1.00526911019221e-08
6.58099999867953	0.26	-0.26	2.32847755464508e-08	7.68327509526472e-09	-7.68327509526472e-09
7.12100000032356	0.28	-0.28	3.05556816611107e-08	7.06212969405594e-09	-7.06212969405594e-09
7.58099999613232	0.18	-0.18	3.50269271786301e-08	8.08347990629532e-09	-8.08347990629532e-09
7.82099999904633	0.06	-0.06	6.75631793948368e-08	1.3528042454793e-08	-1.3528042454793e-08
8.12100000103314	0.24	-0.24	2.60623961089732e-08	6.46350036557257e-09	-6.46350036557257e-09
8.62099999721233	0.26	-0.26	1.48977737304094e-08	6.14412093691357e-09	-6.14412093691357e-09
9.14100000106371	0.26	-0.26	3.07240100341253e-08	6.3676662942975e-09	-6.3676662942975e-09
12.3009999990052	2.9	-2.9	1.08240912083337e-08	2.13833238887826e-09	-2.13833238887826e-09
21.040999998977	5.83999999999996	-5.83999999999996	8.58790357308477e-09	1.99166119765599e-09	-1.99166119765599e-09
26.9010000121593	0.02	-0.02	1.48179644723922e-07	3.70284279302147e-08	-3.70284279302147e-08
129.24099999906	20.4799999999997	-20.4799999999997	1.68545988167515e-09	5.70727192164736e-10	-5.70727192164736e-10
149.820999999046	0.1	-0.1	6.38670948761571e-08	1.47971678810501e-08	-1.47971678810501e-08
150.760999996662	0.12	-0.12	5.93644161173e-08	1.40391538906627e-08	-1.40391538906627e-08
151.480999999444	0.6	-0.6	1.5816836383816e-08	6.51150675941672e-09	-6.51150675941672e-09
152.28099999845	0.2	-0.2	4.90188309846556e-08	1.16007951749856e-08	-1.16007951749856e-08
153.500999999187	1.02	-1.02	2.3829471020855e-08	5.47485557491349e-09	-5.47485557491349e-09
154.660999998365	0.14	-0.14	6.41386349044672e-08	1.59464566916077e-08	-1.59464566916077e-08
156.160999999117	1.36	-1.36	2.42544955881552e-08	5.69029566750131e-09	-5.69029566750131e-09
158.200999998661	0.68	-0.68	5.22592063911937e-08	1.0676836815546e-08	-1.0676836815546e-08
161.640999999237	2.76	-2.76	4.43900127056293e-08	1.06572784033331e-08	-1.06572784033331e-08
165.000999998252	0.6	-0.6	1.8676161822672e-07	4.56191585060757e-08	-4.56191585060757e-08
166.880999999102	1.28	-1.28	1.85851922949707e-07	4.57678817873622e-08	-4.57678817873622e-08
170.860999999091	2.7	-2.7	8.58219580741973e-08	1.97633157663814e-08	-1.97633157663814e-08
185.440999999049	11.8799999999998	-11.8799999999998	5.69771503794363e-09	1.25045097577787e-09	-1.25045097577787e-09

## XRT - xrtwtflux
80.834	3.081	-3.918	3.56640474357991e-10	8.50572655463848e-11	-7.99430145840384e-11
88.983	8.098	-5.068	3.29932662825534e-10	6.66859828344601e-11	-6.82792583153624e-11
101.310	5.882	-4.229	1.77881585146956e-10	3.50087207319094e-11	-3.54310440486797e-11
111.593	3.704	-4.402	2.17913165270397e-10	4.13133879630063e-11	-4.15700929074678e-11
123.883	6.431	-8.586	2.20275952969876e-10	4.17839514434237e-11	-4.2067083917897e-11
132.878	1.912	-2.564	6.86541585666815e-10	1.08296810908214e-10	-1.09873534325027e-10
136.000	1.110	-1.21	1.4783210369771e-09	2.28277947205421e-10	-2.31510352498764e-10
138.251	0.729	-1.14	2.11679823362666e-09	3.21236148738479e-10	-3.268723468476e-10
139.954	0.803	-0.974	2.44968740171903e-09	3.72822859733887e-10	-3.80415894829534e-10
141.227	0.399	-0.469	5.37095409799938e-09	8.18298876650858e-10	-8.35809025342356e-10
142.050	0.401	-0.424	5.65768012012004e-09	8.61723706352713e-10	-8.79915850674081e-10
142.705	0.306	-0.254	8.30533888375229e-09	1.28855534180852e-09	-1.31289201022863e-09
143.300	0.311	-0.289	7.84509885688325e-09	1.22076148401393e-09	-1.24728058796229e-09
143.959	0.214	-0.348	8.50792957998434e-09	1.29878486230218e-09	-1.32895684775857e-09
144.461	0.326	-0.288	7.68006432119299e-09	1.19648862671096e-09	-1.22378377226398e-09
145.044	0.318	-0.257	7.90232052126656e-09	1.23126465517538e-09	-1.25948954627092e-09
145.672	0.332	-0.31	1.00076763014601e-08	1.28454908305984e-09	-1.32830350567667e-09
146.325	0.311	-0.321	9.30593606288269e-09	1.24037089516536e-09	-1.27745384299401e-09
146.901	0.374	-0.265	9.12425243716833e-09	1.15503581371361e-09	-1.19443710317639e-09
147.541	0.237	-0.267	1.3582265712175e-08	1.63248372815017e-09	-1.69489825980077e-09
148.037	0.251	-0.26	1.31282069998451e-08	1.65060706526291e-09	-1.70954753244056e-09
148.534	0.256	-0.246	1.5334805066534e-08	1.85399280105423e-09	-1.93399865132912e-09
149.052	0.250	-0.262	1.37608430829856e-08	1.83490425555416e-09	-1.90341164643399e-09
149.554	0.252	-0.252	1.74031876428001e-08	2.01956180091182e-09	-2.12282867529911e-09
150.172	0.594	-0.366	2.20444122585086e-08	3.79471855996191e-09	-3.9631716650089e-09
151.346	0.607	-0.579	2.12386571886195e-08	3.59019237113802e-09	-6.87816284262248e-09
152.511	0.485	-0.558	2.36339447347983e-08	3.7751790385081e-09	-8.04865207368058e-09
153.532	0.389	-0.536	2.59155646120016e-08	4.32043387381082e-09	-8.19455186912101e-09
154.362	0.344	-0.441	2.93853191430705e-08	4.77987154166592e-09	-9.86386606775605e-09
155.160	0.542	-0.455	2.1640112848593e-08	3.7548400421087e-09	-6.95073618843313e-09
156.099	0.475	-0.397	2.64100040728204e-08	5.53412226344228e-09	-5.72678883348963e-09
156.971	0.432	-0.397	2.81786827868869e-08	5.7755886588162e-09	-6.7127213451116e-09
157.763	0.343	-0.36	3.4886852252213e-08	6.12409478408359e-09	-1.04591348906045e-08
158.513	0.374	-0.408	3.3173829341482e-08	6.09460346410318e-09	-9.03999981722511e-09
159.475	0.621	-0.589	1.95894927458834e-08	4.26065285838029e-09	-4.17377133595892e-09
160.583	0.524	-0.486	2.18397407273179e-08	4.69337553869962e-09	-4.87071023941557e-09
161.557	0.465	-0.45	2.40765661718509e-08	5.06945387725623e-09	-5.26102534563382e-09
162.509	0.473	-0.488	2.09669281235861e-08	4.1692270269664e-09	-5.82514420282858e-09
163.512	0.431	-0.529	2.15749702736423e-08	3.98287986023091e-09	-6.68894448990281e-09
164.398	0.441	-0.455	2.31041737824993e-08	3.96521094725411e-09	-8.19135104215439e-09
165.289	0.428	-0.449	2.51329226762928e-08	4.25557117906555e-09	-8.66075621660344e-09
166.201	0.533	-0.485	2.11823296923583e-08	3.99684660635773e-09	-6.46967446060663e-09
167.158	0.343	-0.424	2.94263810357576e-08	4.99979668576417e-09	-1.07622175896432e-08
167.859	0.379	-0.357	3.13018145865113e-08	5.11123398620497e-09	-1.2076242836323e-08
168.539	0.294	-0.302	3.934571002439e-08	6.74166974993466e-09	-1.37953510238114e-08
169.148	0.301	-0.314	3.94419644000665e-08	8.38954384595807e-09	-8.42492872352125e-09
169.777	0.333	-0.327	3.63735968382939e-08	6.95815956216753e-09	-1.02100711483014e-08
170.410	0.336	-0.301	3.72939127483873e-08	6.52520079194146e-09	-1.27711779948925e-08
171.076	0.293	-0.33	3.92143312952953e-08	6.07263214109717e-09	-1.60351674668112e-08
171.677	0.266	-0.308	3.79064928453e-08	7.59627749398573e-09	-9.61801387261821e-09
172.199	0.246	-0.255	4.36567199192183e-08	9.66863119127891e-09	-8.06111634858445e-09
172.743	0.325	-0.297	2.76641694441188e-08	6.21774497036436e-09	-5.40577883894579e-09
173.294	0.294	-0.226	3.15028826644812e-08	6.56574385277342e-09	-7.10340343589899e-09
173.841	0.252	-0.254	3.19261891727179e-08	7.39074588728921e-09	-5.76406542748429e-09
174.343	0.251	-0.25	3.57092840406934e-08	7.47040027453264e-09	-7.83461152679476e-09
174.857	0.248	-0.263	3.22268453911253e-08	6.60256438251566e-09	-7.99412307291685e-09
175.420	0.226	-0.315	3.0933726645031e-08	6.39092956378342e-09	-7.41424621106626e-09
175.905	0.265	-0.259	3.27366990880353e-08	6.62627147442708e-09	-7.97167528733221e-09
176.453	0.331	-0.282	2.77758596613292e-08	5.62883941100562e-09	-6.87093115154365e-09
177.062	0.325	-0.278	2.86131640811206e-08	5.51326022753939e-09	-7.88589171457766e-09
177.737	0.334	-0.349	2.52538947294484e-08	5.69642720436899e-09	-4.80246519494528e-09
178.404	0.334	-0.333	2.58111350929394e-08	5.89655644010898e-09	-4.74642834245485e-09
179.087	0.361	-0.349	2.42980449932456e-08	5.01530387307382e-09	-5.79154526005567e-09
179.816	0.363	-0.369	2.33786889800778e-08	3.90935217941027e-09	-8.36398255585721e-09
180.554	0.420	-0.375	2.07766555980816e-08	4.0544982926826e-09	-5.72453776444512e-09
181.313	0.407	-0.339	2.14800191692996e-08	4.5820898728676e-09	-4.85935668021192e-09
181.967	0.296	-0.247	2.95094728318168e-08	6.6096475033248e-09	-5.63742628373976e-09
182.615	0.384	-0.352	2.0930285759032e-08	4.69089398080432e-09	-4.26503996143858e-09
183.426	0.364	-0.427	2.08486659310386e-08	4.69668046715284e-09	-3.87277617565315e-09
184.255	0.461	-0.464	1.789493023535e-08	3.75563835149258e-09	-4.0256471590426e-09
185.069	0.355	-0.353	2.30679781111154e-08	4.38316564352246e-09	-6.53983597399365e-09
185.810	0.374	-0.386	2.12201651053997e-08	3.51968199967155e-09	-7.79462747671418e-09
186.679	0.410	-0.496	1.7720898464358e-08	2.9648799217626e-09	-6.24776593858027e-09
187.537	0.432	-0.447	1.8006389458586e-08	3.18694259826901e-09	-5.69011407459105e-09
188.385	0.420	-0.416	1.87052728965504e-08	3.55351747634377e-09	-5.23542800573715e-09
189.253	0.454	-0.449	1.72136012641885e-08	2.90365072033912e-09	-6.06518275640185e-09
190.166	0.417	-0.46	1.81103643003722e-08	2.89151143406442e-09	-7.07539965505372e-09
191.110	0.516	-0.526	1.56042107633805e-08	2.56093500903673e-09	-5.99362450199361e-09
191.986	0.383	-0.36	2.24229614192598e-08	3.52944509190529e-09	-8.83371467645854e-09
192.808	0.449	-0.439	1.85386842024127e-08	2.8743341413421e-09	-7.28331194635145e-09
193.854	0.417	-0.597	1.57628037070057e-08	2.82160110245728e-09	-4.84068049559345e-09
194.757	0.474	-0.485	1.69205486821264e-08	2.98674190512287e-09	-5.26455303747104e-09
195.727	0.482	-0.496	1.60554346180019e-08	2.60882497006046e-09	-6.09634235078045e-09
196.808	0.428	-0.599	1.55643058812321e-08	2.5418706349716e-09	-5.69092200370617e-09
197.731	0.512	-0.495	1.59834955003913e-08	2.61809177807798e-09	-5.75820222289133e-09
198.709	0.452	-0.466	1.68119334699234e-08	2.93350453528932e-09	-5.71535497266468e-09
199.701	0.562	-0.541	1.46073741522181e-08	2.43830664595796e-09	-5.01695606594099e-09
200.718	0.439	-0.454	1.73903883372798e-08	3.33148800531933e-09	-4.85876442230335e-09
201.865	0.638	-0.709	1.15437273584456e-08	1.97901394121995e-09	-3.99892054762656e-09
203.005	0.477	-0.502	1.60407221387399e-08	3.07041909356596e-09	-4.42685695318049e-09
204.059	0.587	-0.577	1.32867959805206e-08	2.5748554410411e-09	-3.57216577484508e-09
205.345	0.673	-0.699	1.14709041363239e-08	2.00449269663138e-09	-3.68166076243208e-09
206.583	0.484	-0.566	1.46970009477622e-08	2.43797421150904e-09	-5.30577166253407e-09
207.696	0.688	-0.629	1.16231211933727e-08	1.93837371070421e-09	-4.21860593716641e-09
208.839	0.486	-0.455	1.66506464866221e-08	2.81448597213743e-09	-5.74249456265733e-09
209.951	0.628	-0.627	1.25540368721e-08	2.17343200252162e-09	-4.15098871145791e-09
211.344	0.680	-0.765	1.08716264276265e-08	1.7734474172333e-09	-4.04168789922697e-09
212.696	0.847	-0.673	1.03879584290102e-08	1.85735049578965e-09	-3.28133872726343e-09
214.385	0.751	-0.842	1.01624246888291e-08	1.72899575932305e-09	-3.51197086864327e-09
216.132	0.726	-0.997	9.07126218963664e-09	1.82969492052676e-09	-2.42362470683137e-09
217.711	0.804	-0.854	1.00132914967752e-08	2.023986721277e-09	-2.3825366229535e-09
219.557	0.672	-1.042	9.53005680683589e-09	1.89033353582182e-09	-2.4008804621066e-09
220.963	0.912	-0.734	9.86453785141255e-09	1.78817204116161e-09	-3.03592342546579e-09
222.685	0.495	-0.81	8.80596000582781e-09	1.34157225685138e-09	-2.40998730511498e-09
223.497	0.278	-0.316	7.40525835798688e-09	1.05954675689436e-09	-1.13540050860652e-09
224.047	0.254	-0.272	8.42902777666273e-09	1.22342432144693e-09	-1.30852077952183e-09
224.645	0.382	-0.343	5.90642853022962e-09	8.7995365844033e-10	-9.38136745741187e-10
225.423	0.337	-0.396	5.89366123342833e-09	8.71731087495644e-10	-9.30057900333438e-10
226.091	0.361	-0.331	6.29579798502609e-09	9.12609632727376e-10	-9.76341924731878e-10
226.727	0.258	-0.274	8.19488922264374e-09	1.17380452836089e-09	-1.25726858340919e-09
227.296	0.331	-0.312	6.86127961824627e-09	9.81506439073582e-10	-1.05183442210439e-09
227.910	0.290	-0.283	7.68680075009978e-09	1.14615832883634e-09	-1.22165397960162e-09
228.531	0.368	-0.331	6.71292229667263e-09	9.91122140338852e-10	-1.05710621330058e-09
229.181	0.329	-0.283	8.10215561123988e-09	1.173440871139e-09	-1.25521766304603e-09
229.867	0.316	-0.356	7.07814809779725e-09	1.00691673561045e-09	-1.07966341224969e-09
230.562	0.319	-0.379	6.39186091250342e-09	9.28409325649949e-10	-9.92849583377571e-10
231.183	0.316	-0.303	7.09619240031547e-09	1.01766216390028e-09	-1.08986659203522e-09
231.790	0.317	-0.29	7.49634270901653e-09	1.08270958524944e-09	-1.15877971035205e-09
232.436	0.389	-0.33	6.49196808931012e-09	9.34284686252202e-10	-1.00043081854465e-09
233.135	0.334	-0.31	7.39951806942199e-09	1.05196224060049e-09	-1.12798157612734e-09
233.844	0.369	-0.375	6.4650008010171e-09	9.17336213554511e-10	-9.82981553074137e-10
234.610	0.411	-0.397	6.1623187023156e-09	8.80212451461368e-10	-9.43180606022234e-10
235.392	0.332	-0.371	7.07114595395472e-09	1.01002751996105e-09	-1.08253816718624e-09
236.034	0.333	-0.311	5.21938802420692e-09	8.75221535914846e-10	-9.21255826335977e-10
236.651	0.337	-0.284	5.21312403601154e-09	9.0226887501753e-10	-9.46876939674636e-10
237.380	0.402	-0.391	5.43105213977334e-09	8.25273932612991e-10	-8.77511194398603e-10
238.125	0.308	-0.343	5.67708187711604e-09	8.82863248481206e-10	-9.36082706744601e-10
238.798	0.336	-0.365	6.72229084236777e-09	9.49862399136169e-10	-1.01934740100478e-09
239.440	0.341	-0.306	7.29654876258222e-09	1.0413137555009e-09	-1.11619598897863e-09
240.055	0.330	-0.273	5.46832722274201e-09	9.12242406781489e-10	-9.60759461814576e-10
240.649	0.303	-0.265	6.03045323749044e-09	1.00605048494713e-09	-1.05954302840103e-09
241.271	0.348	-0.319	5.19245774894778e-09	8.67822845214227e-10	-9.13685225375285e-10
241.877	0.333	-0.258	5.82429296531725e-09	9.67563271391727e-10	-1.0188499894656e-09
242.529	0.319	-0.32	5.27090824095355e-09	8.6451276936986e-10	-9.10981179452005e-10
243.195	0.352	-0.347	4.6943468721021e-09	7.83264431139838e-10	-8.23977453363701e-10
243.873	0.398	-0.326	4.75770825205352e-09	7.75622941486487e-10	-8.18088000634156e-10
244.719	0.366	-0.447	4.20032498140088e-09	6.87788176885644e-10	-7.24669107626246e-10
245.420	0.382	-0.335	4.81794759372263e-09	7.85160896761768e-10	-8.26949027318734e-10
246.183	0.376	-0.382	4.48675592413446e-09	7.3855002426808e-10	-7.7582460816282e-10
246.870	0.282	-0.31	5.81573717026901e-09	9.61078128505658e-10	-1.01273148155674e-09
247.496	0.275	-0.344	5.5913722242797e-09	9.42407917867728e-10	-9.91428325776431e-10
248.041	0.321	-0.27	5.7480579402119e-09	9.82281225209404e-10	-1.03198063341883e-09
248.792	0.391	-0.429	4.26475552038366e-09	7.08413895811035e-10	-7.4623803858347e-10
249.520	0.365	-0.338	5.04646277467311e-09	8.3195321142481e-10	-8.7672676921366e-10
250.306	0.365	-0.421	4.57889236602404e-09	7.58549137469183e-10	-7.99268680820463e-10
251.009	0.242	-0.338	6.44711568448371e-09	1.06703968746334e-09	-1.12436489656845e-09
251.559	0.340	-0.308	5.8554216592736e-09	9.96111311625272e-10	-1.04693593321502e-09
252.212	0.329	-0.313	6.0184958151131e-09	1.0447836581992e-09	-1.09602032441778e-09
252.914	0.387	-0.373	5.28219022897014e-09	9.06018318263346e-10	-9.51490149608055e-10
253.625	0.320	-0.324	6.92016066180644e-09	1.11414404943955e-09	-1.17729047656629e-09
254.328	0.462	-0.383	6.64918881147576e-09	9.68064709986962e-10	-1.03461056534508e-09
255.210	0.407	-0.42	4.8080255046712e-09	7.91449352421858e-10	-8.34526352429596e-10
255.948	0.418	-0.331	5.10005943757212e-09	8.38312987005036e-10	-8.83409255461907e-10
256.815	0.519	-0.449	3.86836691383411e-09	6.3782227905887e-10	-6.7213725664703e-10
257.822	0.420	-0.488	4.03146190023855e-09	6.66289119280952e-10	-7.02095300777809e-10
258.642	0.406	-0.4	4.45401121785361e-09	7.2935183361717e-10	-7.68444919043921e-10
259.475	0.537	-0.427	3.69466771918768e-09	6.15132987639589e-10	-6.47026113341469e-10
260.649	0.412	-0.637	3.63750975450164e-09	5.95476016090163e-10	-6.27401971031194e-10
261.531	0.587	-0.47	3.70366006144418e-09	6.18806794863142e-10	-6.50930822951311e-10
262.703	0.488	-0.584	3.8479651467603e-09	6.45767309897973e-10	-6.7937343910632e-10
263.810	0.551	-0.619	3.6054611653251e-09	5.89119043061137e-10	-6.20653367482985e-10
264.821	0.591	-0.459	3.84098474687316e-09	6.42767382312168e-10	-6.76214164943762e-10
265.956	0.522	-0.544	3.65279907337076e-09	6.16265724425586e-10	-6.4822385894055e-10
266.962	0.541	-0.485	3.68023114951933e-09	6.18966060513637e-10	-6.51147331828422e-10
268.110	0.527	-0.606	3.24699053140737e-09	5.46128288331059e-10	-5.74519804724961e-10
269.311	0.683	-0.674	2.76100920302652e-09	4.56904986491782e-10	-4.81441388150989e-10
270.592	0.421	-0.597	3.69429241320051e-09	6.08659688184562e-10	-6.41404935648966e-10
271.832	0.869	-0.82	2.23331763442596e-09	3.67064108924897e-10	-3.86735014773701e-10
273.292	0.700	-0.592	2.91102645325363e-09	4.88777178746674e-10	-5.14178870449015e-10
274.653	0.945	-0.661	2.33332200440178e-09	4.06317089397615e-10	-4.25990157362671e-10
276.407	0.944	-0.809	2.29216509166856e-09	3.80017260430025e-10	-3.99562918091189e-10
278.103	0.680	-0.752	2.8613541431954e-09	4.83631262038699e-10	-5.07757400727464e-10
279.644	0.722	-0.861	2.7565927667567e-09	4.52591211604307e-10	-4.76908446004949e-10
281.306	0.879	-0.939	2.44314919112778e-09	4.0611935192126e-10	-4.27826453109077e-10
283.167	0.939	-0.982	2.35583132572081e-09	3.87320834279442e-10	-4.08100844529719e-10
285.102	0.849	-0.996	2.50162875956379e-09	4.15712936323874e-10	-4.37884079693541e-10
287.277	0.957	-1.325	2.06529490264708e-09	3.44620656310924e-10	-3.62935972741253e-10
289.468	1.490	-1.234	1.71412941608885e-09	2.93352496427864e-10	-3.08066957009265e-10
292.051	1.264	-1.093	2.08785317046696e-09	3.45235899526844e-10	-3.63705349244446e-10
295.227	1.579	-1.912	1.40195741927333e-09	2.38230683371449e-10	-2.50169999549174e-10
298.230	1.151	-1.424	1.9795460513952e-09	3.33046789447448e-10	-3.50336101381377e-10
300.898	1.588	-1.518	1.64960402958594e-09	2.80086356485426e-10	-2.94132673688042e-10
304.696	2.544	-2.209	1.07507777677509e-09	1.90331930100543e-10	-1.99234777300021e-10
309.749	1.796	-2.509	1.32022636113787e-09	2.1644742224282e-10	-2.28059234295973e-10
313.633	1.951	-2.088	9.25297468305887e-10	1.7731783100247e-10	-1.84242442167199e-10

## XRT - xrtpcflux
3759.246	47.875	-42.389	1.34305034694566e-11	3.0161726800142e-12	-3.0161726800142e-12
3849.016	50.874	-41.896	1.30076298359277e-11	2.92301522656134e-12	-2.92301522656134e-12
3951.941	30.691	-52.051	1.5316483007246e-11	3.34429481749754e-12	-3.34429481749754e-12
4046.128	64.376	-63.497	9.74218257208858e-12	2.18110802109511e-12	-2.18110802109511e-12
4153.199	32.525	-42.694	1.71687484091305e-11	3.84854242739622e-12	-3.84854242739622e-12
4231.553	46.941	-45.829	1.39403271220501e-11	3.12292924363362e-12	-3.12292924363362e-12
4337.332	41.455	-58.837	1.25197880241807e-11	2.80296679533096e-12	-2.80296679533096e-12
4414.075	42.438	-35.288	1.58816029897274e-11	3.55561953450037e-12	-3.55561953450037e-12
4501.396	67.946	-44.883	1.07721220509475e-11	2.41766503684653e-12	-2.41766503684653e-12
4618.685	35.905	-49.343	1.40795943576017e-11	3.15218075930766e-12	-3.15218075930766e-12
4715.540	51.879	-60.95	1.1184312987316e-11	2.45069314401935e-12	-2.45069314401935e-12
4797.953	42.177	-30.535	1.66427532139593e-11	3.72372869542165e-12	-3.72372869542165e-12
4905.829	47.130	-65.699	1.07345607946863e-11	2.40180131367318e-12	-2.40180131367318e-12
4991.011	39.674	-38.052	1.55425971550964e-11	3.48617969210898e-12	-3.48617969210898e-12
5078.534	37.400	-47.849	1.43212258082493e-11	3.20429947022634e-12	-3.20429947022634e-12
5173.736	62.548	-57.802	1.02319700790644e-11	2.29501422358049e-12	-2.29501422358049e-12
5295.985	53.128	-59.701	1.08998024067782e-11	2.44178773734792e-12	-2.44178773734792e-12
5402.828	41.563	-53.714	1.34408346395047e-11	2.93993804166435e-12	-2.93993804166435e-12
5532.998	89.411	-88.608	6.82832501195764e-12	1.53538192681582e-12	-1.53538192681582e-12
5693.016	39.715	-70.606	1.09495582651487e-11	2.45445044547046e-12	-2.45445044547046e-12
5779.960	30.498	-47.229	1.54040107289074e-11	3.45723353830163e-12	-3.45723353830163e-12
5919.001	163.977	-108.544	1.03325455760238e-11	1.84504268844258e-12	-1.84504268844258e-12
9331.058	97.803	-90.245	7.40264777637996e-12	1.66345193403123e-12	-1.66345193403123e-12
9574.655	82.371	-145.794	6.10855622200112e-12	1.37190360675937e-12	-1.37190360675937e-12
9782.990	99.695	-125.963	4.50074824883825e-12	1.16803704036251e-12	-1.16803704036251e-12
9972.610	108.152	-89.926	5.05506009369044e-12	1.31285256996627e-12	-1.31285256996627e-12
10225.483	88.458	-144.722	4.19013152309317e-12	1.08981673462438e-12	-1.08981673462438e-12
10459.405	157.920	-145.464	3.45045888388183e-12	8.66753190823902e-13	-8.66753190823902e-13
10727.043	166.085	-109.718	3.56895591233471e-12	9.24190516228732e-13	-9.24190516228732e-13
10999.080	119.706	-105.952	4.93215915893303e-12	1.20239998057443e-12	-1.20239998057443e-12
11249.991	127.047	-131.205	3.80384205389466e-12	9.92255127038078e-13	-9.92255127038078e-13
11606.077	275.215	-229.038	5.12188526368581e-12	8.74757809397805e-13	-8.74757809397805e-13
16633.655	224.445	-226.869	2.1900775774514e-12	5.73414048488061e-13	-5.73414048488061e-13
17126.974	300.285	-268.874	2.48506871201603e-12	5.4666277854842e-13	-5.4666277854842e-13
21019.672	262.429	-208.946	2.15975983870653e-12	5.66642707470649e-13	-5.66642707470649e-13
21544.511	311.764	-262.41	1.79394295256445e-12	4.70981907715239e-13	-4.70981907715239e-13
22178.321	194.459	-322.046	2.02763093058002e-12	5.31262656987706e-13	-5.31262656987706e-13
22729.831	569.505	-357.051	1.79410126058603e-12	3.969435491272e-13	-3.969435491272e-13
27154.290	533.150	-557.529	1.0621024442824e-12	2.80169879372749e-13	-2.80169879372749e-13
28313.234	866.075	-625.794	8.61419248429027e-13	2.22680341046461e-13	-2.22680341046461e-13
32947.236	372.739	-564.476	1.10890517934955e-12	2.91873182703452e-13	-2.91873182703452e-13
34208.335	814.431	-888.361	9.55754031983758e-13	2.00351841758935e-13	-2.00351841758935e-13
39637.407	1169.716	-1470.666	5.568997205654e-13	1.29314135143972e-13	-1.29314135143972e-13
71313.175	4207.481	-4151.765	2.39917163121388e-13	5.92361872844272e-14	-5.92361872844272e-14
87102.105	5768.796	-8140.019	1.86964671865269e-13	4.63152288925609e-14	-4.63152288925609e-14
97627.284	4324.476	-1599.808	3.60984327645254e-13	9.69997485034674e-14	-9.69997485034674e-14
103269.880	1129.058	-1318.12	4.52103960915576e-13	1.18872047992732e-13	-1.18872047992732e-13
113494.106	8310.844	-5872.652	1.55285996925346e-13	4.35101263007381e-14	-4.35101263007381e-14
136824.774	13902.856	-11737.303	1.5696309860821e-13	3.17858242702175e-14	-3.17858242702175e-14
198721.177	78471.084	-33051.176	6.61846676961053e-14	1.78550999909101e-14	-1.78550999909101e-14
391010.247	146462.552	-108995.665	3.81830653846903e-14	1.10156220819295e-14	-1.10156220819295e-14
595249.763	79744.542	-52475.275	2.61751021488766e-14	1.48562816711009e-14	-1.12769586234668e-14
