READ TERR 1 2
! batSNR4flux

NO NO NO NO NO NO
! xrtpcflux_nosys
117.010	22.067	-13.035	4.60310643648355e-11	1.0349384609581e-11	-1.0349384609581e-11
156.880	14.793	-17.802	5.93865157250386e-11	1.26822412883315e-11	-1.26822412883315e-11
189.303	14.964	-17.631	6.42755001479876e-11	1.37262993755263e-11	-1.37262993755263e-11
217.345	11.996	-13.077	7.76421216028897e-11	1.70314927858707e-11	-1.70314927858707e-11
242.829	16.599	-13.489	5.58838631616743e-11	1.25416765729508e-11	-1.25416765729508e-11
271.115	13.387	-11.687	6.13541305348421e-11	1.37693343681633e-11	-1.37693343681633e-11
307.263	22.370	-22.762	3.61836825622767e-11	8.1204833781062e-12	-8.1204833781062e-12
347.063	17.672	-17.43	5.18964277900033e-11	1.1364133096521e-11	-1.1364133096521e-11
380.774	19.063	-16.039	5.95220153051875e-11	1.24308758632042e-11	-1.24308758632042e-11
421.520	33.479	-21.682	3.37037403402621e-11	7.59166920591153e-12	-7.59166920591153e-12
494.235	35.983	-39.236	2.46388679463324e-11	5.52955148058346e-12	-5.52955148058346e-12
559.347	41.076	-29.129	2.5562102162711e-11	5.80032461564951e-12	-5.80032461564951e-12
646.917	33.740	-46.494	2.54700961520043e-11	5.73706524714494e-12	-5.73706524714494e-12
728.437	29.946	-47.781	3.22697114046757e-11	7.10340587598389e-12	-7.10340587598389e-12
798.765	32.330	-40.382	3.27338178650435e-11	7.37319390092286e-12	-7.37319390092286e-12
869.526	31.774	-38.43	1.92649479795997e-11	4.33983182661549e-12	-4.33983182661549e-12
936.392	22.576	-35.092	2.20158547864727e-11	4.93200448929061e-12	-4.93200448929061e-12
998.517	50.714	-39.549	2.92610068976078e-11	6.65125735866551e-12	-6.65125735866551e-12
1087.729	34.214	-38.498	4.16674843425515e-11	9.35088819969877e-12	-9.35088819969877e-12
1147.182	22.400	-25.239	2.93320200017637e-11	6.55883650756256e-12	-6.55883650756256e-12
1215.216	22.064	-45.634	1.87473849611559e-11	4.21539849344986e-12	-4.21539849344986e-12
1263.225	34.231	-25.945	1.99258594022113e-11	4.46380171023861e-12	-4.46380171023861e-12
1325.051	42.610	-27.595	1.58157409978432e-11	3.56282610834236e-12	-3.56282610834236e-12
1393.741	31.588	-26.08	2.59634559500244e-11	5.83779646147557e-12	-5.83779646147557e-12
1462.721	37.827	-37.393	2.574502832958e-11	5.68704232649164e-12	-5.68704232649164e-12
1620.474	248.065	-119.926	2.42714404181624e-11	4.26822445012184e-12	-4.26822445012184e-12
5386.646	68.131	-102.366	8.08097724558583e-12	1.82680671850388e-12	-1.82680671850388e-12
5524.970	67.708	-70.194	1.03460445903322e-11	2.26472130761047e-12	-2.26472130761047e-12
5713.384	57.314	-120.705	7.2579753259398e-12	1.59703858660343e-12	-1.59703858660343e-12
5835.069	98.604	-64.372	7.23144961117842e-12	1.63117797175782e-12	-1.63117797175782e-12
6005.600	70.989	-71.928	8.43407778987952e-12	1.9045380034685e-12	-1.9045380034685e-12
6182.948	74.168	-106.358	5.08955067563431e-12	1.32757650985025e-12	-1.32757650985025e-12
6293.692	33.628	-36.576	1.72841211061484e-11	3.86905100103426e-12	-3.86905100103426e-12
6416.649	76.155	-89.328	7.13463324726562e-12	1.60757717684138e-12	-1.60757717684138e-12
6603.303	77.549	-110.5	6.17329230046691e-12	1.39249225133914e-12	-1.39249225133914e-12
6755.882	90.452	-75.031	6.96317142312559e-12	1.56722786100728e-12	-1.56722786100728e-12
6933.530	75.781	-87.195	7.28006252956368e-12	1.63319427815283e-12	-1.63319427815283e-12
7112.419	112.520	-103.109	5.72090042481508e-12	1.28621868864833e-12	-1.28621868864833e-12
7388.460	249.520	-163.521	5.83890305825783e-12	1.02656030259737e-12	-1.02656030259737e-12
11252.311	129.367	-146.437	5.54900814713884e-12	1.25156379779813e-12	-1.25156379779813e-12
11510.220	139.740	-128.542	4.7848134826302e-12	1.17235371947173e-12	-1.17235371947173e-12
11818.320	165.113	-168.36	3.26454325364805e-12	8.51858620728504e-13	-8.51858620728504e-13
12119.808	94.298	-136.375	4.53240249902336e-12	1.17814492180455e-12	-1.17814492180455e-12
12394.058	78.302	-179.952	4.08267302753805e-12	1.06844014572496e-12	-1.06844014572496e-12
12605.637	142.528	-133.277	5.30239148230015e-12	1.19507572950957e-12	-1.19507572950957e-12
12913.939	72.421	-165.775	4.74302332732866e-12	1.23408093320851e-12	-1.23408093320851e-12
13126.292	300.875	-139.932	4.83637047601222e-12	9.65528697343216e-13	-9.65528697343216e-13
16999.670	126.709	-96.442	6.97019566506105e-12	1.76023583870964e-12	-1.76023583870964e-12
17236.547	72.866	-110.168	8.13446557541235e-12	2.12306454450435e-12	-2.12306454450435e-12
17420.669	81.808	-111.255	9.73163270105084e-12	2.2044107145358e-12	-2.2044107145358e-12
17608.436	99.640	-105.96	5.92845190209515e-12	1.53896694980063e-12	-1.53896694980063e-12
17798.695	125.011	-90.618	6.16315337776314e-12	1.4175229894513e-12	-1.4175229894513e-12
18012.357	116.948	-88.651	5.71495113193753e-12	1.28721395142559e-12	-1.28721395142559e-12
18252.697	162.433	-123.392	4.24908154011032e-12	9.32221614647245e-13	-9.32221614647245e-13
18711.734	216.966	-107.499	3.21739149262624e-12	8.39726589825445e-13	-8.39726589825445e-13
19072.805	144.232	-144.106	5.35533008134255e-12	1.07660508000584e-12	-1.07660508000584e-12
22922.362	163.899	-139.486	3.04009418611319e-12	7.95632648975532e-13	-7.95632648975532e-13
23233.697	83.236	-147.436	3.97543545384584e-12	1.03716603925815e-12	-1.03716603925815e-12
23449.294	113.356	-132.361	3.87642329716028e-12	1.01028014842585e-12	-1.01028014842585e-12
23702.356	138.606	-139.706	3.54180236339307e-12	9.31813354346232e-13	-9.31813354346232e-13
23947.056	119.564	-106.094	4.58606337587308e-12	1.19647508064011e-12	-1.19647508064011e-12
24157.069	122.674	-90.448	4.98951849478984e-12	1.3003766592924e-12	-1.3003766592924e-12
24582.542	411.234	-302.799	2.02159738022293e-12	4.63532692450207e-13	-4.63532692450207e-13
29029.229	198.086	-255.737	2.19869531583234e-12	5.72792634168182e-13	-5.72792634168182e-13
29451.010	255.202	-223.695	2.07217240543557e-12	5.40740630963047e-13	-5.40740630963047e-13
29946.379	236.224	-240.167	2.07992994889877e-12	5.41245515342861e-13	-5.41245515342861e-13
30523.917	244.620	-341.315	2.73691509858568e-12	5.89993472694802e-13	-5.89993472694802e-13
34991.646	109.365	-286.79	2.55581101276453e-12	6.65315471603389e-13	-6.65315471603389e-13
35732.589	820.347	-631.578	1.38213064963181e-12	2.93800676375098e-13	-2.93800676375098e-13
41388.909	921.805	-632.612	1.04952331956773e-12	2.3359267365443e-13	-2.3359267365443e-13
57191.948	13086.842	-10300.071	4.20749438071184e-13	7.93625399927859e-14	-7.93625399927859e-14
114401.734	31950.545	-16550.473	8.04382132875317e-14	2.25355672543887e-14	-2.25355672543887e-14
163631.170	17269.529	-12695.291	5.68311347527798e-14	3.41194183309695e-14	-2.52006658820702e-14
