## BAT - batSNR4flux
0.0409999978542328	0.04	-0.04	1.66146269637535e-08	4.25072591761763e-09	-4.25072591761763e-09
0.120999981164932	0.04	-0.04	1.1230698526308e-08	2.38876507752489e-09	-2.38876507752489e-09
0.200999994277954	0.04	-0.04	5.75001998783641e-09	2.83651994391722e-09	-2.83651994391722e-09
0.300999998251597	0.06	-0.06	1.71799544404054e-08	3.33518182390969e-09	-3.33518182390969e-09
0.381000001430511	0.02	-0.02	4.23771910931246e-08	7.33026765306765e-09	-7.33026765306765e-09
0.440999974012375	0.04	-0.04	1.6549188860337e-08	6.36059847242067e-09	-6.36059847242067e-09
0.501000006198883	0.02	-0.02	4.41305740584405e-08	1.06239605059694e-08	-1.06239605059694e-08
0.54099996805191	0.02	-0.02	5.69034900523586e-08	1.34670563405347e-08	-1.34670563405347e-08
0.580999989509583	0.02	-0.02	3.74504208426564e-08	1.37000097941507e-08	-1.37000097941507e-08
0.621000010967255	0.02	-0.02	5.44076435854515e-08	1.31545743688119e-08	-1.31545743688119e-08
0.680999983549118	0.04	-0.04	3.50057485160242e-08	8.6255329236093e-09	-8.6255329236093e-09
0.76099999666214	0.04	-0.04	3.930831932724e-08	8.01135078648765e-09	-8.01135078648765e-09
0.840999979972839	0.04	-0.04	3.12880218383265e-08	6.91798870642095e-09	-6.91798870642095e-09
0.940999983946482	0.06	-0.06	2.26723083777577e-08	5.17112469150759e-09	-5.17112469150759e-09
1.06099998871485	0.06	-0.06	1.4514717368447e-08	4.38989793099055e-09	-4.38989793099055e-09
1.1610000026226	0.04	-0.04	1.96735155580688e-08	4.64584236723889e-09	-4.64584236723889e-09
1.2409999859333	0.04	-0.04	1.88180399718995e-08	4.22766893693203e-09	-4.22766893693203e-09
1.34099999984105	0.06	-0.06	1.26580986329231e-08	3.12475246414084e-09	-3.12475246414084e-09
1.46099998474121	0.06	-0.06	1.24431677041792e-08	2.66787070411572e-09	-2.66787070411572e-09
1.58099998950958	0.06	-0.06	9.23611618582238e-09	2.31856261355592e-09	-2.31856261355592e-09
1.70099999427795	0.06	-0.06	9.36099841992647e-09	2.22794195446929e-09	-2.22794195446929e-09
1.82099997917811	0.06	-0.06	1.18839936704358e-08	2.8183325840016e-09	-2.8183325840016e-09
1.94099998394648	0.06	-0.06	1.63296887849576e-08	3.51591570070202e-09	-3.51591570070202e-09
2.06099998871485	0.06	-0.06	9.76159659104077e-09	4.24321548611594e-09	-4.24321548611594e-09
2.18099999348323	0.06	-0.06	2.15577533770265e-08	5.14086367291488e-09	-5.14086367291488e-09
2.3009999982516	0.06	-0.06	1.60408648384294e-08	6.62586787761506e-09	-6.62586787761506e-09
2.46099998474121	0.1	-0.1	2.99562780644335e-08	6.6913947052798e-09	-6.6913947052798e-09
2.58099998950958	0.02	-0.02	9.1228207371587e-08	1.86103975368224e-08	-1.86103975368224e-08
2.64099999189377	0.04	-0.04	4.70276995295068e-08	1.50579811175799e-08	-1.50579811175799e-08
2.72100000500679	0.04	-0.04	7.88336899862986e-08	1.66386446611838e-08	-1.66386446611838e-08
2.80099998831749	0.04	-0.04	6.9884848012211e-08	1.69908737034725e-08	-1.69908737034725e-08
2.86099996089935	0.02	-0.02	8.64120038737411e-08	2.07716618027506e-08	-2.07716618027506e-08
2.92099999308586	0.04	-0.04	6.66307968232598e-08	1.43646577806395e-08	-1.43646577806395e-08
3.08099998950958	0.04	-0.04	5.06070203428847e-08	1.16547674619371e-08	-1.16547674619371e-08
3.1610000026226	0.04	-0.04	4.34635904871931e-08	1.10050127635158e-08	-1.10050127635158e-08
3.2409999859333	0.04	-0.04	4.44146690890975e-08	1.04234777166729e-08	-1.04234777166729e-08
3.34099999984105	0.06	-0.06	3.38157221791432e-08	7.67616454409416e-09	-7.67616454409416e-09
3.46099998474121	0.06	-0.06	2.85333040148967e-08	6.68971654258341e-09	-6.68971654258341e-09
3.56099997878075	0.04	-0.04	3.74351979721943e-08	7.88934390266786e-09	-7.88934390266786e-09
3.64099999189377	0.04	-0.04	2.93022839682628e-08	7.9612373871981e-09	-7.9612373871981e-09
3.72100000500679	0.04	-0.04	3.57031671274662e-08	7.92335278151952e-09	-7.92335278151952e-09
3.80099998831749	0.04	-0.04	3.4322158411801e-08	8.04239292856863e-09	-8.04239292856863e-09
3.90099998235703	0.06	-0.06	2.95527344590113e-08	6.58843664584362e-09	-6.58843664584362e-09
4.0209999871254	0.06	-0.06	1.73236721291531e-08	6.53809434767198e-09	-6.53809434767198e-09
4.12099998116493	0.04	-0.04	3.50662211617992e-08	8.07123705616851e-09	-8.07123705616851e-09
4.20099999427795	0.04	-0.04	3.45231728098159e-08	8.41061529666342e-09	-8.41061529666342e-09
4.3009999982516	0.06	-0.06	2.39265179116144e-08	6.68943936601437e-09	-6.68943936601437e-09
4.42099998315175	0.06	-0.06	2.73870613724762e-08	6.48197358480952e-09	-6.48197358480952e-09
4.56099999368191	0.08	-0.08	2.96542989266906e-08	5.90626773182314e-09	-5.90626773182314e-09
4.70099999427795	0.06	-0.06	3.528031796595e-08	7.81294000000281e-09	-7.81294000000281e-09
4.78099997758865	0.02	-0.02	8.26341073130056e-08	1.54973253008329e-08	-1.54973253008329e-08
4.96099998474121	0.16	-0.16	2.93303644301899e-08	6.46834236901897e-09	-6.46834236901897e-09
5.20099999427795	0.08	-0.08	6.21482884878486e-08	1.25461165436847e-08	-1.25461165436847e-08
5.44099998891354	0.16	-0.16	4.75916111133279e-08	1.1943048427282e-08	-1.1943048427282e-08
5.68099999845028	0.08	-0.08	9.30164552250882e-08	2.30539301328625e-08	-2.30539301328625e-08
5.84099997997284	0.08	-0.08	8.60723775563077e-08	2.05458042684978e-08	-2.05458042684978e-08
6.06099999155317	0.14	-0.14	5.82553702031403e-08	1.10908884016754e-08	-1.10908884016754e-08
6.36099999070167	0.16	-0.16	2.39883355230558e-08	6.700358321149e-09	-6.700358321149e-09
6.6209999871254	0.1	-0.1	2.47761347967729e-08	5.86744297223934e-09	-5.86744297223934e-09
6.88099998652935	0.16	-0.16	1.5461252598509e-08	3.16061417847986e-09	-3.16061417847986e-09
7.20099999427795	0.16	-0.16	6.5185263988876e-09	2.04821461708529e-09	-2.04821461708529e-09
7.46099998474121	0.1	-0.1	1.0730452986796e-08	2.00452237742875e-09	-2.00452237742875e-09
7.62099999109904	0.06	-0.06	1.36540296064936e-08	3.21043971660185e-09	-3.21043971660185e-09
7.84099998742342	0.16	-0.16	1.02700181311969e-08	2.58566589951998e-09	-2.58566589951998e-09
8.08099998950958	0.08	-0.08	2.27401747511831e-08	4.92407020820241e-09	-4.92407020820241e-09
8.24100000083446	0.08	-0.08	2.68163887267289e-08	6.39406643678743e-09	-6.39406643678743e-09
8.52099998712539	0.2	-0.2	2.56029489131009e-08	5.94456249354434e-09	-5.94456249354434e-09
8.8209999871254	0.1	-0.1	5.40742700348836e-08	1.26780955109754e-08	-1.26780955109754e-08
9.16099999268849	0.24	-0.24	5.33339444281968e-08	1.29011993838232e-08	-1.29011993838232e-08
9.6609999865752	0.26	-0.26	6.34743397789202e-08	2.49592323034729e-08	-2.49592323034729e-08
10.0209999871254	0.1	-0.1	2.08478863721899e-07	4.72520238202206e-08	-4.72520238202206e-08
10.3609999907017	0.24	-0.24	9.86169129702337e-08	3.32407171529314e-08	-3.32407171529314e-08
10.7209999950727	0.12	-0.12	2.44716251502439e-07	4.8011582100449e-08	-4.8011582100449e-08
11.0809999895096	0.24	-0.24	1.59755763896371e-07	3.66447699802077e-08	-3.66447699802077e-08
12.0609999902432	0.26	-0.26	1.64512107380601e-07	4.09067093863876e-08	-4.09067093863876e-08
12.400999982357	0.08	-0.08	3.28577197414089e-07	7.84958422626999e-08	-7.84958422626999e-08
12.8409999899069	0.36	-0.36	1.42650186423935e-07	3.99494358999932e-08	-3.99494358999932e-08
13.5609999887149	0.36	-0.36	1.73611569148794e-07	4.07969669364845e-08	-4.07969669364845e-08
14.1009999903043	0.18	-0.18	2.35110926289765e-07	5.3108800977003e-08	-5.3108800977003e-08
14.3809999895096	0.1	-0.1	2.88647943730849e-07	6.66583533118471e-08	-6.66583533118471e-08
15.0409999893393	0.56	-0.56	1.07992256988691e-07	2.49442714993714e-08	-2.49442714993714e-08
15.6409999918938	0.04	-0.04	3.59626917137642e-07	8.3456836546802e-08	-8.3456836546802e-08
16.2809999895096	0.6	-0.6	8.10237003190967e-08	1.89820123025586e-08	-1.89820123025586e-08
17.4809999895096	0.6	-0.6	4.55754628432644e-08	1.4833486055889e-08	-1.4833486055889e-08
18.1609999877214	0.08	-0.08	1.59453994019835e-07	3.70892487901979e-08	-3.70892487901979e-08
18.9609999897083	0.72	-0.72	4.70627256134323e-08	1.02253934885046e-08	-1.02253934885046e-08
19.9209999881188	0.24	-0.24	6.07662670285258e-08	1.47179916938583e-08	-1.47179916938583e-08
21.300999989886	1.14	-1.14	2.2355992453702e-08	5.22112117633089e-09	-5.22112117633089e-09
23.5809999895096	1.14	-1.14	1.25398556546372e-08	3.40415558480107e-09	-3.40415558480107e-09
25.8609999891331	1.14	-1.14	9.52491166838322e-09	2.32007482935901e-09	-2.32007482935901e-09
28.1409999898024	1.14	-1.14	1.00736382060984e-08	2.15889757992866e-09	-2.15889757992866e-09
29.6609999885057	0.38	-0.38	1.4299943672771e-08	3.52566324115154e-09	-3.52566324115154e-09
31.7209999901056	1.68	-1.68	3.26159491849333e-09	1.53633163773621e-09	-1.53633163773621e-09
33.4209999632835	0.02	-0.02	6.23039904126471e-08	1.40497549884463e-08	-1.40497549884463e-08
33.6609999890761	0.22	-0.22	1.62424817511704e-08	3.94824399026922e-09	-3.94824399026922e-09
38.0209999894291	4.14	-4.14	3.11068294589252e-09	7.73901389182927e-10	-7.73901389182927e-10
50.7409999896155	8.57999999999991	-8.57999999999991	1.47429257056554e-09	3.43152668548354e-10	-3.43152668548354e-10
533.900999989534	25.7799999999995	-25.7799999999995	1.7725676166382e-09	2.88324436128154e-10	-2.88324436128154e-10
559.700999994278	0.02	-0.02	9.34663916434156e-08	2.15750185767115e-08	-2.15750185767115e-08
570.560999989557	10.8399999999999	-10.8399999999999	6.82705875168928e-09	1.33344127182092e-09	-1.33344127182092e-09
592.260999989417	10.8599999999999	-10.8599999999999	1.21411232546695e-08	2.50552946022851e-09	-2.50552946022851e-09
603.260999996662	0.14	-0.14	1.40766776084197e-07	3.17103936497524e-08	-3.17103936497524e-08
603.760999996662	0.04	-0.04	2.73043696687234e-07	6.09815162516813e-08	-6.09815162516813e-08
604.400999988318	0.6	-0.6	4.29622774266919e-08	1.41387725545514e-08	-1.41387725545514e-08
605.300999990304	0.3	-0.3	8.05002896306887e-08	1.85223487203588e-08	-1.85223487203588e-08
606.640999989602	1.04	-1.04	3.67161583142014e-08	8.84361836766516e-09	-8.84361836766516e-09
609.780999989508	2.1	-2.1	1.97016409224074e-08	4.66929469524712e-09	-4.66929469524712e-09
616.100999989647	4.22	-4.22	4.75254603234346e-09	1.87487031961192e-09	-1.87487031961192e-09
620.780999987955	0.46	-0.46	1.5621854797355e-08	3.8110186590136e-09	-3.8110186590136e-09
628.320999989614	7.07999999999994	-7.07999999999994	1.88483069307323e-09	4.87323204985554e-10	-4.87323204985554e-10
637.760999989085	2.36	-2.36	1.53052792473216e-09	3.69593759905781e-10	-3.69593759905781e-10
644.920999989608	4.79999999999999	-4.79999999999999	7.59148340363585e-10	2.02649390909343e-10	-2.02649390909343e-10
650.000999989169	0.28	-0.28	6.50679569597987e-09	1.59425998450047e-09	-1.59425998450047e-09
653.340999989323	1.02	-1.02	5.11867637645787e-09	1.2679202706393e-09	-1.2679202706393e-09
656.740999989188	2.38	-2.38	5.25737468680794e-09	1.25126918438152e-09	-1.25126918438152e-09
661.500999989669	2.38	-2.38	1.00915944834378e-08	2.28131710419698e-09	-2.28131710419698e-09
666.280999989509	2.4	-2.4	1.76482177259617e-08	4.09904260517477e-09	-4.09904260517477e-09
669.340999989004	0.66	-0.66	4.15876243141388e-08	9.58318997189499e-09	-9.58318997189499e-09
670.100999994278	0.1	-0.1	1.03415687559477e-07	2.55967484489046e-08	-2.55967484489046e-08
670.480999991213	0.28	-0.28	3.69727906692816e-08	1.53363736347915e-08	-1.53363736347915e-08
670.800999988317	0.04	-0.04	1.87879213985549e-07	4.09514168647846e-08	-4.09514168647846e-08
671.08099998951	0.24	-0.24	4.23044648464631e-08	1.67457186068467e-08	-1.67457186068467e-08
671.560999988715	0.24	-0.24	6.76104639427944e-08	1.68545615278258e-08	-1.68545615278258e-08
672.04099998792	0.24	-0.24	4.20395608029936e-08	1.71621312891683e-08	-1.71621312891683e-08
672.400999992291	0.12	-0.12	9.83230376156179e-08	2.42663830189415e-08	-2.42663830189415e-08
672.680999991	0.16	-0.16	7.85555983464839e-08	2.12650409158871e-08	-2.12650409158871e-08
672.940999979973	0.1	-0.1	1.17596222443322e-07	2.77764372924642e-08	-2.77764372924642e-08
673.220999995073	0.18	-0.18	4.24902897292832e-08	2.03684260655092e-08	-2.03684260655092e-08
673.58099998951	0.18	-0.18	8.81061735762079e-08	1.90492369425713e-08	-1.90492369425713e-08
673.960999984741	0.2	-0.2	4.39258425225541e-08	1.7183337521005e-08	-1.7183337521005e-08
674.360999990702	0.2	-0.2	6.61750927479428e-08	1.52883642772436e-08	-1.52883642772436e-08
675.640999989686	1.08	-1.08	2.54929090034853e-08	5.34176292269163e-09	-5.34176292269163e-09
682.20099998949	5.47999999999997	-5.47999999999997	3.61479480760408e-09	7.78202813772253e-10	-7.78202813772253e-10
687.700999994278	0.02	-0.02	2.83605002075767e-08	7.01845651460036e-09	-7.01845651460036e-09
692.920999989416	5.19999999999998	-5.19999999999998	2.44700135323389e-09	4.78552250827164e-10	-4.78552250827164e-10
698.161000002623	0.04	-0.04	2.45104089413946e-08	5.97036703588296e-09	-5.97036703588296e-09
700.720999989396	2.52	-2.52	2.2267597945477e-09	7.86745591654629e-10	-7.86745591654629e-10
705.760999989566	2.52	-2.52	3.94392417684955e-09	8.52895540463014e-10	-8.52895540463014e-10
710.840999989752	2.56	-2.56	3.11855099484456e-09	8.85218673961863e-10	-8.85218673961863e-10
713.600999988318	0.2	-0.2	1.42673382764488e-08	3.19786569015603e-09	-3.19786569015603e-09
715.480999989083	1.68	-1.68	3.71548218539567e-09	1.10122662653303e-09	-1.10122662653303e-09
717.560999990702	0.4	-0.4	1.02825177384195e-08	2.30115852154292e-09	-2.30115852154292e-09
718.22099998896	0.26	-0.26	1.23031893262583e-08	2.81885399813449e-09	-2.81885399813449e-09
719.060999990085	0.58	-0.58	5.92655008534227e-09	1.90462412188437e-09	-1.90462412188437e-09
719.840999985933	0.2	-0.2	1.65236631014268e-08	3.3510556913381e-09	-3.3510556913381e-09
720.160999992689	0.12	-0.12	1.73510715609384e-08	4.28572343812763e-09	-4.28572343812763e-09
720.540999990977	0.26	-0.26	1.3197573610882e-08	2.87624021991681e-09	-2.87624021991681e-09
720.900999982357	0.1	-0.1	1.84746765445636e-08	4.60170129996767e-09	-4.60170129996767e-09
721.540999990128	0.54	-0.54	9.31147043515006e-09	1.98566071730857e-09	-1.98566071730857e-09
722.620999988892	0.54	-0.54	6.18492881173039e-09	1.99124300275555e-09	-1.99124300275555e-09
723.280999997457	0.12	-0.12	1.51631656101106e-08	3.72058332307323e-09	-3.72058332307323e-09
723.640999986927	0.24	-0.24	5.58224691734291e-09	2.4636615965843e-09	-2.4636615965843e-09
723.940999983946	0.06	-0.06	1.8449411712964e-08	4.60442580457457e-09	-4.60442580457457e-09
724.280999990361	0.28	-0.28	5.06296702905655e-09	2.0289820451121e-09	-2.0289820451121e-09
724.700999994278	0.14	-0.14	1.21329813075601e-08	2.53354768765349e-09	-2.53354768765349e-09
725.500999988137	0.66	-0.66	2.91844532978792e-09	9.99346770753235e-10	-9.99346770753235e-10
726.400999992291	0.24	-0.24	5.46443900102199e-09	1.36447131096721e-09	-1.36447131096721e-09
726.760999986728	0.12	-0.12	7.29145480824182e-09	1.80139553613593e-09	-1.80139553613593e-09
727.040999990404	0.16	-0.16	3.59082192460269e-09	1.43541053643514e-09	-1.43541053643514e-09
727.300999994278	0.1	-0.1	7.27131994962162e-09	1.73964947199752e-09	-1.73964947199752e-09
727.600999988318	0.2	-0.2	5.5032091802404e-09	1.21888503662978e-09	-1.21888503662978e-09
728.240999988643	0.44	-0.44	4.11863629775695e-09	9.75825724058946e-10	-9.75825724058946e-10
728.721000005007	0.04	-0.04	1.45457385249696e-08	3.57329402239205e-09	-3.57329402239205e-09
728.920999985635	0.16	-0.16	7.97209452007733e-09	2.00112058151346e-09	-2.00112058151346e-09
729.120999981165	0.04	-0.04	1.74943519827553e-08	4.24408800472044e-09	-4.24408800472044e-09
729.280999997457	0.12	-0.12	1.27616164236362e-08	2.59532897875771e-09	-2.59532897875771e-09
729.420999963284	0.02	-0.02	2.95277789790323e-08	6.75797939495097e-09	-6.75797939495097e-09
729.520999987125	0.08	-0.08	8.5646905899973e-09	3.32803761341513e-09	-3.32803761341513e-09
729.68099999845	0.08	-0.08	1.76795372449153e-08	3.46758731057083e-09	-3.46758731057083e-09
729.800999988317	0.04	-0.04	2.22973762647234e-08	4.92452654264056e-09	-4.92452654264056e-09
729.900999982357	0.06	-0.06	1.41633944227941e-08	4.33983096034514e-09	-4.33983096034514e-09
730.020999987125	0.06	-0.06	2.25127988577439e-08	4.50551039289454e-09	-4.50551039289454e-09
730.120999981165	0.04	-0.04	3.40783853549934e-08	6.6102898853706e-09	-6.6102898853706e-09
730.241000000834	0.08	-0.08	3.12089876308224e-08	6.60289121117116e-09	-6.60289121117116e-09
730.400999982357	0.08	-0.08	2.42263752787284e-08	1.0421968500254e-08	-1.0421968500254e-08
730.54099998792	0.06	-0.06	7.69884490054875e-08	1.84485578610115e-08	-1.84485578610115e-08
730.621000010967	0.02	-0.02	1.52568419564606e-07	3.76588743106449e-08	-3.76588743106449e-08
730.700999994278	0.06	-0.06	1.28989228211045e-07	2.89440104986102e-08	-2.89440104986102e-08
730.820999979178	0.06	-0.06	1.37707954964198e-07	3.10511180189059e-08	-3.10511180189059e-08
730.920999993086	0.04	-0.04	1.67708581012777e-07	4.02946867783448e-08	-4.02946867783448e-08
731.040999982953	0.08	-0.08	1.29230092528535e-07	3.07654999065189e-08	-3.07654999065189e-08
731.180999993483	0.06	-0.06	1.75914319720883e-07	3.88309326784503e-08	-3.88309326784503e-08
731.260999996662	0.02	-0.02	2.84939472162576e-07	7.08797318510967e-08	-7.08797318510967e-08
731.320999999046	0.04	-0.04	1.55044124421649e-07	4.97832421019569e-08	-4.97832421019569e-08
731.400999982357	0.04	-0.04	2.03138081261002e-07	5.05791436476811e-08	-5.05791436476811e-08
731.520999987125	0.08	-0.08	1.11052046795138e-07	2.78069303340094e-08	-2.78069303340094e-08
731.640999991894	0.04	-0.04	1.46149029004594e-07	3.00931055722697e-08	-3.00931055722697e-08
731.721000005007	0.04	-0.04	6.74388477889381e-08	2.63242622657468e-08	-2.63242622657468e-08
731.800999988317	0.04	-0.04	1.00583446170614e-07	2.17496819626672e-08	-2.17496819626672e-08
731.920999978185	0.08	-0.08	5.89579819373453e-08	1.18774840090374e-08	-1.18774840090374e-08
732.040999997854	0.04	-0.04	5.77063294791501e-08	1.27539345465113e-08	-1.27539345465113e-08
732.100999970436	0.02	-0.02	7.64025790024852e-08	1.77639583851749e-08	-1.77639583851749e-08
732.161000002623	0.04	-0.04	7.3962019762938e-08	1.5296210680481e-08	-1.5296210680481e-08
732.220999975204	0.02	-0.02	1.29806511901836e-07	2.5929585527128e-08	-2.5929585527128e-08
732.281000007391	0.04	-0.04	9.22614365784407e-08	2.21079810088173e-08	-2.21079810088173e-08
732.340999979973	0.02	-0.02	2.04837809315426e-07	3.84507212937521e-08	-3.84507212937521e-08
732.38100000143	0.02	-0.02	1.36091519737662e-07	4.28732483727635e-08	-4.28732483727635e-08
732.420999963284	0.02	-0.02	2.5049177383596e-07	5.00653687847222e-08	-5.00653687847222e-08
732.48099999547	0.04	-0.04	1.71786656217143e-07	3.89908713393723e-08	-3.89908713393723e-08
732.560999978781	0.04	-0.04	2.23131841994818e-07	4.67726963977829e-08	-4.67726963977829e-08
732.621000010967	0.02	-0.02	2.93525328011419e-07	7.15970992492012e-08	-7.15970992492012e-08
732.680999983549	0.04	-0.04	2.23767945699323e-07	5.95263689174486e-08	-5.95263689174486e-08
732.741000015736	0.02	-0.02	5.553307999366e-07	1.01872028595708e-07	-1.01872028595708e-07
732.800999988317	0.04	-0.04	3.76973480468799e-07	8.35958779606243e-08	-8.35958779606243e-08
732.860999960899	0.02	-0.02	6.99366028685476e-07	1.39411016573464e-07	-1.39411016573464e-07
732.960999984741	0.08	-0.08	3.37775001437577e-07	8.61313343334185e-08	-8.61313343334185e-08
733.08099998951	0.04	-0.04	3.82890346272642e-07	8.3822716817671e-08	-8.3822716817671e-08
733.161000002623	0.04	-0.04	2.57230332996327e-07	6.84352443189101e-08	-6.84352443189101e-08
733.240999985933	0.04	-0.04	2.41410700376296e-07	5.42248911042724e-08	-5.42248911042724e-08
733.320999999046	0.04	-0.04	8.82076282042472e-08	4.25314138233295e-08	-4.25314138233295e-08
733.38100000143	0.02	-0.02	2.35417331216356e-07	5.81949994506782e-08	-5.81949994506782e-08
733.440999974012	0.04	-0.04	2.01712896805823e-07	4.90079672192299e-08	-4.90079672192299e-08
733.520999987125	0.04	-0.04	2.09625679008965e-07	6.39833206647206e-08	-6.39833206647206e-08
733.58099998951	0.02	-0.02	5.4259206085539e-07	1.16522523624988e-07	-1.16522523624988e-07
733.640999991894	0.04	-0.04	2.96543546950557e-07	9.68835901664775e-08	-9.68835901664775e-08
733.700999994278	0.02	-0.02	7.22445589033574e-07	1.6642801609759e-07	-1.6642801609759e-07
733.760999996662	0.04	-0.04	5.17906731730853e-07	1.40055874166067e-07	-1.40055874166067e-07
733.840999979973	0.04	-0.04	6.1165162275539e-07	1.39354430684028e-07	-1.39354430684028e-07
733.900999982357	0.02	-0.02	1.014243533935e-06	2.12185712454583e-07	-2.12185712454583e-07
733.960999984741	0.04	-0.04	6.6487997090172e-07	1.63597086378609e-07	-1.63597086378609e-07
734.040999997854	0.04	-0.04	7.68552154077425e-07	1.75987947026006e-07	-1.75987947026006e-07
734.160999987721	0.08	-0.08	6.9903515535462e-07	1.33635287048529e-07	-1.33635287048529e-07
734.260999996662	0.02	-0.02	1.03255656525716e-06	2.53863864173241e-07	-2.53863864173241e-07
734.30100001812	0.02	-0.02	5.55139696874166e-07	2.50871741322922e-07	-2.50871741322922e-07
734.340999979973	0.02	-0.02	1.08363031927562e-06	2.53684170477458e-07	-2.53684170477458e-07
734.400999982357	0.04	-0.04	9.53794297467742e-07	1.71725505764461e-07	-1.71725505764461e-07
734.48099999547	0.04	-0.04	7.37465312848066e-07	1.5941764369996e-07	-1.5941764369996e-07
734.540999968052	0.02	-0.02	7.03798963166541e-07	1.75852819463977e-07	-1.75852819463977e-07
734.620999991099	0.06	-0.06	3.36459023362091e-07	5.35626882041843e-08	-5.35626882041843e-08
734.700999994278	0.02	-0.02	2.47447725670434e-07	4.84664232498204e-08	-4.84664232498204e-08
734.780999997457	0.06	-0.06	8.01413069958361e-08	1.47571830989164e-08	-1.47571830989164e-08
734.860999960899	0.02	-0.02	5.84153703925122e-08	1.35178510258802e-08	-1.35178510258802e-08
734.920999993086	0.04	-0.04	4.15513923159073e-08	9.0966465289702e-09	-9.0966465289702e-09
735.000999976397	0.04	-0.04	4.45199767242721e-08	1.47576173014516e-08	-1.47576173014516e-08
735.08099998951	0.04	-0.04	1.15384478769883e-07	2.53470864904067e-08	-2.53470864904067e-08
735.140999991894	0.02	-0.02	3.34380724516247e-07	5.79865257485672e-08	-5.79865257485672e-08
735.181000013351	0.02	-0.02	2.800983949258e-07	6.67253740658848e-08	-6.67253740658848e-08
735.220999975204	0.02	-0.02	3.7849342654049e-07	7.86051800856132e-08	-7.86051800856132e-08
735.281000007391	0.04	-0.04	1.98077198836214e-07	4.05650860802522e-08	-4.05650860802522e-08
735.360999990702	0.04	-0.04	1.03216087892343e-07	2.43961212205582e-08	-2.43961212205582e-08
735.440999974012	0.04	-0.04	6.65308109454491e-08	1.43871274817214e-08	-1.43871274817214e-08
735.520999987125	0.04	-0.04	4.81703971563785e-08	9.25228857463825e-09	-9.25228857463825e-09
735.601000000238	0.04	-0.04	2.34218116383663e-08	5.46538287189054e-09	-5.46538287189054e-09
735.720999990106	0.08	-0.08	2.53401016008529e-08	5.15772218037141e-09	-5.15772218037141e-09
735.860999980768	0.06	-0.06	5.88088439091634e-08	9.62097846055013e-09	-9.62097846055013e-09
735.941000003815	0.02	-0.02	9.74765942963346e-08	2.13799765930783e-08	-2.13799765930783e-08
735.980999965668	0.02	-0.02	1.16078737557935e-07	2.47851239691271e-08	-2.47851239691271e-08
736.020999987125	0.02	-0.02	1.08488410761395e-07	2.6331306176047e-08	-2.6331306176047e-08
736.061000008583	0.02	-0.02	7.70817048158984e-08	2.0038833344058e-08	-2.0038833344058e-08
736.100999970436	0.02	-0.02	7.88917439932064e-08	1.74061271967632e-08	-1.74061271967632e-08
736.161000002623	0.04	-0.04	3.65204287262093e-08	9.30878549376641e-09	-9.30878549376641e-09
736.240999985933	0.04	-0.04	3.10349888404229e-08	6.5907606841757e-09	-6.5907606841757e-09
736.30100001812	0.02	-0.02	5.32584234799987e-08	1.03720741346403e-08	-1.03720741346403e-08
736.380999981562	0.06	-0.06	6.55981502969192e-08	1.04644955955848e-08	-1.04644955955848e-08
736.460999984741	0.02	-0.02	1.52563517376521e-07	3.60282299312143e-08	-3.60282299312143e-08
736.501000006199	0.02	-0.02	2.02369442926356e-07	4.41632246484186e-08	-4.41632246484186e-08
736.540999968052	0.02	-0.02	1.87846859203341e-07	3.87813099529441e-08	-3.87813099529441e-08
736.58099998951	0.02	-0.02	1.45203715005176e-07	2.84703373246145e-08	-2.84703373246145e-08
736.621000010967	0.02	-0.02	1.0330390574593e-07	2.18391343699448e-08	-2.18391343699448e-08
736.66099997282	0.02	-0.02	4.71693645314836e-08	1.56574735660087e-08	-1.56574735660087e-08
736.700999994278	0.02	-0.02	6.32946662060973e-08	1.29467380784146e-08	-1.29467380784146e-08
736.741000015736	0.02	-0.02	7.46594502468657e-08	1.36998687234313e-08	-1.36998687234313e-08
736.800999988317	0.04	-0.04	3.67388051259795e-08	1.04318476968156e-08	-1.04318476968156e-08
736.860999960899	0.02	-0.02	7.29979845994087e-08	1.72063985777745e-08	-1.72063985777745e-08
736.900999982357	0.02	-0.02	8.40594819716381e-08	1.89364671401071e-08	-1.89364671401071e-08
736.941000003815	0.02	-0.02	8.77014880058041e-08	1.95605573693583e-08	-1.95605573693583e-08
736.980999965668	0.02	-0.02	4.69055685818489e-08	1.58178958288244e-08	-1.58178958288244e-08
737.020999987125	0.02	-0.02	6.90012078548311e-08	1.4462877651461e-08	-1.4462877651461e-08
737.061000008583	0.02	-0.02	6.07439188318089e-08	1.23961306177726e-08	-1.23961306177726e-08
737.120999981165	0.04	-0.04	3.15221493811117e-08	6.71260313374792e-09	-6.71260313374792e-09
737.241000000834	0.08	-0.08	1.58012890288146e-08	3.37887596527453e-09	-3.37887596527453e-09
737.340999979973	0.02	-0.02	6.40951778123222e-08	1.48736422554773e-08	-1.48736422554773e-08
737.38100000143	0.02	-0.02	9.89979948854684e-08	2.07708553592323e-08	-2.07708553592323e-08
737.420999963284	0.02	-0.02	9.07105201529262e-08	2.73077323440291e-08	-2.73077323440291e-08
737.460999984741	0.02	-0.02	1.93494943718079e-07	3.86592321744523e-08	-3.86592321744523e-08
737.520999987125	0.04	-0.04	1.45701942005748e-07	3.49464394011282e-08	-3.49464394011282e-08
737.58099998951	0.02	-0.02	2.14129106016071e-07	4.67021485705952e-08	-4.67021485705952e-08
737.700999994278	0.1	-0.1	9.26689759747999e-08	1.71859465037214e-08	-1.71859465037214e-08
737.820999999046	0.02	-0.02	1.70857148413889e-07	3.30185789604031e-08	-3.30185789604031e-08
737.920999978185	0.08	-0.08	5.65433172514428e-08	1.41922195850947e-08	-1.41922195850947e-08
738.060999988715	0.06	-0.06	7.16388745428936e-08	1.41309792116999e-08	-1.41309792116999e-08
738.140999991894	0.02	-0.02	9.76947877751301e-08	2.31335158892544e-08	-2.31335158892544e-08
738.220999995073	0.06	-0.06	4.82490889509067e-08	1.21903358526315e-08	-1.21903358526315e-08
738.340999999841	0.06	-0.06	5.22743006184335e-08	1.05897093928495e-08	-1.05897093928495e-08
738.460999984741	0.06	-0.06	3.2133854688636e-08	9.4337851122553e-09	-9.4337851122553e-09
738.58099998951	0.06	-0.06	3.40838369709753e-08	8.23207649637483e-09	-8.23207649637483e-09
738.800999988317	0.16	-0.16	1.63293129770995e-08	4.02197084020036e-09	-4.02197084020036e-09
739.120999988615	0.16	-0.16	1.25947072976752e-08	2.90246430468682e-09	-2.90246430468682e-09
739.360999990702	0.08	-0.08	1.5309104660426e-08	3.61264303629164e-09	-3.61264303629164e-09
739.520999987125	0.08	-0.08	1.51333525785297e-08	3.70089198676981e-09	-3.70089198676981e-09
739.760999989212	0.16	-0.16	1.08497719646621e-08	2.68685860627136e-09	-2.68685860627136e-09
740.160999992689	0.24	-0.24	8.69807046685273e-09	2.39122872442052e-09	-2.39122872442052e-09
740.640999986927	0.24	-0.24	1.1196031790571e-08	2.71917839011249e-09	-2.71917839011249e-09
740.960999984741	0.08	-0.08	2.10734825771029e-08	5.03224393523508e-09	-5.03224393523508e-09
741.28099999249	0.24	-0.24	1.24209334947605e-08	3.1534002395346e-09	-3.1534002395346e-09
741.760999986728	0.24	-0.24	1.47049442222432e-08	3.55091851079135e-09	-3.55091851079135e-09
742.2409999909	0.24	-0.24	1.36227333693125e-08	3.88555930057977e-09	-3.88555930057977e-09
742.720999990106	0.24	-0.24	1.8680723393712e-08	4.26882408164194e-09	-4.26882408164194e-09
743.040999982953	0.08	-0.08	3.60647123105289e-08	7.60028062837618e-09	-7.60028062837618e-09
743.520999990106	0.4	-0.4	1.39531875840308e-08	3.1721273902857e-09	-3.1721273902857e-09
744.320999990106	0.4	-0.4	7.72454287482688e-09	2.87968131413039e-09	-2.87968131413039e-09
744.741000015736	0.02	-0.02	5.66591705441629e-08	1.18818685139126e-08	-1.18818685139126e-08
745.600999988886	0.84	-0.84	7.40489711444004e-09	1.75610259962275e-09	-1.75610259962275e-09
746.560999988715	0.12	-0.12	1.77768139573135e-08	4.30415978836895e-09	-4.30415978836895e-09
747.240999990191	0.56	-0.56	6.41876561619359e-09	1.80644931053946e-09	-1.80644931053946e-09
748.08099998951	0.28	-0.28	9.50861476117544e-09	2.29303083920904e-09	-2.29303083920904e-09
749.760999988998	1.4	-1.4	4.63819007150481e-09	8.67514585214457e-10	-8.67514585214457e-10
751.300999992575	0.14	-0.14	9.5159307346987e-09	2.31130446745592e-09	-2.31130446745592e-09
751.720999987977	0.28	-0.28	4.14646645450064e-09	1.54606745016526e-09	-1.54606745016526e-09
752.280999990361	0.28	-0.28	5.90308919203378e-09	1.454516439611e-09	-1.454516439611e-09
753.140999989839	0.58	-0.58	4.23293666414457e-09	1.21527327004603e-09	-1.21527327004603e-09
753.800999988317	0.08	-0.08	1.61536057799845e-08	3.92987510375899e-09	-3.92987510375899e-09
754.18099998951	0.3	-0.3	9.07451420217863e-09	2.23170170108156e-09	-2.23170170108156e-09
755.100999989664	0.62	-0.62	6.65448758565833e-09	2.00445986319997e-09	-2.00445986319997e-09
756.360999988839	0.64	-0.64	1.18239585309341e-08	2.76665632588669e-09	-2.76665632588669e-09
757.260999992077	0.26	-0.26	2.40005613511328e-08	5.68735531360417e-09	-5.68735531360417e-09
757.780999986759	0.26	-0.26	1.40838894033248e-08	6.41640401227793e-09	-6.41640401227793e-09
758.30099999061	0.26	-0.26	3.25826859064833e-08	7.31110752517137e-09	-7.31110752517137e-09
759.020999989717	0.46	-0.46	1.89159476332935e-08	6.67488776904722e-09	-6.67488776904722e-09
759.940999990857	0.46	-0.46	3.87992205897774e-08	8.46755347170762e-09	-8.46755347170762e-09
760.880999989013	0.48	-0.48	2.68510328277955e-08	1.08193746268724e-08	-1.08193746268724e-08
761.640999987637	0.28	-0.28	7.33745290345109e-08	1.73095133862591e-08	-1.73095133862591e-08
762.44099999006	0.52	-0.52	5.9166310172159e-08	1.42496891561556e-08	-1.42496891561556e-08
764.020999989374	1.06	-1.06	4.50509354920083e-08	1.12117835585363e-08	-1.12117835585363e-08
765.160999987721	0.08	-0.08	1.87194035464788e-07	4.51743934444772e-08	-4.51743934444772e-08
765.520999991383	0.28	-0.28	7.20652443513752e-08	2.4611743679042e-08	-2.4611743679042e-08
766.08099998951	0.28	-0.28	1.08992352801286e-07	2.49533959447686e-08	-2.49533959447686e-08
767.560999989708	1.2	-1.2	5.76873884272572e-08	1.3355609052383e-08	-1.3355609052383e-08
768.920999985635	0.16	-0.16	1.6629735061264e-07	4.08833793249664e-08	-4.08833793249664e-08
772.020999989559	2.94	-2.94	3.20873275480727e-08	6.9477764397673e-09	-6.9477764397673e-09
775.380999990077	0.42	-0.42	4.83547328584425e-08	1.20644156041784e-08	-1.20644156041784e-08
776.280999990007	0.48	-0.48	2.57340403185218e-08	1.00442601153393e-08	-1.00442601153393e-08
777.08099998951	0.32	-0.32	4.49950173807927e-08	1.10359775235831e-08	-1.10359775235831e-08
779.160999989075	1.76	-1.76	1.63796605926541e-08	3.6517721812914e-09	-3.6517721812914e-09
781.360999990702	0.44	-0.44	3.04996663154058e-08	7.27156791347654e-09	-7.27156791347654e-09
783.860999989255	2.06	-2.06	1.58343524539848e-08	3.34158252194706e-09	-3.34158252194706e-09
790.040999989462	4.12	-4.12	1.18586180463656e-08	2.36362240635292e-09	-2.36362240635292e-09
804.46099998937	2.06	-2.06	1.38962976824739e-08	3.43044581862079e-09	-3.43044581862079e-09
810.680999989566	4.16	-4.16	9.82284659314707e-09	2.9280618603446e-09	-2.9280618603446e-09
816.940999989055	2.1	-2.1	2.36570359240292e-08	5.56313577539351e-09	-5.56313577539351e-09
820.020999989558	0.980000000000001	-0.980000000000001	3.6962745356581e-08	9.23801391420147e-09	-9.23801391420147e-09
840.040999989538	19.0399999999997	-19.0399999999997	2.25263509208977e-08	5.22492833037448e-09	-5.22492833037448e-09
859.200999994278	0.12	-0.12	2.90218337583803e-07	6.36207288120088e-08	-6.36207288120088e-08
862.200999989312	2.88	-2.88	4.16585401454073e-08	1.08700557396498e-08	-1.08700557396498e-08
865.400999989808	0.32	-0.32	1.12794510188127e-07	2.6373264532348e-08	-2.6373264532348e-08

## XRT - xrtwtflux
70.952	0.592	-0.644	3.1059633750509e-09	4.83647875033627e-10	-4.83647957128802e-10
72.091	0.444	-0.547	3.74647874729927e-09	6.09897028403059e-10	-6.09897192525032e-10
73.301	0.637	-0.766	2.77851413685209e-09	4.23285333512993e-10	-4.23285415538262e-10
74.747	0.857	-0.808	2.34091711608981e-09	3.56620779263704e-10	-3.56620861247076e-10
76.294	0.724	-0.69	2.78684190002088e-09	4.15438403071775e-10	-4.15438484650526e-10
77.819	0.720	-0.801	2.53706869097623e-09	3.86503114003932e-10	-3.8650319516769e-10
79.408	0.965	-0.868	2.17848929244805e-09	3.24750482330832e-10	-3.2475056495092e-10
81.116	0.766	-0.744	2.76136911777685e-09	4.11641258326416e-10	-4.11641344703689e-10
82.761	0.990	-0.878	2.31370433292541e-09	3.48457784446148e-10	-3.48457873419719e-10
84.732	1.054	-0.981	2.03207229863463e-09	3.02923906687264e-10	-3.02923992363712e-10
87.010	0.979	-1.224	1.8058488554744e-09	2.69200450425315e-10	-2.69200532819079e-10
89.026	1.129	-1.038	1.86478765651179e-09	2.90377144799783e-10	-2.90377231259713e-10
91.643	1.621	-1.487	1.2225771879316e-09	2.23354242599823e-10	-2.23354334491552e-10
94.789	1.704	-1.525	1.35043953953032e-09	2.05729164753352e-10	-2.05729256583693e-10
98.580	2.384	-2.087	7.53715996902841e-10	1.4350925426639e-10	-1.43509343362064e-10
102.942	2.206	-1.979	9.70277668001617e-10	1.51087663395451e-10	-1.51087750307211e-10
106.817	2.300	-1.669	7.42210773487244e-10	1.40584721011648e-10	-1.40584721011648e-10
111.150	2.500	-2.033	9.88278001936856e-10	1.5055671109037e-10	-1.5055671109037e-10
115.947	2.091	-2.296	1.28929944492278e-09	2.00764417163899e-10	-2.00764538308031e-10
120.737	1.991	-2.699	8.71282931027631e-10	1.59073951665553e-10	-1.59073951665553e-10
125.111	2.173	-2.383	7.2457150182702e-10	1.46098508308454e-10	-1.46098618911803e-10
130.233	2.737	-2.949	5.34715254860241e-10	9.76253562049034e-11	-9.76253562049034e-11
135.248	2.303	-2.278	5.62592865485152e-10	1.06122026883188e-10	-1.06122026883188e-10
140.881	2.433	-3.329	4.47899501427771e-10	8.44874267758649e-11	-8.44874267758649e-11
518.027	1.097	-1.079	1.94943341649213e-09	2.87428865721079e-10	-2.87428951758847e-10
519.949	0.739	-0.825	2.65376094326025e-09	3.95600047622815e-10	-3.95600219720445e-10
521.547	0.873	-0.859	2.33425481529484e-09	3.55606037906499e-10	-3.55606123132713e-10
523.384	0.854	-0.964	2.23053857499839e-09	3.32509635348362e-10	-3.32509719440646e-10
525.131	0.812	-0.892	2.31214226933244e-09	3.52237320540466e-10	-3.52237486603511e-10
526.719	0.950	-0.776	2.23349134410474e-09	3.477903099508e-10	-3.47790392496818e-10
528.633	1.000	-0.964	1.96505942988876e-09	3.05991139985873e-10	-3.05991222641101e-10
530.472	0.876	-0.839	2.32735962069177e-09	3.46942916028864e-10	-3.46943081548708e-10
532.534	0.985	-1.186	1.79213348516151e-09	2.79063780795722e-10	-2.79063947396786e-10
534.544	0.773	-1.025	2.26952639062456e-09	3.38321511668075e-10	-3.38321680944319e-10
536.229	0.805	-0.912	2.37122489321418e-09	3.61238029638461e-10	-3.61238115410478e-10
538.171	1.261	-1.137	1.72364939815541e-09	2.62584963546091e-10	-2.62585050639294e-10
540.720	1.342	-1.287	1.58719593643951e-09	2.36605618266986e-10	-2.3660570479913e-10
543.090	1.281	-1.028	1.73303219681365e-09	2.69860784616634e-10	-2.69860870321632e-10
545.547	1.165	-1.176	1.7481133312361e-09	2.60593848028978e-10	-2.6059393288856e-10
547.781	1.021	-1.068	1.89539009949664e-09	2.88748195062429e-10	-2.88748361879899e-10
549.872	1.011	-1.071	1.86899433229223e-09	2.84727131617248e-10	-2.84727213582739e-10
552.003	0.951	-1.12	1.88748501793194e-09	2.81370139318264e-10	-2.81370301402179e-10
554.045	1.031	-1.091	1.87170957023626e-09	2.79018508461443e-10	-2.79018590827655e-10
556.397	1.138	-1.321	1.646047461253e-09	2.45378743403946e-10	-2.4537882731609e-10
558.335	0.662	-0.8	2.80559123251547e-09	4.18233593824568e-10	-4.18233678892933e-10
560.160	1.282	-1.163	1.6923618841089e-09	2.52282836562731e-10	-2.52282922335672e-10
562.554	1.021	-1.112	1.96036051110224e-09	2.92233713850568e-10	-2.92233887255613e-10
564.268	0.800	-0.692	2.82313967871509e-09	4.20849623480126e-10	-4.20849710851912e-10
565.732	0.857	-0.664	2.68629906830654e-09	4.09237246409448e-10	-4.09237418592488e-10
567.298	0.531	-0.709	3.21672089833904e-09	4.90042944480571e-10	-4.90043196597539e-10
568.496	0.579	-0.667	3.19529569911685e-09	4.76327412381695e-10	-4.76327577392887e-10
569.891	0.706	-0.817	2.60418236063856e-09	3.88209338998321e-10	-3.88209421226951e-10
571.311	0.718	-0.714	2.73719840350736e-09	4.26225474404649e-10	-4.26225642307291e-10
572.777	0.670	-0.748	2.82433273658951e-09	4.39793648387164e-10	-4.39793734150222e-10
574.268	0.751	-0.82	2.6274370937541e-09	4.0027008417668e-10	-4.00270258101964e-10
575.719	0.805	-0.7	2.76594700107071e-09	4.12323731223348e-10	-4.12323903854431e-10
577.342	0.746	-0.818	2.47196182464371e-09	4.02415869771147e-10	-4.02415955370491e-10
578.763	0.924	-0.675	2.48099340782608e-09	3.86330188059913e-10	-3.86330358017509e-10
580.408	0.692	-0.721	2.8518583553238e-09	4.34458954922829e-10	-4.3445912467898e-10
581.980	0.683	-0.881	2.53343814840702e-09	3.94496694566276e-10	-3.94496864257382e-10
583.385	0.885	-0.722	2.5057503411439e-09	3.8173206984487e-10	-3.8173215466144e-10
584.902	0.618	-0.633	3.30732904591879e-09	5.0384650335472e-10	-5.03846677660395e-10
586.284	0.792	-0.763	2.70663765281322e-09	4.21466627042371e-10	-4.21466807305339e-10
587.672	0.555	-0.596	3.8436734893929e-09	5.85554494501421e-10	-5.8555468093764e-10
589.090	0.847	-0.863	2.53896000522643e-09	4.13322616002573e-10	-4.13322808249138e-10
590.626	0.659	-0.69	3.09199841240938e-09	5.03352993589638e-10	-5.03353178256456e-10
592.081	0.600	-0.796	2.97207179992519e-09	4.6279895683611e-10	-4.62799134615843e-10
593.514	0.626	-0.832	2.78599733079177e-09	4.24425466904904e-10	-4.24425638168406e-10
594.744	0.615	-0.604	3.32491550228133e-09	4.95649900443904e-10	-4.95650068467028e-10
596.139	0.805	-0.78	2.54439681275619e-09	3.79296867132835e-10	-3.79297034382669e-10
597.590	0.636	-0.645	3.133634915857e-09	4.67135421044273e-10	-4.67135587495455e-10
598.859	0.610	-0.634	3.21782105230397e-09	4.90210551675147e-10	-4.9021072029599e-10
600.096	0.587	-0.627	3.55014888305673e-09	5.2922593698888e-10	-5.29226115611735e-10
601.136	0.447	-0.453	5.02207790181802e-09	7.48648449278956e-10	-7.48648730487595e-10
602.072	0.504	-0.489	4.68065190274387e-09	7.13061748845755e-10	-7.13062042541703e-10
602.979	0.392	-0.404	5.99924941494345e-09	9.13939966345486e-10	-9.13940267899205e-10
603.829	0.572	-0.458	4.6931396027086e-09	6.99613133100935e-10	-6.99613433808734e-10
604.873	0.403	-0.473	5.50403548892062e-09	8.20494538626481e-10	-8.20494838300158e-10
605.798	0.378	-0.522	5.25056281955325e-09	7.99883354175274e-10	-7.99883553349863e-10
606.694	0.434	-0.518	4.95133773020022e-09	7.54298720137606e-10	-7.54298918726033e-10
607.654	0.399	-0.526	5.15671852301897e-09	7.68719544631808e-10	-7.68719841374112e-10
608.535	0.344	-0.482	5.75703672553903e-09	8.5820985321836e-10	-8.58210148827927e-10
609.301	0.405	-0.422	5.72571735358158e-09	8.53540964055219e-10	-8.5354125868475e-10
610.124	0.520	-0.418	5.03403112648266e-09	7.50430263503683e-10	-7.50430557085235e-10
611.068	0.385	-0.424	5.81561880582463e-09	8.66942762583145e-10	-8.66943055409428e-10
611.893	0.381	-0.44	5.68253634028734e-09	8.6569117120435e-10	-8.65691465788156e-10
612.753	0.531	-0.479	4.71582747115159e-09	7.02995287433056e-10	-7.02995583857632e-10
613.689	0.381	-0.405	6.10105525921209e-09	9.09493187069663e-10	-9.0949358498717e-10
614.415	0.345	-0.345	6.98672086565717e-09	1.04152102398686e-09	-1.04152102398686e-09
615.178	0.494	-0.417	5.24085075067776e-09	7.98403753348233e-10	-7.98404055110478e-10
615.985	0.510	-0.313	5.92780227656601e-09	8.83666102196289e-10	-8.83666507172877e-10
617.016	0.421	-0.52	5.23135185072638e-09	7.79845219461828e-10	-7.79845525726265e-10
618.076	0.619	-0.639	3.94776081447106e-09	5.88498478563024e-10	-5.8849868448649e-10
619.180	0.482	-0.486	5.17628961951881e-09	7.71637063612211e-10	-7.71637375245964e-10
620.237	0.522	-0.575	4.31235402385032e-09	6.71502359258153e-10	-6.71502562016704e-10
621.281	0.699	-0.522	3.86461649954071e-09	5.76104063973962e-10	-5.76104259570329e-10
622.705	0.488	-0.725	3.70154940729747e-09	5.51795325789285e-10	-5.51795512040792e-10
623.647	0.368	-0.454	5.20659899994445e-09	7.93185805461299e-10	-7.93186075952569e-10
624.408	0.420	-0.393	5.27386446015446e-09	7.86182566317851e-10	-7.86182921921206e-10
625.483	0.606	-0.654	3.42703807648994e-09	5.22083109219303e-10	-5.22083291109324e-10
626.800	0.809	-0.712	2.9650002721999e-09	4.41996915057854e-10	-4.41997102074973e-10
628.311	0.601	-0.701	3.57518934836432e-09	5.32958669211635e-10	-5.32958862275493e-10
629.551	0.518	-0.64	3.93911906814835e-09	6.00094811176575e-10	-6.00095099532309e-10
630.806	0.690	-0.736	3.05154373017941e-09	4.7517399105886e-10	-4.75174177532645e-10
632.143	0.382	-0.646	4.23394152295064e-09	6.31159925442526e-10	-6.31160105978351e-10
633.282	0.547	-0.757	3.24802436096512e-09	4.84187718840105e-10	-4.84187894476206e-10
634.494	0.721	-0.665	2.97305886887472e-09	4.52922966916096e-10	-4.52923140533382e-10
635.696	0.462	-0.481	4.42813897604971e-09	6.60109185110078e-10	-6.60109444810351e-10
636.733	0.667	-0.575	3.30094175834581e-09	5.02873372197819e-10	-5.02873544915787e-10
637.961	0.378	-0.561	4.41361110522543e-09	6.57943372723066e-10	-6.57943630593577e-10
639.106	0.755	-0.766	2.69359679777267e-09	4.01538317663886e-10	-4.01538487559416e-10
640.711	0.781	-0.85	2.47035858947123e-09	3.68259920542163e-10	-3.68260087654528e-10
642.150	0.771	-0.658	2.77966688560894e-09	4.14368920706153e-10	-4.14369085367778e-10
643.533	0.613	-0.613	3.40467800586243e-09	5.07540289808334e-10	-5.07540462860915e-10
644.802	0.465	-0.656	3.84741079413273e-09	5.86123739382998e-10	-5.86123921085382e-10
645.792	0.687	-0.524	3.6969353986984e-09	5.63200036002691e-10	-5.63200224739708e-10
647.210	0.496	-0.731	3.8568701699478e-09	5.7494927478486e-10	-5.74949471114596e-10
648.150	0.418	-0.443	5.13049444436796e-09	8.16761035435536e-10	-8.16761323996704e-10
649.322	0.616	-0.754	3.24929489761197e-09	4.95005382379756e-10	-4.95005569941154e-10
650.328	0.413	-0.391	5.32878495070315e-09	8.29776725697411e-10	-8.29777000997182e-10
651.094	0.320	-0.353	6.473668108862e-09	9.65039396217488e-10	-9.65039396217488e-10
651.826	0.529	-0.412	4.47683735479698e-09	7.12700473498657e-10	-7.1270074870262e-10
652.771	0.385	-0.416	5.52455095483088e-09	8.60260613494604e-10	-8.60260897644195e-10
653.582	0.392	-0.426	5.73722959550223e-09	8.55257201535578e-10	-8.55257493583042e-10
654.427	0.405	-0.453	5.54417287300976e-09	8.44612554079245e-10	-8.44612854578429e-10
655.350	0.542	-0.518	4.54419957007109e-09	6.77410469764734e-10	-6.77410669568965e-10
656.303	0.441	-0.411	5.38226091676312e-09	8.02341423862344e-10	-8.02341709155254e-10
657.326	0.509	-0.581	3.79886703272691e-09	6.04769460176918e-10	-6.04769640585453e-10
658.359	0.387	-0.524	4.52861646919737e-09	6.75087388032728e-10	-6.75087644609675e-10
659.156	0.298	-0.41	5.85292223904631e-09	8.7250407242441e-10	-8.7250407242441e-10
659.875	0.346	-0.421	5.61356699091958e-09	8.36822538751984e-10	-8.36822895733476e-10
660.604	0.336	-0.383	6.12426594360922e-09	9.32985235205133e-10	-9.3298616261386e-10
661.259	0.346	-0.319	6.73690950476735e-09	1.04904440900022e-09	-1.04904440900022e-09
661.907	0.332	-0.302	7.29987086206245e-09	1.08820279348593e-09	-1.08820279348593e-09
662.594	0.358	-0.356	6.51241846110471e-09	9.60205342952338e-10	-9.60205342952338e-10
663.286	0.337	-0.334	6.66083688769487e-09	9.92940427192011e-10	-9.92941353466603e-10
664.037	0.423	-0.415	5.14973005152702e-09	7.8452216994795e-10	-7.84522442696362e-10
664.860	0.359	-0.399	5.71866853107424e-09	8.71195714326358e-10	-8.71196079585833e-10
665.500	0.302	-0.281	7.65610084874836e-09	1.1413060190335e-09	-1.14130694531374e-09
666.180	0.431	-0.378	5.60323111793385e-09	8.35281858406977e-10	-8.35282234577123e-10
667.001	0.409	-0.39	5.78268396833811e-09	8.62033134314925e-10	-8.62033517423693e-10
667.792	0.337	-0.381	6.60502076103082e-09	9.84619868286419e-10	-9.84620852637559e-10
668.424	0.269	-0.295	8.53135978328779e-09	1.29968788164767e-09	-1.29968788164767e-09
668.955	0.300	-0.262	8.7725684723561e-09	1.33643418233527e-09	-1.33643418233527e-09
669.517	0.264	-0.262	9.61334641852336e-09	1.4645202018117e-09	-1.46452126847579e-09
670.103	0.314	-0.321	1.23923958252448e-08	1.51397494322721e-09	-1.51397603934068e-09
670.731	0.366	-0.314	1.18382407322404e-08	1.46748082067061e-09	-1.46748195320015e-09
671.419	0.311	-0.322	1.30626578810735e-08	1.64314917252056e-09	-1.64315034984995e-09
672.090	0.302	-0.36	1.26988355689115e-08	1.64531537692356e-09	-1.64531659960548e-09
672.624	0.297	-0.232	1.20841771454619e-08	1.78004888002019e-09	-1.7800501400061e-09
673.200	0.286	-0.28	1.65189233458481e-08	2.01811187599202e-09	-2.01811317745811e-09
673.775	0.312	-0.289	1.46713027599319e-08	1.84550025614916e-09	-1.84550151159066e-09
674.419	0.272	-0.332	1.3940496674309e-08	1.72807872958486e-09	-1.7280799131072e-09
674.983	0.275	-0.293	1.08853455497642e-08	1.53813264065452e-09	-1.53813376463597e-09
675.501	0.259	-0.243	1.05338800304587e-08	1.55313821617914e-09	-1.55313928815913e-09
676.073	0.374	-0.313	1.05649625592323e-08	1.30964438534648e-09	-1.30964438534648e-09
676.720	0.230	-0.273	9.46327166410009e-09	1.41070339868825e-09	-1.41070438661937e-09
677.208	0.245	-0.258	9.22916824336607e-09	1.37580548981196e-09	-1.37580645331651e-09
677.682	0.335	-0.229	8.04150560363419e-09	1.19875875916405e-09	-1.19875969953737e-09
678.275	0.259	-0.257	8.41040246048118e-09	1.28126111381995e-09	-1.28126111381995e-09
678.857	0.250	-0.324	1.12530092753038e-08	1.39493529162561e-09	-1.39493620193437e-09
679.406	0.281	-0.299	7.41816446910381e-09	1.1301006600537e-09	-1.13010156660658e-09
680.028	0.334	-0.34	6.45370175986718e-09	9.6206255116512e-10	-9.62063453485068e-10
680.725	0.367	-0.362	5.77332132970426e-09	8.79521628846074e-10	-8.79521895042213e-10
681.506	0.403	-0.414	5.07486063845527e-09	7.56516878438738e-10	-7.56517136230432e-10
682.257	0.415	-0.349	5.26495085735391e-09	7.84853899573662e-10	-7.84854232865797e-10
682.991	0.326	-0.32	6.06668598241378e-09	9.04370107230436e-10	-9.04370107230436e-10
683.832	0.572	-0.515	3.6047122867783e-09	5.37359733447462e-10	-5.3735989594823e-10
684.795	0.380	-0.39	5.08729320080459e-09	7.58370219055223e-10	-7.58370544103293e-10
685.626	0.454	-0.452	4.27476407143399e-09	6.51227846940991e-10	-6.51228010071502e-10
686.515	0.471	-0.435	4.32973867415051e-09	6.59602783136905e-10	-6.59603030978862e-10
687.465	0.389	-0.479	4.65215245459986e-09	6.93503143584443e-10	-6.93503478576657e-10
688.363	0.502	-0.509	3.97511587618626e-09	6.05578625161204e-10	-6.05578879078823e-10
689.242	0.379	-0.377	5.41631017053498e-09	8.07417261146751e-10	-8.07417600818473e-10
689.936	0.372	-0.315	5.97902895106819e-09	8.91302723745553e-10	-8.91302723745553e-10
690.681	0.409	-0.373	5.17614798005376e-09	7.88546832403209e-10	-7.8854708852952e-10
691.605	0.403	-0.515	4.34134294985319e-09	6.61370540224578e-10	-6.61370792147972e-10
692.322	0.377	-0.314	5.58963353402798e-09	8.70394688301674e-10	-8.70395514658957e-10
693.004	0.422	-0.305	5.39392707640043e-09	8.0408060445433e-10	-8.04080929987963e-10
693.847	0.522	-0.421	4.14002300264584e-09	6.17159279308155e-10	-6.17159522138805e-10
694.732	0.336	-0.363	5.48696205304561e-09	8.35896778359188e-10	-8.35897586675408e-10
695.467	0.363	-0.399	5.11554333648396e-09	7.62581529624665e-10	-7.62581771928908e-10
696.261	0.396	-0.431	4.73923593901643e-09	7.06484843416736e-10	-7.06485087304456e-10
697.117	0.403	-0.46	4.57578672964951e-09	6.8211913526754e-10	-6.82119380871935e-10
697.858	0.340	-0.338	5.81998759821979e-09	8.67594259577532e-10	-8.67594259577532e-10
698.796	0.502	-0.598	3.50744717566604e-09	5.34332929571691e-10	-5.34333173335416e-10
699.686	0.304	-0.388	5.66654089208614e-09	8.44719818977969e-10	-8.44719818977969e-10
700.338	0.356	-0.348	5.56802706968227e-09	8.48246807710334e-10	-8.48246807710334e-10
701.226	0.535	-0.532	3.81825608363329e-09	5.69192974033475e-10	-5.6919314305705e-10
702.250	0.378	-0.489	4.80899069962049e-09	7.16883233664773e-10	-7.16883492842397e-10
703.028	0.438	-0.4	5.00845035044075e-09	7.4661699940274e-10	-7.46617347488266e-10
703.919	0.404	-0.453	4.93491519852625e-09	7.35655035457344e-10	-7.35655298696297e-10
704.959	0.528	-0.636	3.61399277514284e-09	5.50564324360202e-10	-5.505645015581e-10
705.815	0.286	-0.328	7.07295187769377e-09	1.05437517063268e-09	-1.05437517063268e-09
706.466	0.437	-0.365	5.40498733819448e-09	8.23408781711902e-10	-8.23409055844587e-10
707.237	0.314	-0.333	6.92714087761585e-09	1.03263903708665e-09	-1.03263903708665e-09
707.943	0.460	-0.393	5.26517561485434e-09	8.02109492286942e-10	-8.02109775907606e-10
708.784	0.374	-0.381	6.00675664977157e-09	9.04653665485074e-10	-9.04654038936185e-10
709.485	0.363	-0.328	6.33667013393182e-09	9.44616675321763e-10	-9.44616675321763e-10
710.251	0.404	-0.404	5.24668264114395e-09	7.82130653254901e-10	-7.82130916860711e-10
711.075	0.351	-0.42	5.31714425024401e-09	7.9263446972044e-10	-7.9263472451132e-10
711.816	0.291	-0.391	5.88453868115904e-09	8.96464620850153e-10	-8.96465465687603e-10
712.354	0.255	-0.247	8.32875701120813e-09	1.22801001559248e-09	-1.22801086317225e-09
712.978	0.341	-0.369	5.78018667362109e-09	8.61660541977808e-10	-8.61661392746805e-10
713.561	0.279	-0.242	8.27315915431527e-09	1.20676668992909e-09	-1.20676668992909e-09
714.136	0.277	-0.296	7.35529543438757e-09	1.09646467223687e-09	-1.09646467223687e-09
714.670	0.263	-0.257	8.18547124890019e-09	1.25947255379855e-09	-1.25947344405e-09
715.183	0.336	-0.251	7.32787161620939e-09	1.1163456509261e-09	-1.1163456509261e-09
715.816	0.269	-0.297	1.17873676909929e-08	1.44006027212358e-09	-1.44006120082803e-09
716.339	0.252	-0.254	8.90803187088683e-09	1.35707045932525e-09	-1.35707140766174e-09
716.850	0.257	-0.259	9.04788086048651e-09	1.34878081426719e-09	-1.34878081426719e-09
717.387	0.241	-0.28	9.35269131707226e-09	1.37898160624029e-09	-1.37898160624029e-09
717.934	0.338	-0.306	1.00916531098719e-08	1.30282968311136e-09	-1.30283069382468e-09
718.618	0.354	-0.346	1.03988113208623e-08	1.28904886248704e-09	-1.28904988856537e-09
719.253	0.297	-0.28	1.29368539190852e-08	1.58049254680968e-09	-1.58049358531133e-09
719.838	0.281	-0.289	1.32448159914064e-08	1.61811581375152e-09	-1.61811686382149e-09
720.407	0.274	-0.289	1.326791167993e-08	1.66896852088713e-09	-1.66896958232346e-09
720.914	0.299	-0.233	1.56833713976777e-08	1.84734096756093e-09	-1.84734202974072e-09
721.502	0.304	-0.289	1.25798421720937e-08	1.55941114011121e-09	-1.5594121891876e-09
722.088	0.381	-0.283	9.75401622555163e-09	1.29104152038608e-09	-1.29104255657489e-09
722.754	0.243	-0.285	1.37372165880537e-08	1.70288134182933e-09	-1.70288236357571e-09
723.293	0.295	-0.296	1.24477535983108e-08	1.52073921102076e-09	-1.52074023490279e-09
723.851	0.277	-0.264	1.01980274607478e-08	1.44222200127382e-09	-1.44222200127382e-09
724.414	0.351	-0.286	1.15409508662275e-08	1.43062928119335e-09	-1.43062928119335e-09
725.018	0.267	-0.252	1.43829499396977e-08	1.75716208895622e-09	-1.757163129455e-09
725.546	0.244	-0.261	1.5518418667147e-08	1.87922418484479e-09	-1.87922522154717e-09
726.065	0.233	-0.274	1.89124110912005e-08	2.03852831426779e-09	-2.03852933933794e-09
726.577	0.277	-0.28	1.27930485671924e-08	1.6092346715833e-09	-1.60923568531403e-09
727.105	0.251	-0.25	1.4986387377603e-08	1.79122016496172e-09	-1.79122116713824e-09
727.600	0.270	-0.244	1.41712322491074e-08	1.74178654409721e-09	-1.74178753556879e-09
728.123	0.253	-0.253	1.47251242416201e-08	1.7856888298194e-09	-1.78568985067619e-09
728.635	0.246	-0.26	1.58922528785651e-08	1.89846234964409e-09	-1.89846340065576e-09
729.146	0.242	-0.265	1.55519329679319e-08	1.88595482200997e-09	-1.88595590398367e-09
729.646	0.248	-0.259	2.13098166156662e-08	2.26938379479995e-09	-2.26938490792996e-09
730.138	0.261	-0.243	2.21671924270378e-08	2.35891766146752e-09	-2.3589187951821e-09
730.657	0.247	-0.258	1.83866840845073e-08	2.12206122469787e-09	-2.12206236095069e-09
731.176	0.295	-0.273	3.39761860807195e-08	4.30304257591296e-09	-4.20912160231092e-09
731.845	0.333	-0.374	3.01559393456806e-08	3.90883443731284e-09	-3.78687997692433e-09
732.551	0.364	-0.373	2.84274524309034e-08	3.78196219505595e-09	-3.66550916305878e-09
733.177	0.312	-0.263	3.76424784853216e-08	4.83464330387114e-09	-4.6672813570133e-09
733.825	0.333	-0.336	3.22545107554551e-08	4.14785343995363e-09	-3.99978037620574e-09
734.466	0.247	-0.308	3.80082970576061e-08	5.01029534534133e-09	-4.83830819194206e-09
735.080	0.296	-0.368	3.17152755299925e-08	4.18215119900825e-09	-4.03738329122329e-09
735.678	0.293	-0.301	3.65897322338629e-08	4.6779772970553e-09	-4.50376858251554e-09
736.300	0.270	-0.329	3.65271307478779e-08	4.61709016931005e-09	-4.43930156312603e-09
736.903	0.354	-0.333	3.10143653363772e-08	3.99625954971233e-09	-3.84680368260907e-09
737.502	0.342	-0.245	3.59723426862066e-08	4.63815207916209e-09	-4.46169752734157e-09
738.101	0.279	-0.257	3.87211144176592e-08	5.05681754903728e-09	-4.86538657587626e-09
738.664	0.303	-0.284	3.43414767621772e-08	4.59844094347917e-09	-4.42985813345777e-09
739.466	0.398	-0.499	2.22337947192354e-08	2.96867507675496e-09	-2.86800880241297e-09
740.150	0.270	-0.287	3.65396063623136e-08	4.69434892266588e-09	-4.53067892563947e-09
740.865	0.465	-0.444	2.14383833727721e-08	2.85146593008578e-09	-2.7642516922014e-09
741.709	0.462	-0.38	2.36780646540525e-08	2.99132519012433e-09	-2.89671462786814e-09
742.598	0.515	-0.428	1.99999425700167e-08	2.61565247301e-09	-2.54384125885981e-09
743.545	0.353	-0.432	2.40809139207625e-08	3.06484930062289e-09	-2.98310917857887e-09
744.344	0.426	-0.446	2.13339172847494e-08	2.71680028571313e-09	-2.64295067201432e-09
745.244	0.463	-0.474	1.92183939092789e-08	2.48227426278674e-09	-2.41254122385739e-09
746.119	0.391	-0.411	2.22072319361994e-08	2.83828425963089e-09	-2.75207512635e-09
746.892	0.356	-0.382	2.34553523639187e-08	3.03997305273067e-09	-2.94541008623556e-09
747.647	0.443	-0.398	2.04227637895033e-08	2.61906147387905e-09	-2.53180415413339e-09
748.696	0.568	-0.606	1.42840194808212e-08	1.88109242537235e-09	-1.81810316315903e-09
749.760	0.444	-0.495	1.74173019093167e-08	2.35335890966723e-09	-2.2765971520184e-09
750.779	0.456	-0.576	1.64361529578851e-08	2.11593520561658e-09	-2.03844215081122e-09
751.729	0.524	-0.494	1.67774559842818e-08	2.16120294386789e-09	-2.08091742011707e-09
752.619	0.498	-0.366	1.94350609568638e-08	2.59892064781753e-09	-2.50719403671808e-09
753.624	0.499	-0.506	1.7504036297972e-08	2.25850015730488e-09	-2.17091208064145e-09
754.707	0.604	-0.584	1.48888543546342e-08	1.93655436282498e-09	-1.87037204979044e-09
755.752	0.466	-0.441	1.91121769644301e-08	2.44590422518919e-09	-2.3688219619347e-09
757.016	0.525	-0.797	1.2526206813907e-08	1.6156314045931e-09	-1.57224852842957e-09
758.170	0.676	-0.629	1.23892235212073e-08	1.57233356417947e-09	-1.53439684222088e-09
759.597	0.652	-0.75	1.14367219338239e-08	1.44980413740572e-09	-1.41630686142199e-09
760.982	0.458	-0.734	1.3514522843573e-08	1.69438360095353e-09	-1.65219926921668e-09
762.084	0.604	-0.643	1.27392497718427e-08	1.61889947821857e-09	-1.57791586774987e-09
763.076	0.336	-0.388	1.24738070659792e-08	1.54917103919302e-09	-1.54637620055811e-09
763.645	0.270	-0.234	1.30463392834037e-08	1.64109669783306e-09	-1.64109763258948e-09
764.222	0.300	-0.307	1.11195982860402e-08	1.41949555457708e-09	-1.41949555457708e-09
764.773	0.326	-0.251	1.22981970127517e-08	1.50246697898656e-09	-1.5024679662345e-09
765.401	0.306	-0.303	1.07467602649417e-08	1.39239557613401e-09	-1.39239557613401e-09
766.026	0.268	-0.319	1.10937917062544e-08	1.37519910330451e-09	-1.37520002015892e-09
766.578	0.221	-0.284	8.84765732070141e-09	1.29056628418688e-09	-1.29056628418688e-09
767.099	0.303	-0.3	1.0465428843727e-08	1.29730566976991e-09	-1.29730655828127e-09
767.729	0.316	-0.326	9.96448853469376e-09	1.2173592595833e-09	-1.21736015083982e-09
768.325	0.278	-0.28	1.14006573743478e-08	1.39281557881836e-09	-1.39281557881836e-09
768.889	0.259	-0.285	8.44118184333025e-09	1.19376538817089e-09	-1.19376624573386e-09
769.426	0.377	-0.278	8.1572017557167e-09	1.05309254689975e-09	-1.05309337740652e-09
770.143	0.236	-0.34	1.02574871907903e-08	1.25315408230655e-09	-1.25315490573483e-09
770.666	0.257	-0.287	7.3105483204432e-09	1.11370689865259e-09	-1.11370689865259e-09
771.195	0.282	-0.272	8.31945270114151e-09	1.18747203078427e-09	-1.18747288494673e-09
771.795	0.265	-0.318	1.03803821157076e-08	1.26816850878445e-09	-1.26816935236749e-09
772.378	0.264	-0.318	1.00136999090048e-08	1.24130933042455e-09	-1.24131015047486e-09
772.944	0.319	-0.302	9.31166955074584e-09	1.1713135064532e-09	-1.1713143292082e-09
773.607	0.270	-0.344	6.70640215757855e-09	1.02166970261746e-09	-1.02166970261746e-09
774.151	0.240	-0.274	8.35990496859618e-09	1.27356798385067e-09	-1.2735688894945e-09
774.727	0.334	-0.337	9.82150894122513e-09	1.19989098552081e-09	-1.199891902889e-09
775.329	0.237	-0.268	8.66140590963705e-09	1.29116850912043e-09	-1.29116850912043e-09
775.828	0.249	-0.262	8.73592980158852e-09	1.30102184856183e-09	-1.30102184856183e-09
776.371	0.313	-0.294	8.83786064879866e-09	1.1810115416899e-09	-1.1810115416899e-09
776.966	0.250	-0.282	8.96838747998576e-09	1.28120028778443e-09	-1.28120119619101e-09
777.465	0.271	-0.249	8.98687685002147e-09	1.32380388280289e-09	-1.3238048040464e-09
778.042	0.314	-0.307	1.07127179470144e-08	1.32796108227012e-09	-1.32796201857293e-09
778.660	0.306	-0.304	1.08218467894564e-08	1.32210233405641e-09	-1.32210325370044e-09
779.242	0.262	-0.275	1.20132893749797e-08	1.46766032110107e-09	-1.46766121996432e-09
779.773	0.336	-0.269	1.03388977134476e-08	1.28162157066713e-09	-1.28162245099362e-09
780.434	0.318	-0.325	9.82414684239675e-09	1.21781180071766e-09	-1.21781268888131e-09
781.015	0.238	-0.264	8.6579837414538e-09	1.29065829264195e-09	-1.29065919328428e-09
781.577	0.366	-0.324	9.49626550480791e-09	1.1601564482549e-09	-1.16015736112562e-09
782.248	0.218	-0.305	7.89446425106563e-09	1.25677744152163e-09	-1.25677834060374e-09
782.742	0.320	-0.276	6.9764149235037e-09	1.06280383801262e-09	-1.06280383801262e-09
783.410	0.264	-0.348	6.45372063442822e-09	1.00494679882609e-09	-1.00494764467612e-09
783.993	0.292	-0.319	6.48391247792436e-09	9.66566015185684e-10	-9.66566835555275e-10
784.547	0.364	-0.263	9.2977685304535e-09	1.16043155392349e-09	-1.16043237002764e-09
785.154	0.276	-0.244	7.56645902955562e-09	1.12794343860755e-09	-1.12794343860755e-09
785.740	0.311	-0.31	6.22172645299511e-09	9.47832342033292e-10	-9.4783315594955e-10
786.347	0.330	-0.296	6.41752366141963e-09	9.462142958685e-10	-9.462142958685e-10
786.942	0.326	-0.265	6.46408917491137e-09	1.00656160207427e-09	-1.00656241972636e-09
787.514	0.297	-0.246	7.61293692604036e-09	1.11046294407265e-09	-1.11046376412843e-09
788.174	0.299	-0.363	5.95601394733003e-09	8.87871250040192e-10	-8.87872067329518e-10
788.758	0.323	-0.285	6.44388430196467e-09	9.60599061727403e-10	-9.60599874653552e-10
789.401	0.258	-0.32	6.74114202614903e-09	1.00491216039613e-09	-1.00491216039613e-09
790.053	0.351	-0.394	5.27014256563557e-09	7.85627739041411e-10	-7.85628064858188e-10
790.726	0.401	-0.322	5.49163139666572e-09	8.18645419615135e-10	-8.18645748590967e-10
791.454	0.336	-0.327	6.04013867772192e-09	9.00412426699283e-10	-9.00412426699283e-10
792.117	0.346	-0.326	5.91290291496133e-09	8.81444710228656e-10	-8.81445534662141e-10
792.875	0.367	-0.412	4.97578639533029e-09	7.5802320262162e-10	-7.5802344769248e-10
793.728	0.517	-0.486	3.83063552787477e-09	5.83568239438574e-10	-5.83568401403732e-10
794.607	0.291	-0.362	6.01502561114327e-09	8.96668564918205e-10	-8.96668564918205e-10
795.239	0.466	-0.34	4.81457434299876e-09	7.33463718834165e-10	-7.33464045841027e-10
796.083	0.396	-0.378	5.16522378192702e-09	7.69987396575368e-10	-7.69987645212598e-10
796.877	0.326	-0.398	5.65479007813303e-09	8.51645543205533e-10	-8.51645543205533e-10
797.698	0.444	-0.495	4.41164225974568e-09	6.576499524625e-10	-6.57650124305209e-10
798.620	0.399	-0.478	4.69436574369513e-09	6.99795887101831e-10	-6.99796143203265e-10
799.559	0.440	-0.54	4.1929905775398e-09	6.1822381984257e-10	-6.18223986574274e-10
800.328	0.395	-0.329	5.27294254736393e-09	8.2108123341351e-10	-8.2108123341351e-10
801.232	0.488	-0.508	3.8528273469624e-09	5.86948983982836e-10	-5.86949226600233e-10
802.188	0.329	-0.468	4.75253283423322e-09	7.40045212110825e-10	-7.40045455464138e-10
802.979	0.516	-0.462	3.9446749037147e-09	6.00941139816107e-10	-6.00941383779343e-10
803.996	0.407	-0.5	4.32945941476232e-09	6.45398859765886e-10	-6.45399104101414e-10
804.795	0.375	-0.392	5.12561801075865e-09	7.64083348297186e-10	-7.64083592759398e-10
805.579	0.486	-0.409	4.39416775711695e-09	6.55045013027211e-10	-6.5504525761367e-10
806.547	0.400	-0.483	4.44380759531481e-09	6.62444809947091e-10	-6.62445053858425e-10
807.262	0.316	-0.315	6.09203589534836e-09	9.28075316041877e-10	-9.28075316041877e-10
808.036	0.402	-0.457	4.24683443772341e-09	6.91351069884907e-10	-6.9135131230106e-10
808.828	0.451	-0.391	4.6580501127332e-09	6.94382321314906e-10	-6.94382565129836e-10
809.831	0.437	-0.552	3.93120910344057e-09	5.98889809503676e-10	-5.98890055292677e-10
810.570	0.269	-0.302	6.85417148266449e-09	1.04418090239716e-09	-1.04418090239716e-09
811.247	0.468	-0.407	4.60432166317174e-09	6.86372921813431e-10	-6.86373172497173e-10
812.079	0.293	-0.364	6.13963475671623e-09	9.35326716059729e-10	-9.35326716059729e-10
812.807	0.374	-0.436	5.13158040751943e-09	7.64972129527252e-10	-7.64972474028909e-10
813.563	0.378	-0.382	5.2997504910646e-09	8.33277033465903e-10	-8.3327737610461e-10
814.237	0.315	-0.297	8.33441997665886e-09	1.1229845176988e-09	-1.1229845176988e-09
814.990	0.395	-0.438	4.82752754846213e-09	7.19646549849e-10	-7.19646799860568e-10
815.842	0.376	-0.457	4.87254703882508e-09	7.26357697943677e-10	-7.26357950287576e-10
816.470	0.295	-0.252	7.59349177539602e-09	1.13197310873853e-09	-1.13197310873853e-09
817.089	0.251	-0.325	7.35232021843704e-09	1.09602077941091e-09	-1.09602165822067e-09
817.686	0.316	-0.346	6.51313346117891e-09	9.70921907718419e-10	-9.70922801556614e-10
818.288	0.405	-0.285	6.06654150794883e-09	9.04347889802751e-10	-9.04348758159844e-10
818.971	0.296	-0.278	7.0522917364141e-09	1.05129581424219e-09	-1.05129581424219e-09
819.648	0.411	-0.381	4.95530586190363e-09	7.38694654815481e-10	-7.38694898864798e-10
820.471	0.296	-0.412	5.54601386299612e-09	8.26752060996806e-10	-8.26752875306219e-10
821.401	0.505	-0.634	3.41890707835942e-09	5.20844525913388e-10	-5.20844771995775e-10
822.277	0.367	-0.371	5.32337776083528e-09	8.10976192326759e-10	-8.10976440777352e-10
823.054	0.318	-0.41	5.54512133629083e-09	8.53210348192391e-10	-8.53210348192391e-10
823.741	0.366	-0.369	5.64250644479092e-09	8.41136689389998e-10	-8.41137033270498e-10
824.414	0.417	-0.307	5.8247579737205e-09	8.68305178322908e-10	-8.68305528153861e-10
825.230	0.313	-0.399	5.83205647412737e-09	8.69393410701079e-10	-8.69393410701079e-10
825.980	0.467	-0.437	4.47976187488562e-09	6.67804582825499e-10	-6.67804834689289e-10
826.870	0.460	-0.424	4.3048404590046e-09	6.7033233827655e-10	-6.70332582848172e-10
827.629	0.356	-0.299	5.94962876144337e-09	8.86920134068328e-10	-8.86920134068328e-10
828.383	0.540	-0.397	4.08759495818175e-09	6.22714033443895e-10	-6.22714275684186e-10
829.382	0.450	-0.459	4.14616363271908e-09	6.45623813742134e-10	-6.45623975186793e-10
830.297	0.362	-0.465	4.71427075876262e-09	7.0276322003572e-10	-7.02763462617808e-10
831.271	0.498	-0.612	3.51984265600128e-09	5.24708081642565e-10	-5.2470832470033e-10
832.269	0.429	-0.499	4.21507864951796e-09	6.28347890668931e-10	-6.28348134156899e-10
833.198	0.530	-0.5	3.80285883184543e-09	5.66897775026626e-10	-5.66897937468966e-10
834.257	0.401	-0.529	4.21356107405826e-09	6.28121655254381e-10	-6.28121899117913e-10
835.105	0.420	-0.447	4.53471970648563e-09	6.75997296976576e-10	-6.7599754136318e-10
836.154	0.490	-0.629	3.4819161524699e-09	5.30443497919221e-10	-5.30443744203552e-10
837.109	0.535	-0.465	3.98798466357878e-09	5.94494596254387e-10	-5.94494844277111e-10
838.217	0.603	-0.573	3.35583831028293e-09	5.11236505939299e-10	-5.11236672231549e-10
839.355	0.465	-0.535	3.87603756234383e-09	6.03560802577875e-10	-6.03561051556643e-10
840.523	0.665	-0.704	2.78083907803657e-09	4.42702115363248e-10	-4.42702281035629e-10
841.807	0.698	-0.619	2.97518751406751e-09	4.53247188773756e-10	-4.53247353824508e-10
843.356	0.769	-0.852	2.36240201699314e-09	3.67863659691211e-10	-3.67863741686773e-10
844.706	0.583	-0.581	3.33555634441398e-09	5.08146588585569e-10	-5.08146752121571e-10
845.772	0.469	-0.483	4.16955416158215e-09	6.21561508101767e-10	-6.21561754953089e-10
846.876	0.612	-0.635	3.15197833390488e-09	4.8017992304164e-10	-4.80180088682983e-10
848.270	0.693	-0.782	2.69082607461661e-09	4.01125393890977e-10	-4.01125558459292e-10
849.865	0.919	-0.902	2.15530453475576e-09	3.21294460101841e-10	-3.21294541515132e-10
851.546	0.651	-0.762	2.62880906882534e-09	4.18499413962122e-10	-4.18499494817606e-10
852.934	0.630	-0.737	2.85307846246334e-09	4.25312524313859e-10	-4.25312685969012e-10
854.384	0.615	-0.821	2.67107981275237e-09	4.06918683079783e-10	-4.06918844676745e-10
855.723	0.649	-0.724	2.81064402256333e-09	4.28180247910978e-10	-4.28180410580557e-10
857.022	0.666	-0.649	3.01119580008715e-09	4.48883267953163e-10	-4.48883432125553e-10
858.126	0.401	-0.438	4.67589272733714e-09	7.12336696129003e-10	-7.12336944317057e-10
859.117	0.478	-0.589	3.73765543567903e-09	5.57177738711127e-10	-5.57177904161829e-10
859.927	0.380	-0.332	5.5104258880984e-09	8.39471443157524e-10	-8.39471443157524e-10
860.879	0.477	-0.573	3.73051829531662e-09	5.68316087921454e-10	-5.68316252932853e-10
861.827	0.514	-0.47	3.93057360446568e-09	6.1205296238778e-10	-6.12053128021436e-10
862.933	0.501	-0.593	3.5001497016579e-09	5.57214415124364e-10	-5.57214581898104e-10
863.886	0.595	-0.451	3.86712007950035e-09	5.764772088344e-10	-5.7647737659562e-10
865.057	0.521	-0.577	3.60924051071137e-09	5.49840392474283e-10	-5.49840559425297e-10
866.104	0.613	-0.526	3.48632462172096e-09	5.19711443677626e-10	-5.19711690601141e-10
867.130	0.398	-0.413	4.82604780741063e-09	7.19425992232903e-10	-7.1942631695601e-10
867.943	0.403	-0.415	4.76180940918707e-09	7.09849840815636e-10	-7.09850083224088e-10
868.788	0.476	-0.442	4.24548968597752e-09	6.32881337558883e-10	-6.32881579993945e-10
869.631	0.299	-0.367	5.76484591616933e-09	8.78230623918075e-10	-8.78230623918075e-10
870.486	0.609	-0.556	3.37175195263354e-09	5.02631959969767e-10	-5.02632122898208e-10
871.517	0.542	-0.422	4.1256799810523e-09	6.15021094092226e-10	-6.15021341542606e-10
872.618	0.694	-0.559	3.21870948902494e-09	4.79817729569235e-10	-4.79817896738493e-10
873.821	0.451	-0.509	4.18035213125803e-09	6.23171193560681e-10	-6.23171360096897e-10
874.591	0.345	-0.318	6.01651240792916e-09	8.96890423216192e-10	-8.96890423216192e-10
875.373	0.398	-0.437	4.60513350027368e-09	7.17092681549263e-10	-7.17092928407482e-10
876.344	0.599	-0.573	3.25757618239605e-09	5.07256599092043e-10	-5.07256762671175e-10
877.466	0.451	-0.523	3.96481258639768e-09	6.04009073790974e-10	-6.04009317666483e-10
878.522	0.542	-0.606	3.39726779993102e-09	5.06435624044943e-10	-5.06435785698399e-10
879.545	0.545	-0.481	3.80459952738843e-09	5.671572254483e-10	-5.67157387400492e-10
880.663	0.595	-0.572	3.35562665742067e-09	5.00228165075611e-10	-5.00228327474909e-10
881.922	0.712	-0.665	2.85030327817933e-09	4.2489885466567e-10	-4.24899017425467e-10
883.208	0.519	-0.573	3.52503324657994e-09	5.37012060989468e-10	-5.37012223250012e-10
884.331	0.508	-0.604	3.28619202993727e-09	5.34966169276333e-10	-5.34966331102748e-10
885.459	0.476	-0.62	3.49825982617668e-09	5.32933269163083e-10	-5.32933430713773e-10
886.445	0.520	-0.51	3.66152668664166e-09	5.70158020912255e-10	-5.70158263228059e-10
887.485	0.576	-0.52	3.55447338849464e-09	5.29870531129326e-10	-5.29870773434352e-10
888.667	0.522	-0.606	3.40035284935404e-09	5.18017874239126e-10	-5.18018116668821e-10
889.531	0.458	-0.343	4.87079515897368e-09	7.26096543187374e-10	-7.26096866600516e-10
890.421	0.368	-0.431	4.88726419370797e-09	7.28551652613428e-10	-7.2855189545262e-10
891.311	0.447	-0.522	4.04188591050951e-09	6.02529841925083e-10	-6.02530085703153e-10
892.299	0.480	-0.541	3.85400141685754e-09	5.74521627732951e-10	-5.7452187255643e-10
893.302	0.572	-0.523	3.49061080070027e-09	5.43543720101152e-10	-5.43543883692233e-10
894.373	0.394	-0.499	4.51347074528707e-09	6.65476108182438e-10	-6.65476353477895e-10
895.261	0.405	-0.495	4.30933484186388e-09	6.5649442052841e-10	-6.56494665748387e-10
896.047	0.454	-0.38	4.71567632920785e-09	7.0297275737177e-10	-7.02973002135012e-10
897.086	0.559	-0.585	3.50033684315181e-09	5.16097402686444e-10	-5.16097646355273e-10
898.228	0.410	-0.583	3.92647793511044e-09	5.85325825547573e-10	-5.85326068020592e-10
899.181	0.572	-0.544	3.49114423399521e-09	5.20429880401502e-10	-5.20430122651918e-10
900.180	0.365	-0.427	4.84136560258713e-09	7.37545231704459e-10	-7.37545554748814e-10
901.231	0.629	-0.686	2.96286405814651e-09	4.4167837290679e-10	-4.41678534451984e-10
902.563	0.751	-0.703	2.65775080807807e-09	4.04888072189779e-10	-4.0488823497433e-10
903.799	0.384	-0.486	4.5448576583772e-09	6.77508592725947e-10	-6.77508838666679e-10
904.822	0.690	-0.639	2.97910286214109e-09	4.44099142212438e-10	-4.44099306391087e-10
906.140	0.543	-0.628	3.36674849546713e-09	5.01886117070064e-10	-5.01886280505766e-10
907.396	0.713	-0.714	2.7508084976632e-09	4.10066990779344e-10	-4.10067153537376e-10
908.710	0.684	-0.6	2.95142250782708e-09	4.59583601265675e-10	-4.59583682453519e-10
910.097	0.732	-0.702	2.68064163113538e-09	4.08375316123031e-10	-4.08375478096706e-10
911.591	0.624	-0.762	2.81551221070595e-09	4.19712468556191e-10	-4.19712630366122e-10
913.059	0.683	-0.845	2.53099866946989e-09	3.89436770626814e-10	-3.89436851602214e-10
914.465	0.598	-0.722	2.96096715160895e-09	4.41395695400673e-10	-4.41395857486293e-10
916.082	0.774	-1.019	2.11401679791796e-09	3.29186125314046e-10	-3.29186206501977e-10
917.572	0.677	-0.716	2.81612830610057e-09	4.19804319479254e-10	-4.19804482154699e-10
919.134	0.810	-0.885	2.29896778694542e-09	3.50230295513587e-10	-3.50230459756895e-10
920.602	0.629	-0.658	3.15142095983501e-09	4.69786843303019e-10	-4.69787011396689e-10
922.090	0.765	-0.859	2.46795278189192e-09	3.8429964003194e-10	-3.84299725879987e-10
923.601	0.738	-0.745	2.71859408714463e-09	4.0526476700459e-10	-4.05264850642059e-10
925.137	0.654	-0.798	2.7059010359237e-09	4.03372517638495e-10	-4.03372680542913e-10
926.450	0.674	-0.659	2.85398559370251e-09	4.44411045090324e-10	-4.44411207983745e-10
927.664	0.539	-0.541	3.50584264522309e-09	5.58120786859717e-10	-5.58120951734678e-10
928.976	0.685	-0.773	2.76674923562904e-09	4.12443288817946e-10	-4.12443455997925e-10
930.113	0.784	-0.452	3.20575643062316e-09	4.99187344434971e-10	-4.99187514214891e-10
931.569	0.694	-0.672	3.0267442150383e-09	4.65715548165818e-10	-4.65715721329486e-10
933.325	1.084	-1.061	1.86243354417271e-09	2.83727650141622e-10	-2.83727734337675e-10
935.104	0.521	-0.696	3.13094168334953e-09	4.87537563908829e-10	-4.87537808685438e-10
936.118	0.499	-0.492	3.94007902764915e-09	5.87353257966229e-10	-5.87353500828334e-10
937.515	1.088	-0.898	1.93631418240168e-09	2.94982717306329e-10	-2.94982798306239e-10
939.495	0.965	-0.892	2.03801832056947e-09	3.17351889561149e-10	-3.17352051690862e-10
941.453	1.012	-0.993	1.94927269626951e-09	2.90580955398737e-10	-2.90581117468003e-10
943.269	0.804	-0.804	2.42879865464809e-09	3.62064542316766e-10	-3.62064704297365e-10
945.025	0.907	-0.952	2.09771741894992e-09	3.19571367287312e-10	-3.19571449459867e-10
947.185	1.088	-1.253	1.71038221980114e-09	2.72288293532815e-10	-2.72288380729637e-10
949.444	0.799	-1.171	2.25330801771429e-09	3.35903923099542e-10	-3.35904107137326e-10
951.545	1.209	-1.301	1.6858024239338e-09	2.56819100110071e-10	-2.56819189276527e-10
953.813	1.102	-1.06	1.89243828409656e-09	2.88298571168641e-10	-2.88298657361812e-10
955.977	1.214	-1.061	1.78739985837112e-09	2.66450325911405e-10	-2.66450410241216e-10
958.528	1.264	-1.337	1.52469550723736e-09	2.27288561715665e-10	-2.27288643941497e-10
961.013	1.161	-1.221	1.70454912863823e-09	2.59675083043371e-10	-2.59675168595412e-10
963.585	1.132	-1.411	1.70986339505911e-09	2.60484752697196e-10	-2.60484844284345e-10
965.605	1.172	-0.889	2.09795594425233e-09	3.26685214102457e-10	-3.26685399225011e-10
968.185	1.610	-1.409	1.40720387000692e-09	2.09774016215122e-10	-2.09774016215122e-10
971.172	1.374	-1.376	1.47526725255271e-09	2.24745768498723e-10	-2.24745853990933e-10
974.284	1.210	-1.738	1.38015831162841e-09	2.10256653095754e-10	-2.10256738818541e-10
977.354	1.454	-1.86	1.24023594345897e-09	1.84883791647352e-10	-1.84883876878442e-10
980.413	1.950	-1.604	1.09897050327173e-09	1.71127255807464e-10	-1.71127339466714e-10
983.742	1.187	-1.379	1.53034491908144e-09	2.33136409973464e-10	-2.3313649269253e-10
986.816	2.084	-1.887	9.7507111307168e-10	1.51834117667102e-10	-1.51834200588081e-10
990.512	1.919	-1.612	1.09114013793067e-09	1.69907947516879e-10	-1.69907947516879e-10
993.962	1.911	-1.53	1.10624797416148e-09	1.72260447280862e-10	-1.72260528799148e-10
997.246	1.567	-1.374	1.30409584895694e-09	1.98669059729744e-10	-1.98669140536103e-10
1000.148	1.695	-1.335	1.26850281188039e-09	1.93246746311966e-10	-1.93246746311966e-10
1003.713	1.304	-1.87	1.24141500468674e-09	1.86964557012132e-10	-1.86964638193346e-10
1006.756	1.940	-1.739	1.05013285933388e-09	1.59979671840693e-10	-1.59979753243312e-10
1010.659	1.799	-1.962	1.0144457020476e-09	1.57965351292034e-10	-1.57965433002998e-10
1014.240	2.064	-1.783	1.03762823403678e-09	1.54680695864115e-10	-1.54680778621071e-10
1018.012	1.432	-1.708	1.32631644954291e-09	1.97715888796399e-10	-1.97715975153278e-10
1021.069	1.905	-1.625	1.20185162335903e-09	1.83092903206573e-10	-1.83092992585235e-10
1024.952	2.408	-1.978	9.21272450789913e-10	1.40348950098638e-10	-1.40348950098638e-10
1029.719	1.823	-2.36	9.36352150840963e-10	1.42646063562136e-10	-1.42646146076844e-10
1033.495	1.504	-1.953	8.32727887548843e-10	1.52034764911687e-10	-1.52034854435532e-10
1037.026	2.452	-2.028	9.96414654847748e-10	1.5179619906e-10	-1.51796293104678e-10
1041.216	2.090	-1.737	1.12579286272482e-09	1.67823598238634e-10	-1.67823687564092e-10
1045.280	1.574	-1.974	7.90118900134782e-10	1.44255458781412e-10	-1.44255545954576e-10
1048.826	1.863	-1.973	6.72332799759973e-10	1.3556542361716e-10	-1.3556542361716e-10
1052.722	2.676	-2.033	8.02209158011903e-10	1.2669707915884e-10	-1.2669707915884e-10
1057.195	1.527	-1.797	8.17102042926683e-10	1.51463240511624e-10	-1.51463240511624e-10
1060.408	1.530	-1.686	8.04555815477316e-10	1.51763528795586e-10	-1.51763611250087e-10
1063.965	2.705	-2.026	5.56034220596551e-10	1.01517646995741e-10	-1.01517646995741e-10
1068.638	1.472	-1.968	7.22935772979069e-10	1.40955096559059e-10	-1.40955177798614e-10
1073.385	2.507	-3.275	4.27175090507931e-10	8.32888733577411e-11	-8.32888733577411e-11
1078.595	2.878	-2.703	4.21585931910676e-10	8.79557312433966e-11	-8.79557312433966e-11
1085.471	4.669	-3.998	2.78679631530162e-10	5.61914017500517e-11	-5.61914179306391e-11

## XRT - xrtpcflux
185.268	28.245	-34.438	2.12089474767088e-10	4.52989751217901e-11	-4.52989751217901e-11
236.141	12.474	-22.628	3.17787386328094e-10	7.16252796402596e-11	-7.16252796402596e-11
265.900	17.817	-17.285	3.34477877619546e-10	7.18267847082785e-11	-7.18267847082785e-11
298.654	15.152	-14.936	3.40609577409485e-10	7.70759274046378e-11	-7.70759274046378e-11
338.065	13.350	-24.26	2.74043762219301e-10	6.18892016561092e-11	-6.18892016561092e-11
369.662	14.348	-18.247	3.43393224727833e-10	7.37413077406161e-11	-7.37413077406161e-11
401.136	15.469	-17.126	3.64498671161895e-10	7.65289745082366e-11	-7.65289745082366e-11
427.324	11.847	-10.719	4.72628491975472e-10	1.05682950545315e-10	-1.05682950545315e-10
454.439	9.805	-15.268	4.90698379009493e-10	1.04105289878017e-10	-1.04105289878017e-10
474.174	7.622	-9.929	9.85929705796264e-10	1.74720793498039e-10	-1.74720793498039e-10
487.633	6.699	-5.838	1.32082512369624e-09	2.42425537916468e-10	-2.42425537916468e-10
501.841	5.027	-7.509	1.48095442723444e-09	2.55167507861278e-10	-2.55167507861278e-10
511.434	2.954	-4.566	2.25378289933541e-09	4.0686523857972e-10	-4.0686523857972e-10
1101.380	6.035	-6.502	2.74223734936595e-10	6.00876271618772e-11	-6.00876271618772e-11
1114.442	5.509	-7.027	2.94644859745349e-10	6.20198046606296e-11	-6.20198046606296e-11
1128.217	6.778	-8.266	2.15773905068275e-10	4.8352909106171e-11	-4.8352909106171e-11
1143.506	11.548	-8.511	1.6399446825857e-10	3.72328552765522e-11	-3.72328552765522e-11
1166.059	14.068	-11.005	1.32143585813965e-10	2.98706174796668e-11	-2.98706174796668e-11
1200.066	39.830	-19.938	1.00435720822545e-10	2.28026504952161e-11	-2.28026504952161e-11
1250.779	19.205	-10.883	1.06680880036337e-10	2.43807507653762e-11	-2.43807507653762e-11
1330.226	41.800	-60.243	7.03621822325091e-11	1.59399127339149e-11	-1.59399127339149e-11
1421.979	22.819	-49.953	8.00985985574036e-11	1.75511218124441e-11	-1.75511218124441e-11
1504.449	35.212	-59.651	5.02721397361018e-11	1.14891538424404e-11	-1.14891538424404e-11
1627.485	61.741	-87.824	5.2513303102061e-11	1.01937884552152e-11	-1.01937884552152e-11
5543.665	33.775	-36.43	5.44466852376034e-11	1.19531749055547e-11	-1.19531749055547e-11
5600.985	31.617	-23.544	6.56967030110309e-11	1.48307855677887e-11	-1.48307855677887e-11
5675.607	27.199	-43.006	5.45274943047362e-11	1.19168082345125e-11	-1.19168082345125e-11
5751.876	46.208	-49.07	3.64210438932783e-11	8.16980598936902e-12	-8.16980598936902e-12
5832.533	33.249	-34.448	5.04305242679988e-11	1.129445100409e-11	-1.129445100409e-11
5919.376	39.177	-53.594	3.71055501728606e-11	8.36310386652166e-12	-8.36310386652166e-12
6005.588	43.227	-47.036	3.94299148455322e-11	8.72240011892651e-12	-8.72240011892651e-12
6086.366	65.250	-37.55	3.49343449121562e-11	7.86122882026337e-12	-7.86122882026337e-12
6186.562	30.244	-34.946	5.43401732515951e-11	1.21508333265556e-11	-1.21508333265556e-11
6265.528	46.556	-48.722	2.98462265179661e-11	6.71668958562396e-12	-6.71668958562396e-12
6351.424	28.357	-39.34	3.14797274188824e-11	7.0732808999894e-12	-7.0732808999894e-12
6403.208	24.213	-23.426	6.09037634072877e-11	1.37064142663201e-11	-1.37064142663201e-11
6466.359	36.281	-38.939	5.14011160501145e-11	1.10539944890333e-11	-1.10539944890333e-11
6544.105	28.739	-41.465	4.79048992181499e-11	1.07971360338693e-11	-1.07971360338693e-11
6606.896	36.153	-34.052	4.77964029276458e-11	1.07214775800129e-11	-1.07214775800129e-11
6689.767	20.980	-46.718	5.23658178074518e-11	1.14616485551175e-11	-1.14616485551175e-11
6749.325	36.641	-38.578	4.51118896610898e-11	1.021641769906e-11	-1.021641769906e-11
6844.538	64.287	-58.571	2.76973854562795e-11	6.28263196564207e-12	-6.28263196564207e-12
6942.877	28.632	-34.051	4.96243358075411e-11	1.0911328889219e-11	-1.0911328889219e-11
6993.811	22.829	-22.303	4.16756311104833e-11	9.33399453622898e-12	-9.33399453622898e-12
7042.714	24.072	-26.074	3.90063778829273e-11	8.55126876455541e-12	-8.55126876455541e-12
7110.762	38.061	-43.975	3.35239383520651e-11	7.60649911945556e-12	-7.60649911945556e-12
7265.932	204.564	-117.109	3.75348856264256e-11	8.2984460025311e-12	-8.2984460025311e-12
11331.388	50.677	-39.586	3.52125356571006e-11	7.92258806006002e-12	-7.92258806006002e-12
11429.044	45.792	-46.979	3.33228916864297e-11	7.54420315137559e-12	-7.54420315137559e-12
11526.061	64.112	-51.224	2.68877036788647e-11	6.06836759780275e-12	-6.06836759780275e-12
11652.149	48.345	-61.976	2.97047062229944e-11	6.54936622205224e-12	-6.54936622205224e-12
11746.214	52.066	-45.719	3.31009743907067e-11	7.47066007246815e-12	-7.47066007246815e-12
11848.663	19.822	-50.383	4.84579520589745e-11	1.08690194083856e-11	-1.08690194083856e-11
11913.882	47.374	-45.397	2.41235472176537e-11	5.28795147693902e-12	-5.28795147693902e-12
11990.832	20.569	-29.577	3.8819956555842e-11	8.70779733775155e-12	-8.70779733775155e-12
12039.344	34.741	-27.942	2.93017541833804e-11	6.58313382710538e-12	-6.58313382710538e-12
12114.428	39.891	-40.343	2.48568825746529e-11	5.61111439223092e-12	-5.61111439223092e-12
12222.580	69.641	-68.261	2.242722799241e-11	5.08538811159662e-12	-5.08538811159662e-12
12370.465	69.686	-78.243	2.70773224863666e-11	5.34833041274376e-12	-5.34833041274376e-12
17079.675	22.512	-32.649	3.52996141919056e-11	7.78197022042875e-12	-7.78197022042875e-12
17133.012	49.409	-30.826	2.3299297272575e-11	5.22379673575856e-12	-5.22379673575856e-12
17226.641	31.000	-44.22	2.61630306212377e-11	5.7456807967386e-12	-5.7456807967386e-12
17288.053	37.285	-30.412	3.08014054325392e-11	6.58282290359476e-12	-6.58282290359476e-12
17369.085	33.979	-43.748	2.68070290824251e-11	5.73611411321178e-12	-5.73611411321178e-12
17432.896	20.315	-29.831	3.79356676699795e-11	8.50533077364112e-12	-8.50533077364112e-12
17502.465	35.995	-49.254	2.22441701943078e-11	5.00729238602913e-12	-5.00729238602913e-12
17574.802	33.862	-36.343	2.65942057297288e-11	5.95457623356283e-12	-5.95457623356283e-12
17655.281	46.154	-46.616	2.01079808322224e-11	4.52036206994573e-12	-4.52036206994573e-12
17744.541	39.636	-43.106	2.25300409873646e-11	5.06485259803712e-12	-5.06485259803712e-12
17846.268	40.708	-62.092	2.01094478477859e-11	4.31872300186734e-12	-4.31872300186734e-12
17922.444	27.215	-35.468	3.03722732375916e-11	6.8095871937459e-12	-6.8095871937459e-12
17997.501	44.930	-47.841	2.32199924561379e-11	4.95051870577639e-12	-4.95051870577639e-12
18068.032	29.560	-25.601	3.72614967219656e-11	8.16218447221069e-12	-8.16218447221069e-12
18164.759	48.169	-67.168	1.68465734988631e-11	3.79226110285248e-12	-3.79226110285248e-12
18276.649	54.114	-63.721	2.06648641454647e-11	4.16402824015427e-12	-4.16402824015427e-12
22883.596	50.420	-57.395	1.73768768813356e-11	3.91183688585745e-12	-3.91183688585745e-12
22986.650	55.180	-52.634	1.78994966922717e-11	4.01322173718019e-12	-4.01322173718019e-12
23100.360	36.748	-58.53	2.18444645001662e-11	4.91756906695193e-12	-4.91756906695193e-12
23205.201	44.737	-68.093	2.03573229754601e-11	4.46516244502792e-12	-4.46516244502792e-12
23294.392	55.838	-44.454	2.19415876016305e-11	4.8126525634909e-12	-4.8126525634909e-12
23406.119	54.433	-55.889	1.7350910902695e-11	3.93255482513777e-12	-3.93255482513777e-12
23496.526	26.709	-35.974	3.05297106376511e-11	6.84502507022439e-12	-6.84502507022439e-12
23587.282	38.753	-64.047	1.85743375067298e-11	4.18140731879621e-12	-4.18140731879621e-12
23706.181	45.219	-80.147	1.57529057429345e-11	3.45967509601312e-12	-3.45967509601312e-12
23825.211	79.136	-73.811	1.2276627870919e-11	2.76368365606991e-12	-2.76368365606991e-12
23956.587	78.140	-52.24	1.45028603710559e-11	3.26044198164566e-12	-3.26044198164566e-12
24096.007	54.057	-61.28	1.62557729731253e-11	3.66937167564775e-12	-3.66937167564775e-12
24209.176	68.751	-59.113	1.68682342611576e-11	3.60993041287692e-12	-3.60993041287692e-12
28687.702	30.219	-32.464	3.98048995047988e-11	8.9585131343255e-12	-8.9585131343255e-12
28772.698	35.487	-54.777	2.67834425114795e-11	6.04755242178152e-12	-6.04755242178152e-12
28902.177	63.968	-93.993	1.37632157425404e-11	3.06463853292881e-12	-3.06463853292881e-12
29002.866	51.035	-36.721	2.14586556779624e-11	4.81384893001396e-12	-4.81384893001396e-12
29119.939	79.386	-66.038	1.41159736242878e-11	3.1666560036965e-12	-3.1666560036965e-12
29252.206	82.515	-52.88	1.63955577543916e-11	3.72632364906782e-12	-3.72632364906782e-12
29416.435	51.173	-81.715	1.65247979333068e-11	3.73120740000532e-12	-3.73120740000532e-12
29525.259	50.163	-57.651	1.96063385599237e-11	4.41979584975214e-12	-4.41979584975214e-12
29670.790	80.144	-95.368	1.14420571444938e-11	2.58777146145609e-12	-2.58777146145609e-12
29819.177	67.153	-68.242	1.56625401653889e-11	3.37894431752883e-12	-3.37894431752883e-12
30005.762	71.123	-119.433	9.80221007401565e-12	2.2388289008725e-12	-2.2388289008725e-12
30177.222	77.673	-100.337	1.58581967700345e-11	2.94926365008827e-12	-2.94926365008827e-12
42007.803	140.395	-100.306	9.96523893845346e-12	1.98832298229042e-12	-1.98832298229042e-12
46082.343	65.505	-69.89	1.46576042438782e-11	3.24034084098358e-12	-3.24034084098358e-12
46279.595	93.911	-131.747	6.25447266703855e-12	1.63126126670318e-12	-1.63126126670318e-12
46459.985	76.496	-86.479	1.15318009469429e-11	2.5981348480244e-12	-2.5981348480244e-12
46644.512	69.987	-108.032	1.04203440846404e-11	2.3512869486561e-12	-2.3512869486561e-12
46807.488	97.567	-92.988	9.56514672515736e-12	2.17482338893705e-12	-2.17482338893705e-12
47028.248	99.958	-123.193	8.0947544157625e-12	1.8320942396961e-12	-1.8320942396961e-12
47223.293	90.454	-95.087	7.74408439038661e-12	1.95811743469595e-12	-1.95811743469595e-12
47411.264	62.951	-97.517	1.12168327097927e-11	2.53100922892069e-12	-2.53100922892069e-12
47584.874	345.142	-110.658	8.2937431985791e-12	1.97461771610505e-12	-1.97461771610505e-12
51791.978	117.062	-83.524	7.88136900996783e-12	1.93998042407583e-12	-1.93998042407583e-12
52034.403	165.486	-125.363	4.80823572940608e-12	1.25716239976707e-12	-1.25716239976707e-12
52277.576	135.434	-77.687	8.80220930777219e-12	1.98473970896042e-12	-1.98473970896042e-12
52488.669	122.418	-75.659	7.55143417541897e-12	1.9026923918437e-12	-1.9026923918437e-12
52763.380	110.976	-152.292	5.30882868508348e-12	1.39588194794334e-12	-1.39588194794334e-12
52970.431	114.539	-96.076	8.08595278499546e-12	1.9281465278153e-12	-1.9281465278153e-12
53195.837	99.747	-110.867	6.74969928567044e-12	1.762304859052e-12	-1.762304859052e-12
53434.487	266.037	-138.903	7.34590366468722e-12	1.42690456186475e-12	-1.42690456186475e-12
57526.125	73.352	-82.102	1.31765937564078e-11	2.96241276855184e-12	-2.96241276855184e-12
57795.708	152.285	-196.231	4.39501171813195e-12	1.15563758790036e-12	-1.15563758790036e-12
58088.610	125.159	-140.616	5.76898622224372e-12	1.50584843368899e-12	-1.50584843368899e-12
58421.545	115.667	-207.776	4.77444415951413e-12	1.25694591819938e-12	-1.25694591819938e-12
58633.845	101.445	-96.633	1.04968512718824e-11	2.36638178510303e-12	-2.36638178510303e-12
58857.017	118.976	-121.727	6.44120970040109e-12	1.68953184219115e-12	-1.68953184219115e-12
59077.785	174.002	-101.793	6.42666912256205e-12	1.57372942002861e-12	-1.57372942002861e-12
69628.029	129.183	-154.143	4.97663688397417e-12	1.31000058661472e-12	-1.31000058661472e-12
69863.497	94.301	-106.284	9.45400782972866e-12	2.13585219869204e-12	-2.13585219869204e-12
70111.957	131.675	-154.159	4.95448211337781e-12	1.29515705574875e-12	-1.29515705574875e-12
70474.862	205.035	-231.23	5.85974106156134e-12	1.14419779198256e-12	-1.14419779198256e-12
75442.188	177.147	-161.341	6.52056485421944e-12	1.70035715730648e-12	-1.70035715730648e-12
76030.945	408.275	-411.611	3.9058253207643e-12	8.4653598508899e-13	-8.4653598508899e-13
104477.654	281.553	-337.751	3.81749619590786e-12	8.89926483063968e-13	-8.89926483063968e-13
121878.375	640.987	-577.561	2.60457604002692e-12	5.016657796858e-13	-5.016657796858e-13
127376.481	217.480	-316.577	2.79434643900185e-12	7.29438082987406e-13	-7.29438082987406e-13
128043.576	475.577	-449.615	2.55712939714405e-12	5.31371581040299e-13	-5.31371581040299e-13
133577.867	688.980	-569.568	1.61034070880802e-12	3.85698806226587e-13	-3.85698806226587e-13
139317.411	713.186	-608.161	2.22991873962569e-12	4.32168754868166e-13	-4.32168754868166e-13
145044.652	816.195	-683.171	1.52021537989877e-12	3.21944306867101e-13	-3.21944306867101e-13
156547.806	712.591	-786.775	2.30583644466347e-12	5.15700543583676e-13	-5.15700543583676e-13
192997.040	9113.816	-2472.338	1.81655259931596e-12	4.80436657485062e-13	-4.80436657485062e-13
202649.397	629.860	-538.541	1.79173305322119e-12	4.31578076649008e-13	-4.31578076649008e-13
211836.131	3325.003	-4036.263	9.88217197228145e-13	2.00684572962418e-13	-2.00684572962418e-13
221775.818	4963.227	-2517.115	9.39215445538204e-13	2.37820263980229e-13	-2.37820263980229e-13
289437.693	6182.232	-12571.46	6.64911877681044e-13	1.50503807066631e-13	-1.50503807066631e-13
325714.741	102264.867	-25740.661	4.99667002155615e-13	7.79259325191788e-14	-7.79259325191788e-14
615718.842	49201.327	-50488.966	2.56971713982927e-13	5.42968280878315e-14	-5.42968280878315e-14
777830.529	123490.828	-56707.031	1.66832704791094e-13	4.90445975289926e-14	-4.90445975289926e-14
1012450.607	160490.142	-32052.153	1.32822237906098e-13	3.82621517798699e-14	-3.82621517798699e-14
1349255.466	93264.077	-153428.566	1.26977005095273e-13	3.56652385856576e-14	-3.56652385856576e-14
