READ TERR 1 2
! batSNR4flux
0.0809999969601631	0.08	-0.08	3.98860330373618e-08	9.86364403597459e-09	-9.86364403597459e-09
0.241000000834465	0.08	-0.08	3.93171343581275e-08	9.96503862620113e-09	-9.96503862620113e-09
0.361000005602837	0.04	-0.04	6.80414552713844e-08	1.45709568244401e-08	-1.45709568244401e-08
0.481000002920628	0.08	-0.08	5.09445946360811e-08	1.1678366681218e-08	-1.1678366681218e-08
0.601000000238419	0.04	-0.04	7.31344294521866e-08	1.71702191731831e-08	-1.71702191731831e-08
0.72099999755621	0.08	-0.08	5.19437190420654e-08	1.23308459262564e-08	-1.23308459262564e-08
0.840999994874001	0.04	-0.04	8.41027845433393e-08	1.83875163471319e-08	-1.83875163471319e-08
0.901000012159348	0.02	-0.02	1.18301064652545e-07	2.78181872467667e-08	-2.78181872467667e-08
0.980999995470047	0.06	-0.06	5.67798968081299e-08	1.64123902376784e-08	-1.64123902376784e-08
1.06100000858307	0.02	-0.02	1.52653211916329e-07	3.45659844057371e-08	-3.45659844057371e-08
1.12099999606609	0.04	-0.04	6.61082323580784e-08	2.30730204584459e-08	-2.30730204584459e-08
1.20100000917912	0.04	-0.04	1.01876132252418e-07	2.41580821650039e-08	-2.41580821650039e-08
1.28099999248981	0.04	-0.04	7.06686113674506e-08	2.51829625189227e-08	-2.51829625189227e-08
1.34100000977516	0.02	-0.02	2.016050520084e-07	3.82135939158482e-08	-3.82135939158482e-08
1.40099999725819	0.04	-0.04	1.17425953201006e-07	2.86112956741953e-08	-2.86112956741953e-08
1.46100001454353	0.02	-0.02	2.24555946908254e-07	4.37692737941645e-08	-4.37692737941645e-08
1.50100000619888	0.02	-0.02	2.12524968252939e-07	4.49954114267214e-08	-4.49954114267214e-08
1.54099999785423	0.02	-0.02	8.4227485275067e-08	3.45614139659236e-08	-3.45614139659236e-08
1.58099998950958	0.02	-0.02	1.69445640933832e-07	2.67201136938975e-08	-2.67201136938975e-08
1.62100001096725	0.02	-0.02	6.8953438111145e-08	1.99135847274212e-08	-1.99135847274212e-08
1.6610000026226	0.02	-0.02	6.54029343328301e-08	1.59406696550191e-08	-1.59406696550191e-08
1.70099999427795	0.02	-0.02	7.22556895227886e-08	1.29078487212407e-08	-1.29078487212407e-08
1.7409999859333	0.02	-0.02	4.53907367760608e-08	9.47704294281711e-09	-9.47704294281711e-09
1.78100000739098	0.02	-0.02	2.35585591536642e-08	7.14117023435409e-09	-7.14117023435409e-09
1.82099999904633	0.02	-0.02	2.35321274437231e-08	5.24250020337344e-09	-5.24250020337344e-09
1.86099999070168	0.02	-0.02	1.73364070679214e-08	4.25790906544353e-09	-4.25790906544353e-09
1.90100001215935	0.02	-0.02	1.6133696127123e-08	3.17120676811652e-09	-3.17120676811652e-09
1.9410000038147	0.02	-0.02	1.6667181490366e-08	3.00595369753882e-09	-3.00595369753882e-09
1.98099999547005	0.02	-0.02	1.77844619230209e-08	3.17201680410975e-09	-3.17201680410975e-09
2.0209999871254	0.02	-0.02	2.37316052607574e-08	3.48798002575136e-09	-3.48798002575136e-09
2.06100000858307	0.02	-0.02	1.59481417721679e-08	3.56933335649039e-09	-3.56933335649039e-09
2.10100000023842	0.02	-0.02	1.60702152316067e-08	3.70610296804414e-09	-3.70610296804414e-09
2.14099999189377	0.02	-0.02	1.9035807900982e-08	4.05864464428468e-09	-4.05864464428468e-09
2.18100001335144	0.02	-0.02	1.54191831805847e-08	4.1342250583263e-09	-4.1342250583263e-09
2.22100000500679	0.02	-0.02	2.20352524951905e-08	4.54201712335497e-09	-4.54201712335497e-09
2.26099999666214	0.02	-0.02	3.19692108531533e-08	4.80289821387179e-09	-4.80289821387179e-09
2.30099998831749	0.02	-0.02	3.31584944782264e-08	5.32786857138696e-09	-5.32786857138696e-09
2.34100000977516	0.02	-0.02	3.14724408741925e-08	5.22900782994471e-09	-5.22900782994471e-09
2.38100000143051	0.02	-0.02	3.11233220523518e-08	5.41270235636595e-09	-5.41270235636595e-09
2.42099999308586	0.02	-0.02	2.60987794392547e-08	5.01367155188389e-09	-5.01367155188389e-09
2.46100001454353	0.02	-0.02	3.39943990732463e-08	5.10570995208363e-09	-5.10570995208363e-09
2.50100000619888	0.02	-0.02	2.45506223117259e-08	4.74580364347205e-09	-4.74580364347205e-09
2.54099999785423	0.02	-0.02	3.65663162686868e-08	4.89379221613113e-09	-4.89379221613113e-09
2.58099998950958	0.02	-0.02	1.64417002718853e-08	4.53219702083233e-09	-4.53219702083233e-09
2.62100001096725	0.02	-0.02	2.51326338302457e-08	4.46034304597414e-09	-4.46034304597414e-09
2.6610000026226	0.02	-0.02	2.51888985251143e-08	4.4141173561702e-09	-4.4141173561702e-09
2.70099999427795	0.02	-0.02	1.32063122640303e-08	4.49187508374126e-09	-4.49187508374126e-09
2.7409999859333	0.02	-0.02	2.79191005782441e-08	4.36529285435729e-09	-4.36529285435729e-09
2.78100000739098	0.02	-0.02	1.87577300891232e-08	4.26454705923113e-09	-4.26454705923113e-09
2.82099999904633	0.02	-0.02	1.69658584151548e-08	3.94813693227456e-09	-3.94813693227456e-09
2.86099999070168	0.02	-0.02	1.92638127360087e-08	4.57651525405689e-09	-4.57651525405689e-09
2.90100001215935	0.02	-0.02	2.46491100469466e-08	5.1580327225367e-09	-5.1580327225367e-09
2.9410000038147	0.02	-0.02	3.84334929085153e-08	6.23899031396252e-09	-6.23899031396252e-09
2.98099999547005	0.02	-0.02	3.39716437574369e-08	7.30180425133157e-09	-7.30180425133157e-09
3.0209999871254	0.02	-0.02	4.07795639592229e-08	8.26060793925634e-09	-8.26060793925634e-09
3.06100000858307	0.02	-0.02	5.03886991482654e-08	9.55097615789256e-09	-9.55097615789256e-09
3.10100000023842	0.02	-0.02	3.94243725046265e-08	1.07599295044344e-08	-1.07599295044344e-08
3.14099999189377	0.02	-0.02	6.35420873745133e-08	1.26082251162071e-08	-1.26082251162071e-08
3.18100001335144	0.02	-0.02	8.5325256800608e-08	1.53103752726613e-08	-1.53103752726613e-08
3.22100000500679	0.02	-0.02	1.14443331799863e-07	1.75019263190751e-08	-1.75019263190751e-08
3.26099999666214	0.02	-0.02	1.1545487262876e-07	1.72869676565845e-08	-1.72869676565845e-08
3.30099998831749	0.02	-0.02	8.03704452700918e-08	1.62292893564244e-08	-1.62292893564244e-08
3.34100000977516	0.02	-0.02	9.69079991337635e-08	1.47188541936884e-08	-1.47188541936884e-08
3.38100000143051	0.02	-0.02	8.18168665695418e-08	1.3028249429948e-08	-1.3028249429948e-08
3.42099999308586	0.02	-0.02	5.73813796670121e-08	1.23204180523833e-08	-1.23204180523833e-08
3.46100001454353	0.02	-0.02	8.97877728623896e-08	1.25367674703443e-08	-1.25367674703443e-08
3.50100000619888	0.02	-0.02	7.19804557613977e-08	1.15003644565459e-08	-1.15003644565459e-08
3.54099999785423	0.02	-0.02	6.93087505975374e-08	1.15458157354724e-08	-1.15458157354724e-08
3.58099998950958	0.02	-0.02	7.89237905106877e-08	1.45222723347607e-08	-1.45222723347607e-08
3.62100001096725	0.02	-0.02	1.00151457885248e-07	1.70023904607432e-08	-1.70023904607432e-08
3.6610000026226	0.02	-0.02	9.67259244977388e-08	1.96696900012033e-08	-1.96696900012033e-08
3.70099999427795	0.02	-0.02	1.06847752565842e-07	2.23267143315816e-08	-2.23267143315816e-08
3.7409999859333	0.02	-0.02	1.40532631933559e-07	2.56119141791799e-08	-2.56119141791799e-08
3.78100000739098	0.02	-0.02	1.18700724654614e-07	2.99905275840697e-08	-2.99905275840697e-08
3.82099999904633	0.02	-0.02	2.08619424689454e-07	3.23507999199527e-08	-3.23507999199527e-08
3.86099999070168	0.02	-0.02	2.46531225045867e-07	4.00626234457565e-08	-4.00626234457565e-08
3.90100001215935	0.02	-0.02	1.95159169381685e-07	4.24750153676992e-08	-4.24750153676992e-08
3.9410000038147	0.02	-0.02	1.64974540406926e-07	4.0253719212573e-08	-4.0253719212573e-08
3.98099999547005	0.02	-0.02	1.74283806183231e-07	3.56557332628739e-08	-3.56557332628739e-08
4.0209999871254	0.02	-0.02	1.02750902612459e-07	3.16159479532356e-08	-3.16159479532356e-08
4.06100000858307	0.02	-0.02	1.2665979932784e-07	2.82517207515098e-08	-2.82517207515098e-08
4.10100000023842	0.02	-0.02	1.16746335419267e-07	2.48810143516326e-08	-2.48810143516326e-08
4.14099999189377	0.02	-0.02	7.66408644338956e-08	2.29520672774998e-08	-2.29520672774998e-08
4.18100001335144	0.02	-0.02	6.75859802992923e-08	1.68539757234571e-08	-1.68539757234571e-08
4.26099999666214	0.06	-0.06	4.58031015410414e-08	8.00134810889585e-09	-8.00134810889585e-09
4.34100000977516	0.02	-0.02	5.51320782529616e-08	1.086158350501e-08	-1.086158350501e-08
4.40099999725819	0.04	-0.04	3.84730789173149e-08	9.08591962035976e-09	-9.08591962035976e-09
4.48100001037121	0.04	-0.04	4.69560047866775e-08	9.45846459131302e-09	-9.45846459131302e-09
4.58099999944369	0.06	-0.06	4.85330951020151e-08	9.2290718353361e-09	-9.2290718353361e-09
4.6610000026226	0.02	-0.02	8.22429242076178e-08	1.74222107872648e-08	-1.74222107872648e-08
4.70099999427795	0.02	-0.02	8.52713922722014e-08	1.91116064548188e-08	-1.91116064548188e-08
4.7409999859333	0.02	-0.02	6.59811715516229e-08	1.83231843140086e-08	-1.83231843140086e-08
4.78100000739098	0.02	-0.02	1.08447429380424e-07	1.88169745455949e-08	-1.88169745455949e-08
4.840999994874	0.04	-0.04	5.22254534899888e-08	1.03274421430821e-08	-1.03274421430821e-08
4.90100001215935	0.02	-0.02	5.33215720118966e-08	1.1684837107526e-08	-1.1684837107526e-08
4.9410000038147	0.02	-0.02	3.67247642359982e-08	8.92883366950761e-09	-8.92883366950761e-09
5.00099999129772	0.04	-0.04	1.70622075478036e-08	5.24271542341654e-09	-5.24271542341654e-09
5.06100000858307	0.02	-0.02	2.23755661657058e-08	5.52842353404824e-09	-5.52842353404824e-09
5.14100000182788	0.06	-0.06	1.19376468605129e-08	2.46951820042883e-09	-2.46951820042883e-09
5.22100000500679	0.02	-0.02	1.1570282702895e-08	2.80864858536879e-09	-2.80864858536879e-09
5.26099999666214	0.02	-0.02	8.26469683475505e-09	2.38370711130847e-09	-2.38370711130847e-09
5.30099998831749	0.02	-0.02	9.00910740311741e-09	2.03614106703257e-09	-2.03614106703257e-09
5.34100000977516	0.02	-0.02	8.19363703948384e-09	1.78277354065632e-09	-1.78277354065632e-09
5.38100000143051	0.02	-0.02	9.16327587891891e-09	1.5841281693623e-09	-1.5841281693623e-09
5.42099999308586	0.02	-0.02	7.12472947230493e-09	1.18826556242993e-09	-1.18826556242993e-09
5.46100001454353	0.02	-0.02	3.83814894204237e-09	1.24789403704657e-09	-1.24789403704657e-09
5.50100000619888	0.02	-0.02	6.52536435633517e-09	1.36593105347888e-09	-1.36593105347888e-09
5.54099999785423	0.02	-0.02	6.73443380322008e-09	1.55561453282038e-09	-1.55561453282038e-09
5.58099998950958	0.02	-0.02	6.48473141696924e-09	1.51389649660108e-09	-1.51389649660108e-09
5.62100001096725	0.02	-0.02	5.20404670006594e-09	1.57765590615841e-09	-1.57765590615841e-09
5.6610000026226	0.02	-0.02	8.83681595422532e-09	1.96037500935939e-09	-1.96037500935939e-09
5.70099999427795	0.02	-0.02	8.55015809648166e-09	2.04360961613911e-09	-2.04360961613911e-09
5.7409999859333	0.02	-0.02	1.23257075883287e-08	2.13237741756054e-09	-2.13237741756054e-09
5.78100000739098	0.02	-0.02	9.71979646986024e-09	2.24795045206204e-09	-2.24795045206204e-09
5.82099999904633	0.02	-0.02	1.1801268008712e-08	2.41294016599531e-09	-2.41294016599531e-09
5.86099999070167	0.02	-0.02	7.17182250109786e-09	2.51765551231341e-09	-2.51765551231341e-09
5.90100001215935	0.02	-0.02	1.32786196510196e-08	2.75715115347127e-09	-2.75715115347127e-09
5.9410000038147	0.02	-0.02	1.72384409575617e-08	3.02292362013296e-09	-3.02292362013296e-09
6.00099999129772	0.04	-0.04	1.0288826399798e-08	2.21697224334337e-09	-2.21697224334337e-09
6.06100000858307	0.02	-0.02	1.57523533687753e-08	3.82021821805196e-09	-3.82021821805196e-09
6.10100000023842	0.02	-0.02	2.22667896590155e-08	3.55745676298828e-09	-3.55745676298828e-09
6.14099999189377	0.02	-0.02	2.03464373514936e-08	4.11130243818486e-09	-4.11130243818486e-09
6.18100001335144	0.02	-0.02	1.69038185083865e-08	3.83669753026144e-09	-3.83669753026144e-09
6.22100000500679	0.02	-0.02	2.17408034966128e-08	3.91089405501333e-09	-3.91089405501333e-09
6.26099999666214	0.02	-0.02	1.55858808238194e-08	3.95302998271046e-09	-3.95302998271046e-09
6.30099998831749	0.02	-0.02	1.78297997674251e-08	3.85229600262323e-09	-3.85229600262323e-09
6.34100000977516	0.02	-0.02	1.74271114341704e-08	3.83917406593011e-09	-3.83917406593011e-09
6.38100000143051	0.02	-0.02	2.46984188852978e-08	3.91196033491859e-09	-3.91196033491859e-09
6.42099999308586	0.02	-0.02	1.48339497552788e-08	4.03959038898486e-09	-4.03959038898486e-09
6.46100001454353	0.02	-0.02	2.79260734116204e-08	4.04466114906625e-09	-4.04466114906625e-09
6.50100000619888	0.02	-0.02	1.65122978182924e-08	4.04726933622462e-09	-4.04726933622462e-09
6.54099999785423	0.02	-0.02	1.70084275950101e-08	3.82530282588805e-09	-3.82530282588805e-09
6.58099998950958	0.02	-0.02	1.67814071700742e-08	3.6054521970618e-09	-3.6054521970618e-09
6.64100000679493	0.04	-0.04	1.34957681048331e-08	2.74948628059736e-09	-2.74948628059736e-09
6.72099999010563	0.04	-0.04	1.1702443923853e-08	2.67976164258273e-09	-2.67976164258273e-09
6.78100000739098	0.02	-0.02	2.66622106975686e-08	3.94715748844175e-09	-3.94715748844175e-09
6.82099999904633	0.02	-0.02	8.27609639124611e-09	3.6482730028384e-09	-3.6482730028384e-09
6.86099999070167	0.02	-0.02	1.49439710427057e-08	3.72558223707784e-09	-3.72558223707784e-09
6.92100000798702	0.04	-0.04	1.16250900135913e-08	2.73409118538396e-09	-2.73409118538396e-09
6.98099999547005	0.02	-0.02	1.64089931602281e-08	3.94340426693101e-09	-3.94340426693101e-09
7.04099999785423	0.04	-0.04	1.22140336680054e-08	2.83300352210552e-09	-2.83300352210552e-09
7.12099999606609	0.04	-0.04	1.32831768510784e-08	2.8283251070029e-09	-2.8283251070029e-09
7.18100001335144	0.02	-0.02	2.34064296921758e-08	4.49839527338909e-09	-4.49839527338909e-09
7.22100000500679	0.02	-0.02	2.92293659424782e-08	4.59692799550476e-09	-4.59692799550476e-09
7.26099999666214	0.02	-0.02	2.3820213048826e-08	4.27149068279501e-09	-4.27149068279501e-09
7.30099998831749	0.02	-0.02	1.92996639415198e-08	4.46605876213606e-09	-4.46605876213606e-09
7.34100000977516	0.02	-0.02	2.1311420533641e-08	4.43299858057634e-09	-4.43299858057634e-09
7.38100000143051	0.02	-0.02	2.71912429062615e-08	4.71610432215873e-09	-4.71610432215873e-09
7.42099999308586	0.02	-0.02	2.11287714411987e-08	4.7845987039407e-09	-4.7845987039407e-09
7.46100001454353	0.02	-0.02	1.98983655403278e-08	4.66292856555244e-09	-4.66292856555244e-09
7.50100000619888	0.02	-0.02	2.1238522621797e-08	4.84221973596752e-09	-4.84221973596752e-09
7.54099999785423	0.02	-0.02	2.34052270081589e-08	4.94555101379376e-09	-4.94555101379376e-09
7.58099998950958	0.02	-0.02	2.78126639649315e-08	5.1447839911772e-09	-5.1447839911772e-09
7.62100001096725	0.02	-0.02	2.51868728534059e-08	5.32872113117181e-09	-5.32872113117181e-09
7.70099999427795	0.06	-0.06	1.19015484058175e-08	2.94768442742378e-09	-2.94768442742378e-09
7.78100000739098	0.02	-0.02	2.99106063407749e-08	5.32365025170462e-09	-5.32365025170462e-09
7.82099999904633	0.02	-0.02	2.18761205039558e-08	5.20611389482056e-09	-5.20611389482056e-09
7.88100000143051	0.04	-0.04	1.80270066970683e-08	4.02965135317568e-09	-4.02965135317568e-09
7.96099999964237	0.04	-0.04	1.21866143889149e-08	3.8984781035368e-09	-3.8984781035368e-09
8.06099999864896	0.06	-0.06	1.42861960695079e-08	3.21073045326556e-09	-3.21073045326556e-09
8.14099999189377	0.02	-0.02	2.85377460447305e-08	5.43720238256417e-09	-5.43720238256417e-09
8.18100001335144	0.02	-0.02	2.42354708926565e-08	5.67703237304731e-09	-5.67703237304731e-09
8.34100000126021	0.14	-0.14	9.81507388043254e-09	2.13026021846185e-09	-2.13026021846185e-09
8.50100000619888	0.02	-0.02	2.76062773493949e-08	5.56043233728901e-09	-5.56043233728901e-09
8.56099999368191	0.04	-0.04	2.02699040925231e-08	4.30661542259208e-09	-4.30661542259208e-09
8.62100001096725	0.02	-0.02	3.39197802655948e-08	6.18995026332538e-09	-6.18995026332538e-09
8.68099999845028	0.04	-0.04	1.34869923954188e-08	4.16342389339577e-09	-4.16342389339577e-09
8.76099999666214	0.04	-0.04	2.36426534224384e-08	4.52044574343742e-09	-4.52044574343742e-09
8.840999994874	0.04	-0.04	1.56062883713809e-08	4.36492169097469e-09	-4.36492169097469e-09
8.90100001215935	0.02	-0.02	2.73654715796038e-08	6.42201622924984e-09	-6.42201622924984e-09
9.0009999987483	0.08	-0.08	1.46424996058303e-08	3.09847427510394e-09	-3.09847427510394e-09
9.10100000023842	0.02	-0.02	2.93363865038328e-08	6.55267824575604e-09	-6.55267824575604e-09
9.18100000341733	0.06	-0.06	1.26274638193887e-08	3.62699316893851e-09	-3.62699316893851e-09
9.26099999666214	0.02	-0.02	2.99337847270955e-08	6.53982210478476e-09	-6.53982210478476e-09
9.36099999815226	0.08	-0.08	1.44214578972061e-08	3.09571392118432e-09	-3.09571392118432e-09
9.48100001037121	0.04	-0.04	1.90269655266482e-08	4.01823465262431e-09	-4.01823465262431e-09
9.58099999944369	0.06	-0.06	1.48697371142197e-08	3.67336533383966e-09	-3.67336533383966e-09
9.70099999427795	0.06	-0.06	1.11983893891074e-08	3.5662323006626e-09	-3.5662323006626e-09
9.80100000321865	0.04	-0.04	2.18081395438956e-08	4.57912093779936e-09	-4.57912093779936e-09
9.96099999964237	0.12	-0.12	9.39426383280321e-09	2.90483453409e-09	-2.90483453409e-09
10.1209999960661	0.04	-0.04	2.29008967516373e-08	5.4650378012352e-09	-5.4650378012352e-09
10.2010000091791	0.04	-0.04	2.22510928491664e-08	5.31617130041496e-09	-5.31617130041496e-09
10.3009999982516	0.06	-0.06	1.41794227538897e-08	4.94675204145737e-09	-4.94675204145737e-09
10.42100000302	0.06	-0.06	2.38178816293499e-08	4.98416176921765e-09	-4.98416176921765e-09
10.5610000011325	0.08	-0.08	2.07149726037763e-08	4.64019895194693e-09	-4.64019895194693e-09
10.6610000026226	0.02	-0.02	4.62129824289175e-08	9.50115100748247e-09	-9.50115100748247e-09
10.7409999958674	0.06	-0.06	1.7558919149057e-08	5.63384781750364e-09	-5.63384781750364e-09
10.8610000006358	0.06	-0.06	2.47766406348784e-08	6.03230877875855e-09	-6.03230877875855e-09
10.9609999996424	0.04	-0.04	3.32032924591974e-08	8.09449492238301e-09	-8.09449492238301e-09
11.0809999969602	0.08	-0.08	2.21825993803086e-08	5.77473190074618e-09	-5.77473190074618e-09
11.2010000091791	0.04	-0.04	3.74686405467655e-08	8.5537773090175e-09	-8.5537773090175e-09
11.3610000006358	0.12	-0.12	2.32988606492963e-08	5.40464641868231e-09	-5.40464641868231e-09
11.5210000020266	0.04	-0.04	4.20904495473106e-08	9.86407473098564e-09	-9.86407473098564e-09
11.6210000010331	0.06	-0.06	3.28891789733395e-08	8.02791486285585e-09	-8.02791486285585e-09
11.8009999982516	0.12	-0.12	1.95488136228418e-08	6.24949912598292e-09	-6.24949912598292e-09
12.0409999978542	0.12	-0.12	2.89865062864609e-08	6.89746014643903e-09	-6.89746014643903e-09
12.2810000024239	0.12	-0.12	3.27157991957074e-08	7.54566620676737e-09	-7.54566620676737e-09
12.6409999993443	0.24	-0.24	2.57454965131488e-08	6.12757651714463e-09	-6.12757651714463e-09
12.9810000014305	0.1	-0.1	5.61099145537516e-08	1.07981084848941e-08	-1.07981084848941e-08
13.4610000004266	0.38	-0.38	3.40911160918752e-08	7.10734289691148e-09	-7.10734289691148e-09
13.9010000022252	0.06	-0.06	7.41866963357941e-08	1.8463564987881e-08	-1.8463564987881e-08
14.1209999997914	0.16	-0.16	2.97458462399506e-08	1.09265257836286e-08	-1.09265257836286e-08
14.3609999981523	0.08	-0.08	5.73811129235063e-08	1.42525906741486e-08	-1.42525906741486e-08
14.7210000007493	0.28	-0.28	2.23205507552511e-08	7.04413262404015e-09	-7.04413262404015e-09
15.0209999871254	0.02	-0.02	1.01972523160923e-07	2.3220849297863e-08	-2.3220849297863e-08
15.6810000003129	0.64	-0.64	1.79808030758813e-08	3.5142395573162e-09	-3.5142395573162e-09
16.9610000005737	0.64	-0.64	7.06473143317339e-09	2.5121071139646e-09	-2.5121071139646e-09
17.8609999998716	0.26	-0.26	1.35510375503137e-08	3.16491905712066e-09	-3.16491905712066e-09
18.3810000014305	0.26	-0.26	1.3564865965751e-08	2.8676629399544e-09	-2.8676629399544e-09
18.7409999978542	0.1	-0.1	1.64418096271251e-08	4.06290723051719e-09	-4.06290723051719e-09
18.9809999997275	0.14	-0.14	1.03347413107353e-08	3.29852773812565e-09	-3.29852773812565e-09
19.2610000009196	0.14	-0.14	1.31071060769036e-08	3.12472383559375e-09	-3.12472383559375e-09
19.6010000002384	0.2	-0.2	7.65797012444843e-09	2.34834374383672e-09	-2.34834374383672e-09
20.0010000002384	0.2	-0.2	1.01494774193772e-08	2.09052132590491e-09	-2.09052132590491e-09
20.4210000012138	0.22	-0.22	5.20275760567028e-09	1.70408950350522e-09	-1.70408950350522e-09
20.7409999978542	0.1	-0.1	9.65306192513494e-09	2.36542487742844e-09	-2.36542487742844e-09
21.3210000002881	0.48	-0.48	2.38653115325925e-09	9.56186511223533e-10	-9.56186511223533e-10
22.2809999999404	0.48	-0.48	2.96463765449837e-09	7.31942738412384e-10	-7.31942738412384e-10
23.2410000008345	0.48	-0.48	2.31053243084166e-09	5.59224014239824e-10	-5.59224014239824e-10
24.2609999999735	0.54	-0.54	9.3457927297574e-10	4.03400391014135e-10	-4.03400391014135e-10
24.9809999987814	0.18	-0.18	2.64545541582963e-09	6.15659516616891e-10	-6.15659516616891e-10
25.941000000758	0.78	-0.78	1.27341951776698e-09	3.05028473742147e-10	-3.05028473742147e-10
26.8009999957681	0.08	-0.08	4.95751540651218e-09	9.91643168288204e-10	-9.91643168288204e-10
27.7610000007261	0.88	-0.88	1.33051788660781e-09	2.87883723055641e-10	-2.87883723055641e-10
29.0810000003468	0.44	-0.44	2.02051372255042e-09	3.96917300953228e-10	-3.96917300953228e-10
29.9609999996424	0.44	-0.44	1.23634248485708e-09	3.92163734170484e-10	-3.92163734170484e-10
30.8410000002926	0.44	-0.44	1.59842136251792e-09	3.99369512651197e-10	-3.99369512651197e-10
31.6410000001722	0.36	-0.36	1.95250768933435e-09	4.49771664615711e-10	-4.49771664615711e-10
32.2410000008345	0.24	-0.24	2.57981007731694e-09	5.7809620306846e-10	-5.7809620306846e-10
32.7409999996882	0.26	-0.26	2.86377262273985e-09	5.73895896292108e-10	-5.73895896292108e-10
NO NO NO NO NO NO
! xrtpcflux_nosys
3072.043	31.407	-33.783	4.00460215118226e-11	8.80893756280145e-12	-8.80893756280145e-12
3139.627	31.521	-36.177	3.63746523658356e-11	8.16093068192654e-12	-8.16093068192654e-12
3202.177	36.668	-31.029	3.58320159909418e-11	8.05270087903423e-12	-8.05270087903423e-12
3283.295	33.276	-44.45	3.09321933805662e-11	6.96324774699565e-12	-6.96324774699565e-12
3360.748	36.056	-44.177	2.9625882243221e-11	6.646790592824e-12	-6.646790592824e-12
3447.992	34.060	-51.188	2.75036451169668e-11	6.20188113017643e-12	-6.20188113017643e-12
3508.615	18.569	-26.562	5.32709301099693e-11	1.19317041798197e-11	-1.19317041798197e-11
3570.979	41.453	-43.796	2.99734007883211e-11	6.5721466350612e-12	-6.5721466350612e-12
3651.961	28.168	-39.529	4.00159022654126e-11	8.85921833777563e-12	-8.85921833777563e-12
3723.529	44.355	-43.4	3.13782866135968e-11	7.05179343485003e-12	-7.05179343485003e-12
3809.066	34.037	-41.182	3.56082712188303e-11	8.00241720818093e-12	-8.00241720818093e-12
3882.263	36.059	-39.16	3.38335599730266e-11	7.60357846018715e-12	-7.60357846018715e-12
3953.400	42.649	-35.077	3.16833451438042e-11	6.9470825444849e-12	-6.9470825444849e-12
4034.471	29.275	-38.422	3.49554974943081e-11	7.8557173358634e-12	-7.8557173358634e-12
4130.208	38.845	-66.462	2.26405998630517e-11	5.07958970300776e-12	-5.07958970300776e-12
4202.862	31.380	-33.81	3.81259868201399e-11	8.3463732138622e-12	-8.3463732138622e-12
4279.765	32.204	-45.522	3.27234986581719e-11	7.03013799715623e-12	-7.03013799715623e-12
4351.025	33.655	-39.056	3.18946629774531e-11	7.16784316252618e-12	-7.16784316252618e-12
4421.972	37.927	-37.292	3.10648721999215e-11	7.00491330241251e-12	-7.00491330241251e-12
4495.729	31.867	-35.83	2.23822360910262e-11	4.90798373594758e-12	-4.90798373594758e-12
4557.633	45.183	-30.036	2.31596526292436e-11	5.23206395163802e-12	-5.23206395163802e-12
4640.916	32.105	-38.1	3.63366833436275e-11	7.98017589388106e-12	-7.98017589388106e-12
4729.809	68.576	-56.789	1.94505992168147e-11	4.35657527127449e-12	-4.35657527127449e-12
4851.820	44.351	-53.434	2.57556180542984e-11	5.67458610350455e-12	-5.67458610350455e-12
4944.481	46.966	-48.311	2.47059494312078e-11	5.56163766423731e-12	-5.56163766423731e-12
5034.632	34.542	-43.185	2.97384641671979e-11	6.67205078794786e-12	-6.67205078794786e-12
5113.482	25.896	-44.308	3.46028288211412e-11	7.56300699698812e-12	-7.56300699698812e-12
5183.843	33.262	-44.464	1.72036277536222e-11	3.85342690595758e-12	-3.85342690595758e-12
5250.014	24.759	-32.909	2.5682930565505e-11	5.4926684250942e-12	-5.4926684250942e-12
5305.715	26.725	-30.943	2.35419518005255e-11	5.29123921861821e-12	-5.29123921861821e-12
5392.130	225.687	-59.689	1.71719004883242e-11	3.33850433256025e-12	-3.33850433256025e-12
8972.996	40.148	-32.564	1.79834451304939e-11	4.04891919992505e-12	-4.04891919992505e-12
9066.967	64.020	-53.823	1.17290431200948e-11	2.57627152744325e-12	-2.57627152744325e-12
9189.993	38.778	-59.007	1.40734414884565e-11	3.08615802767923e-12	-3.08615802767923e-12
9273.305	30.686	-44.533	1.92932795885779e-11	4.13908293514524e-12	-4.13908293514524e-12
9348.338	43.408	-44.347	1.53538764616368e-11	3.46284169026283e-12	-3.46284169026283e-12
9468.511	56.122	-76.765	1.03143215658494e-11	2.33026362991438e-12	-2.33026362991438e-12
9559.698	55.197	-35.066	1.51377244504546e-11	3.39069800822586e-12	-3.39069800822586e-12
9669.759	50.443	-54.863	1.2604666487234e-11	2.833025809721e-12	-2.833025809721e-12
9799.690	75.964	-79.488	8.7598386440684e-12	1.93359874362447e-12	-1.93359874362447e-12
9926.112	77.415	-50.457	1.0196363868052e-11	2.29568084553076e-12	-2.29568084553076e-12
10051.260	40.022	-47.733	1.48296788677581e-11	3.33311900925888e-12	-3.33311900925888e-12
10141.780	34.751	-50.498	1.54683178459609e-11	3.47069324017636e-12	-3.47069324017636e-12
10242.139	62.264	-65.608	1.03090432590739e-11	2.31706124588126e-12	-2.31706124588126e-12
10343.862	43.282	-39.459	1.58966072604682e-11	3.5790744398901e-12	-3.5790744398901e-12
10432.239	40.153	-45.095	1.547207817702e-11	3.47153767464375e-12	-3.47153767464375e-12
10545.167	72.648	-72.775	9.02662901738467e-12	2.04286994336886e-12	-2.04286994336886e-12
10693.314	72.432	-75.498	9.10397274213995e-12	2.04269760092597e-12	-2.04269760092597e-12
10819.259	36.750	-53.513	1.53643910297575e-11	3.36924995527253e-12	-3.36924995527253e-12
10903.365	42.907	-47.356	1.45879556969687e-11	3.27316284760011e-12	-3.27316284760011e-12
10978.227	28.221	-31.954	2.16341176498513e-11	4.84582439142568e-12	-4.84582439142568e-12
11054.568	29.606	-48.121	1.67715208819169e-11	3.76956826071175e-12	-3.76956826071175e-12
11164.380	80.261	-80.206	1.25309027732264e-11	2.26813552577874e-12	-2.26813552577874e-12
14806.174	53.455	-81.939	9.60079529070874e-12	2.16514702615786e-12	-2.16514702615786e-12
14901.218	66.226	-41.588	1.21675309098258e-11	2.72999576400118e-12	-2.72999576400118e-12
15031.065	74.279	-63.622	9.47278298079967e-12	2.13993510815205e-12	-2.13993510815205e-12
15173.112	70.134	-67.767	9.4671665605353e-12	2.13137027047668e-12	-2.13137027047668e-12
15317.297	98.953	-74.05	5.69340819959885e-12	1.4800636980478e-12	-1.4800636980478e-12
15470.245	58.834	-53.995	1.15640999799683e-11	2.61684913393796e-12	-2.61684913393796e-12
15615.722	96.389	-86.644	7.13938820256473e-12	1.61281289071962e-12	-1.61281289071962e-12
15779.750	87.814	-67.638	8.42104904686346e-12	1.89909345266055e-12	-1.89909345266055e-12
15975.412	80.200	-107.848	6.92702690992343e-12	1.56483971475165e-12	-1.56483971475165e-12
16158.396	80.249	-102.784	7.47848646282854e-12	1.6425424757974e-12	-1.6425424757974e-12
16312.026	87.087	-73.381	8.07175082343762e-12	1.82656342956286e-12	-1.82656342956286e-12
16491.466	60.592	-92.353	8.41450057936291e-12	1.90412493170399e-12	-1.90412493170399e-12
16603.909	48.441	-51.851	1.36202136817892e-11	2.97697924939308e-12	-2.97697924939308e-12
16723.021	52.187	-70.671	1.05665155879057e-11	2.3788690479094e-12	-2.3788690479094e-12
16869.534	73.663	-94.326	7.72483168234205e-12	1.75106035094612e-12	-1.75106035094612e-12
17054.827	83.938	-111.629	5.63847127883669e-12	1.3868822855457e-12	-1.3868822855457e-12
20617.685	95.208	-110.391	5.84025790486345e-12	1.38675327827278e-12	-1.38675327827278e-12
20875.121	103.546	-162.228	3.74321422182097e-12	9.77992718152219e-13	-9.77992718152219e-13
21115.171	104.197	-136.504	4.41196018984318e-12	1.11218534292919e-12	-1.11218534292919e-12
21324.121	68.251	-104.753	7.67520403503602e-12	1.72574037712402e-12	-1.72574037712402e-12
21543.494	172.320	-151.122	3.01712301023791e-12	8.00183686976542e-13	-8.00183686976542e-13
21834.485	104.479	-118.671	4.45409513282537e-12	1.16199741624304e-12	-1.16199741624304e-12
22030.906	93.599	-91.942	5.38811503381563e-12	1.39943297924735e-12	-1.39943297924735e-12
22284.916	120.407	-160.411	3.55079007332489e-12	9.26340838053639e-13	-9.26340838053639e-13
22675.590	306.410	-270.267	3.35083332874025e-12	6.29411693590575e-13	-6.29411693590575e-13
26570.135	241.921	-275.903	3.36731207996703e-12	7.07589057300738e-13	-7.07589057300738e-13
27180.367	149.059	-200.709	3.66775868762324e-12	9.55076814900526e-13	-9.55076814900526e-13
27490.647	152.192	-161.221	3.57724786105263e-12	9.2677204181191e-13	-9.2677204181191e-13
27893.392	248.401	-250.553	2.35663572043626e-12	5.94809982623678e-13	-5.94809982623678e-13
28357.965	154.909	-216.172	2.93799871261029e-12	7.66354167985542e-13	-7.66354167985542e-13
28652.101	114.007	-139.227	4.92827896589076e-12	1.19796112775263e-12	-1.19796112775263e-12
32197.511	154.639	-121.165	3.88575549120254e-12	1.00499441652715e-12	-1.00499441652715e-12
32498.143	215.058	-145.994	2.9377853906236e-12	7.63690843790806e-13	-7.63690843790806e-13
32982.096	194.956	-268.895	2.26980076287822e-12	5.94084318948598e-13	-5.94084318948598e-13
33363.938	209.269	-186.885	2.67255577106841e-12	6.98303804449557e-13	-6.98303804449557e-13
33987.581	563.470	-414.375	1.85695264784699e-12	3.68848983350743e-13	-3.68848983350743e-13
38137.686	310.193	-276.516	1.76012879456828e-12	4.61876235072957e-13	-4.61876235072957e-13
38791.560	235.506	-343.681	1.78704039008032e-12	4.64946781777571e-13	-4.64946781777571e-13
39458.681	182.674	-431.616	1.68412872399952e-12	4.38171591353805e-13	-4.38171591353805e-13
39964.053	371.822	-322.697	1.87997786764541e-12	4.37718542245427e-13	-4.37718542245427e-13
44222.072	398.243	-577.098	1.0616459015741e-12	2.80028083794077e-13	-2.80028083794077e-13
45267.312	852.367	-646.997	8.61293251715706e-13	2.04126545539802e-13	-2.04126545539802e-13
49930.658	605.271	-592.351	8.89551080937971e-13	2.35248099914926e-13	-2.35248099914926e-13
51201.644	703.269	-665.715	1.28492012282307e-12	2.61088542120839e-13	-2.61088542120839e-13
56648.563	1039.748	-1528.786	6.65495146399576e-13	1.42689863384257e-13	-1.42689863384257e-13
62019.248	1454.278	-1113.197	7.02592692232264e-13	1.42367830921799e-13	-1.42367830921799e-13
67754.755	1503.102	-971.603	5.02872748026815e-13	1.253294835687e-13	-1.253294835687e-13
75814.335	5013.860	-3243.246	3.0773606572924e-13	7.08126506880749e-14	-7.08126506880749e-14
92092.536	5873.579	-7956.388	1.67583764486661e-13	4.57169104859307e-14	-4.57169104859307e-14
116116.803	26702.508	-14626.656	1.37633277611681e-13	2.61264131234474e-14	-2.61264131234474e-14
198634.783	20941.177	-27731.669	6.97446973137538e-14	1.87665894001174e-14	-1.87665894001174e-14
321025.218	89412.470	-98080.759	1.71498628101811e-14	5.92449727792799e-15	-5.92449727792799e-15
