READ TERR 1 2
! xrtwtflux
149.354	0.331	-0.363	1.9664939621611e-08	2.74096220351927e-09	-2.51186893767896e-09
150.073	0.308	-0.388	1.96741034000874e-08	2.68465269513684e-09	-2.51427965147694e-09
150.650	0.305	-0.27	2.44024636516482e-08	3.26058302068734e-09	-3.02773658645639e-09
151.349	0.381	-0.393	1.79752226246716e-08	2.50967229176664e-09	-2.26189255662965e-09
152.142	0.380	-0.412	1.7619390567872e-08	2.43827496061332e-09	-2.21763824773908e-09
152.906	0.362	-0.385	1.91142752512314e-08	2.47863062913738e-09	-2.34008022475024e-09
153.622	0.344	-0.353	2.02963998052956e-08	2.58894759908733e-09	-2.52536275402055e-09
154.357	0.397	-0.392	1.81640819034898e-08	2.27811269371877e-09	-2.23674695834744e-09
155.133	0.413	-0.379	1.77374885060508e-08	2.24437178648319e-09	-2.2001911153145e-09
155.969	0.398	-0.424	1.70312314579451e-08	2.16546507035476e-09	-2.11293416394437e-09
156.670	0.267	-0.303	2.56039815250298e-08	3.17665699569338e-09	-3.08581597507121e-09
157.509	0.449	-0.572	1.34190519194143e-08	1.83232361243722e-09	-1.71465450241427e-09
158.344	0.272	-0.386	2.12715173352689e-08	2.87601533702781e-09	-2.63814216214244e-09
158.974	0.349	-0.357	1.9598828840738e-08	2.64496689923195e-09	-2.46751067045352e-09
159.738	0.444	-0.415	1.63104979339358e-08	2.16883345404853e-09	-2.02372833220093e-09
160.646	0.400	-0.464	1.6210282065198e-08	2.16141067070083e-09	-2.0426990696981e-09
161.411	0.438	-0.364	1.76462091230815e-08	2.32879028391505e-09	-2.22515457341305e-09
162.347	0.480	-0.498	1.46689707334016e-08	1.9304042555769e-09	-1.84962910929706e-09
163.308	0.457	-0.48	1.5574117764321e-08	1.99936532803763e-09	-1.96235814135365e-09
164.258	0.438	-0.493	1.62808325449368e-08	2.02751416297763e-09	-1.98966143215562e-09
165.192	0.379	-0.497	1.67418102563304e-08	2.12698065188949e-09	-2.07688658756937e-09
165.962	0.484	-0.391	1.62590191927924e-08	2.09772955586001e-09	-2.04705899674514e-09
166.877	0.412	-0.431	1.7487190779819e-08	2.27126532784596e-09	-2.13891177408586e-09
167.773	0.440	-0.484	1.57249445813386e-08	2.20805469832063e-09	-2.03868481473638e-09
168.716	0.584	-0.503	1.38059850520904e-08	1.91402794937494e-09	-1.7373119970256e-09
169.848	0.530	-0.548	1.37395769159639e-08	1.83434361174542e-09	-1.70502972762601e-09
171.058	0.508	-0.68	1.23698372593918e-08	1.59149391773099e-09	-1.514861517264e-09
172.081	0.551	-0.515	1.40981051066805e-08	1.79803529678856e-09	-1.72649830748904e-09
173.117	0.485	-0.485	1.53293552715068e-08	1.99361720510075e-09	-1.9592936104905e-09
174.087	0.487	-0.485	1.5646540123406e-08	1.94688313736336e-09	-1.91252438970252e-09
175.169	0.509	-0.596	1.10556064623673e-08	1.39719164648926e-09	-1.37207908722387e-09
176.251	0.455	-0.573	1.0108062871341e-08	1.28775539970531e-09	-1.25573797182907e-09
177.167	0.575	-0.461	9.98275177709871e-09	1.28885324211781e-09	-1.25912662203744e-09
178.274	0.449	-0.532	1.14628350159402e-08	1.47175575767157e-09	-1.42549265013939e-09
179.148	0.469	-0.426	1.25633164029216e-08	1.62631749077965e-09	-1.58512059371065e-09
180.025	0.346	-0.408	1.46195601252686e-08	1.82811364364465e-09	-1.78790918815141e-09
180.852	0.541	-0.48	1.05030911971823e-08	1.35292511325818e-09	-1.30639135042711e-09
181.780	0.378	-0.387	1.50851387241579e-08	1.95060947088555e-09	-1.85091460425921e-09
182.612	0.478	-0.454	1.23661321137325e-08	1.629929165311e-09	-1.56373557214277e-09
183.580	0.370	-0.49	1.25685438629019e-08	1.63308667783901e-09	-1.54185231940917e-09
184.428	0.428	-0.478	1.13128405380847e-08	1.51116001671737e-09	-1.40970436723115e-09
185.486	0.579	-0.63	8.47035501612806e-09	1.15671813331689e-09	-1.05588110473717e-09
186.604	0.400	-0.539	1.13426778123657e-08	1.53516608045076e-09	-1.41372979971288e-09
187.432	0.629	-0.427	1.02333850501935e-08	1.35947359553564e-09	-1.25618507678236e-09
188.639	0.419	-0.578	1.03369630118368e-08	1.39040898250489e-09	-1.28756208104214e-09
189.313	0.307	-0.255	9.86127250120792e-09	1.20474882294156e-09	-1.20474804061071e-09
189.951	0.272	-0.332	9.38101343003479e-09	1.14607561640292e-09	-1.1460748180188e-09
190.541	0.253	-0.318	9.88742496150778e-09	1.22777583896142e-09	-1.22777503274279e-09
191.078	0.280	-0.284	1.00065982420678e-08	1.22250297955926e-09	-1.22250297955926e-09
191.653	0.228	-0.295	1.08083584733627e-08	1.32045366659483e-09	-1.32045366659483e-09
192.147	0.238	-0.266	7.98883353716575e-09	1.19269579323277e-09	-1.19269579323277e-09
192.732	0.261	-0.348	9.79227070134017e-09	1.19631825382939e-09	-1.19631825382939e-09
193.268	0.276	-0.276	1.03122294227233e-08	1.25984222567036e-09	-1.25984142311165e-09
193.848	0.328	-0.303	8.70955171636842e-09	1.08151305252054e-09	-1.08151226712056e-09
194.475	0.324	-0.299	9.554070416001e-09	1.1863809930751e-09	-1.18638014364696e-09
195.074	0.283	-0.275	1.11607250833273e-08	1.36350276046445e-09	-1.36350188064675e-09
195.579	0.280	-0.222	8.42493910444083e-09	1.24219144724565e-09	-1.24219057847338e-09
196.144	0.343	-0.285	9.68056763104068e-09	1.20208937348868e-09	-1.20208850545384e-09
196.793	0.315	-0.306	1.01361115126478e-08	1.23832570833635e-09	-1.23832482023832e-09
197.366	0.268	-0.258	7.72621387836838e-09	1.15175777198739e-09	-1.15175691713454e-09
197.987	0.341	-0.353	8.11025681845371e-09	1.00709526421599e-09	-1.00709526421599e-09
198.683	0.257	-0.355	8.98515622425779e-09	1.11573558166964e-09	-1.11573479653253e-09
199.171	0.290	-0.231	7.79055952016644e-09	1.11293864142258e-09	-1.11293864142258e-09
199.718	0.253	-0.256	7.79795965468813e-09	1.19181941843944e-09	-1.19181941843944e-09
200.302	0.353	-0.332	8.99952897966704e-09	1.11752029317923e-09	-1.11752029317923e-09
201.007	0.335	-0.352	9.18470752160567e-09	1.12209316169373e-09	-1.1220922933827e-09
201.656	0.309	-0.313	1.07741940311889e-08	1.31627989707748e-09	-1.31627989707748e-09
202.225	0.256	-0.26	9.54140681331494e-09	1.45731091530567e-09	-1.45730988847647e-09
202.798	0.295	-0.317	1.2712248406526e-08	1.55305142827022e-09	-1.55305035728078e-09
203.414	0.316	-0.321	1.15612007139453e-08	1.40200472174997e-09	-1.40200372301461e-09
204.052	0.329	-0.322	1.08200088852803e-08	1.32187708528602e-09	-1.32187708528602e-09
204.627	0.277	-0.246	9.097854876774e-09	1.3895644522947e-09	-1.3895644522947e-09
205.168	0.239	-0.264	9.03295153611191e-09	1.44929390169839e-09	-1.44929291826416e-09
205.699	0.210	-0.292	8.64067131753149e-09	1.28807757444288e-09	-1.28807668589721e-09
206.160	0.297	-0.251	7.24599337953112e-09	1.08017050376566e-09	-1.08017050376566e-09
206.732	0.230	-0.275	7.87548126524293e-09	1.17400903382298e-09	-1.17400903382298e-09
207.222	0.242	-0.259	8.12366114775946e-09	1.19777024750656e-09	-1.19777024750656e-09
207.739	0.311	-0.275	6.68022876817078e-09	1.02030699497749e-09	-1.02030699497749e-09
208.334	0.270	-0.285	7.1462313414017e-09	1.06529846646252e-09	-1.06529846646252e-09
208.864	0.302	-0.26	8.05874620990596e-09	1.12845163064025e-09	-1.12845163064025e-09
209.448	0.264	-0.281	7.46544082088132e-09	1.11288379766463e-09	-1.11288379766463e-09
210.005	0.360	-0.294	8.22498586895532e-09	1.08133572039567e-09	-1.08133488167565e-09
210.659	0.287	-0.293	7.01601969635696e-09	1.04588765273285e-09	-1.04588765273285e-09
211.264	0.258	-0.318	6.95292007858353e-09	1.03648147622777e-09	-1.03648147622777e-09
211.804	0.223	-0.282	7.73168218632822e-09	1.15257262210243e-09	-1.15257262210243e-09
212.374	0.296	-0.346	6.03099079167941e-09	8.99048364764782e-10	-8.99048364764782e-10
212.937	0.256	-0.267	8.01592329352538e-09	1.22431536890173e-09	-1.22431449445009e-09
213.536	0.243	-0.343	8.07794774511367e-09	1.20419163041942e-09	-1.20419066142112e-09
214.068	0.216	-0.29	8.69561357375622e-09	1.29626693015407e-09	-1.29626693015407e-09
214.675	0.329	-0.391	5.49164553007744e-09	8.18647172309408e-10	-8.18647172309408e-10
215.310	0.294	-0.306	6.22505474158905e-09	9.50786300620154e-10	-9.50786300620154e-10
215.898	0.336	-0.294	9.02052097986056e-09	1.10203433177434e-09	-1.10203433177434e-09
216.482	0.262	-0.248	7.64386986418676e-09	1.12702856996469e-09	-1.12702856996469e-09
217.060	0.326	-0.316	5.92752301509199e-09	8.83624126470112e-10	-8.83624126470112e-10
217.656	0.330	-0.27	6.48896102053132e-09	9.67318747479073e-10	-9.673179501619e-10
218.338	0.267	-0.353	7.15051590952219e-09	1.09213658012398e-09	-1.09213658012398e-09
218.925	0.328	-0.32	7.75369262095706e-09	1.18426353452169e-09	-1.18426248729231e-09
219.531	0.266	-0.278	8.83091790634679e-09	1.31643716533353e-09	-1.31643716533353e-09
220.084	0.261	-0.287	8.00962828759543e-09	1.19400648315983e-09	-1.19400648315983e-09
220.645	0.267	-0.3	7.60556815103701e-09	1.16163994906838e-09	-1.16163904881864e-09
221.201	0.286	-0.289	7.84103300890289e-09	1.19760358953311e-09	-1.19760264977404e-09
221.777	0.358	-0.289	7.03185268852933e-09	1.06171180565226e-09	-1.06171087694035e-09
222.479	0.302	-0.344	6.52970041295372e-09	9.9731654407454e-10	-9.9731654407454e-10
223.097	0.380	-0.316	6.05451700750578e-09	9.02555385255131e-10	-9.02555385255131e-10
223.881	0.366	-0.405	5.40904134663388e-09	8.26152057297081e-10	-8.26151796585586e-10
224.563	0.273	-0.316	7.09405933185596e-09	1.08351383817822e-09	-1.08351383817822e-09
225.150	0.262	-0.315	7.40446962473942e-09	1.11797181866468e-09	-1.11797094820468e-09
225.745	0.270	-0.333	7.01969774939393e-09	1.04643636959669e-09	-1.04643636959669e-09
226.337	0.387	-0.323	5.82437143139938e-09	8.8958773031562e-10	-8.8958773031562e-10
226.998	0.300	-0.273	7.14501009635527e-09	1.09129575956582e-09	-1.09129575956582e-09
227.598	0.274	-0.3	7.14697225977502e-09	1.06540954406145e-09	-1.06540870238871e-09
228.241	0.238	-0.369	6.527337153983e-09	9.96955834088919e-10	-9.96955008217338e-10
228.787	0.340	-0.308	6.06472333499275e-09	9.04076993686564e-10	-9.04076993686564e-10
229.434	0.301	-0.307	6.15233052520244e-09	9.39678494761534e-10	-9.39678494761534e-10
230.112	0.367	-0.377	5.30873945082089e-09	7.913813340867e-10	-7.9138109136167e-10
230.798	0.238	-0.319	7.36504522898761e-09	1.09791800979028e-09	-1.09791716931041e-09
231.298	0.300	-0.262	7.39735323733919e-09	1.12983737134364e-09	-1.12983737134364e-09
231.901	0.328	-0.303	6.93610018311654e-09	1.03397408154286e-09	-1.03397408154286e-09
232.574	0.338	-0.345	6.25836579691045e-09	9.32943478739578e-10	-9.32943478739578e-10
233.224	0.283	-0.312	6.98753835040069e-09	1.04164226590431e-09	-1.04164226590431e-09
233.837	0.326	-0.33	6.08620945620847e-09	9.07280126942827e-10	-9.07279287650421e-10
234.566	0.330	-0.403	5.1634271145579e-09	7.69719348568335e-10	-7.6971911006665e-10
235.156	0.272	-0.26	7.76908717791773e-09	1.09871649990903e-09	-1.09871649990903e-09
235.738	0.361	-0.309	6.05569714039288e-09	9.0273171062974e-10	-9.02730857440187e-10
236.513	0.483	-0.414	5.09127515186579e-09	7.58963615205781e-10	-7.58963423418288e-10
237.343	0.292	-0.347	7.56270917461623e-09	1.12738393800713e-09	-1.12738393800713e-09
237.994	0.385	-0.359	6.64370094310757e-09	9.90385926616766e-10	-9.90385615273504e-10
238.740	0.369	-0.362	6.42718202858848e-09	9.58109136389869e-10	-9.5810884023962e-10
239.496	0.348	-0.387	5.62708037824419e-09	8.38836853969971e-10	-8.38836593417666e-10
240.181	0.362	-0.337	5.36564978902709e-09	7.99864891426431e-10	-7.99864891426431e-10
240.928	0.337	-0.385	5.15752720356096e-09	7.68839951596361e-10	-7.68839638581398e-10
241.596	0.301	-0.33	5.86175497727639e-09	8.73819947492471e-10	-8.73819947492471e-10
242.324	0.321	-0.426	5.23287849369483e-09	7.80072616568824e-10	-7.80072370167492e-10
243.026	0.426	-0.382	5.19732162142773e-09	7.74772157717705e-10	-7.74771893187696e-10
243.795	0.484	-0.343	5.28523478037551e-09	8.07242544915709e-10	-8.07242264523918e-10
244.628	0.292	-0.348	7.26516847932843e-09	1.08302861461614e-09	-1.08302861461614e-09
245.148	0.308	-0.228	8.48602949063834e-09	1.29611671447398e-09	-1.29611671447398e-09
246.028	0.507	-0.573	3.93392536307208e-09	5.86435915643351e-10	-5.86435647937656e-10
246.974	0.362	-0.439	5.10567762925135e-09	7.61110658385647e-10	-7.61110400812021e-10
247.769	0.419	-0.433	5.0205807854307e-09	7.66820449928612e-10	-7.668202670175e-10
248.682	0.508	-0.494	4.50085883982484e-09	6.8744047510946e-10	-6.87440282373292e-10
249.643	0.309	-0.453	5.32230375323117e-09	8.12904220770841e-10	-8.12903960878346e-10
250.328	0.340	-0.377	5.33321039736463e-09	7.95029265327319e-10	-7.95029024376893e-10
251.027	0.469	-0.359	4.62655387617068e-09	7.06638489313029e-10	-7.06638325683322e-10
251.860	0.362	-0.364	5.58530628388772e-09	8.32609560288505e-10	-8.32609304816375e-10
252.679	0.498	-0.457	4.18880072914995e-09	6.24430531090904e-10	-6.2443036297471e-10
253.434	0.314	-0.257	6.76332125965918e-09	1.00821767382168e-09	-1.00821767382168e-09
254.220	0.469	-0.472	4.10933910018829e-09	6.12584962937698e-10	-6.1258480046728e-10
255.077	0.388	-0.388	5.23889568687614e-09	7.80969653326904e-10	-7.80969397258631e-10
255.902	0.379	-0.437	5.21056255271374e-09	7.76746029312302e-10	-7.7674576119015e-10
256.721	0.439	-0.44	5.05122679207175e-09	7.5299358534025e-10	-7.52993398843755e-10
257.638	0.489	-0.477	4.79747395968993e-09	7.15166253872077e-10	-7.15165961828018e-10
258.510	0.439	-0.383	5.79525474841276e-09	8.6390692722105e-10	-8.63906627074077e-10
259.326	0.384	-0.377	6.27148484106713e-09	9.57877727086163e-10	-9.57877420843474e-10
260.176	0.414	-0.466	4.80044566888592e-09	7.33197921621339e-10	-7.33197740886397e-10
260.992	0.474	-0.401	4.374033339778e-09	6.52043431436733e-10	-6.52043190179262e-10
261.847	0.377	-0.381	5.25171510333173e-09	8.02122895206205e-10	-8.02122639957902e-10
262.713	0.566	-0.489	4.48006620436478e-09	6.67849857407624e-10	-6.67849559571675e-10
263.751	0.469	-0.472	5.7691717723405e-09	8.60018721114853e-10	-8.60018378971998e-10
264.562	0.374	-0.343	7.4507287475177e-09	1.1106907973654e-09	-1.11069046075261e-09
265.378	0.473	-0.441	5.74694643866151e-09	8.56705560556133e-10	-8.56705229400637e-10
266.254	0.325	-0.403	6.20550964279369e-09	9.71313280463268e-10	-9.71312985681982e-10
267.116	0.416	-0.537	4.12400181851689e-09	6.45506611709311e-10	-6.45506440553749e-10
267.893	0.282	-0.36	6.09682944091758e-09	9.08862658464804e-10	-9.08862658464804e-10
268.586	0.450	-0.411	4.68421124812483e-09	6.98282097829191e-10	-6.98281843665417e-10
269.584	0.571	-0.548	3.57842407710339e-09	5.46552067741707e-10	-5.46551896543019e-10
270.629	0.428	-0.474	4.31925565794314e-09	6.43877598727624e-10	-6.4387735322912e-10
271.541	0.403	-0.484	4.26758655120589e-09	6.3617517974546e-10	-6.36175020590356e-10
272.538	0.437	-0.593	3.76299549055953e-09	5.74742619592264e-10	-5.74742453874064e-10
273.499	0.450	-0.525	4.20630639416682e-09	6.27040111186124e-10	-6.27039852771696e-10
274.466	0.487	-0.516	4.16001154633803e-09	6.20138882936898e-10	-6.20138707582009e-10
275.446	0.440	-0.492	4.55469268142474e-09	6.78974576384786e-10	-6.78974398013126e-10
276.273	0.541	-0.388	4.74639846221436e-09	7.07552406143269e-10	-7.07552128382866e-10
277.246	0.596	-0.432	4.48582932504058e-09	6.68708980690172e-10	-6.68708690025532e-10
278.455	0.608	-0.612	3.70702897144655e-09	5.66194559929648e-10	-5.66194366507314e-10
279.487	0.398	-0.424	5.53812160403281e-09	8.25575715164875e-10	-8.25575428324311e-10
280.272	0.573	-0.387	4.6285978419751e-09	6.89991717537376e-10	-6.89991530734579e-10
281.331	0.499	-0.485	4.35280724926954e-09	6.48879192438908e-10	-6.48879012537276e-10
282.268	0.551	-0.438	4.21244246653509e-09	6.43389159675089e-10	-6.43388892461377e-10
283.262	0.407	-0.443	4.99424409063246e-09	7.44499104729653e-10	-7.44498926310745e-10
284.186	0.437	-0.516	4.39515941269664e-09	6.55192648118837e-10	-6.55192384019198e-10
285.174	0.528	-0.552	3.79462899972571e-09	5.65670810400418e-10	-5.6567055217737e-10
286.190	0.539	-0.487	3.86863308621101e-09	5.7670267442472e-10	-5.76702424175315e-10
287.217	0.594	-0.488	3.53891561225709e-09	5.27551243187116e-10	-5.27551082373841e-10
288.256	0.531	-0.445	3.85518832724756e-09	5.74698464855443e-10	-5.74698306673137e-10
289.505	0.714	-0.717	2.68899457812172e-09	4.0085225233232e-10	-4.0085217154107e-10
290.591	0.414	-0.373	4.91106107608482e-09	7.50092871677093e-10	-7.50092624019903e-10
291.493	0.550	-0.489	3.88148180503075e-09	5.92839720597997e-10	-5.92839461981679e-10
292.757	0.458	-0.713	3.72053918572577e-09	5.54626133424483e-10	-5.54625950454674e-10
293.685	0.550	-0.471	4.26779935930674e-09	6.51844084249143e-10	-6.51843897924343e-10
294.775	0.576	-0.54	4.06162242213948e-09	6.05471827896674e-10	-6.05471542401392e-10
295.922	0.494	-0.571	3.97827972413212e-09	5.93047814530621e-10	-5.93047637809023e-10
297.111	0.523	-0.694	3.23865156864326e-09	4.82790429191738e-10	-4.82790267684449e-10
298.362	0.547	-0.729	3.01545859686021e-09	4.49518794805798e-10	-4.49518637175064e-10
299.532	0.665	-0.623	3.17056443448254e-09	4.72640572375542e-10	-4.72640405016716e-10
300.673	0.421	-0.476	4.73504577424419e-09	7.23209092721012e-10	-7.23208915654055e-10
301.635	0.495	-0.541	4.2865913308075e-09	6.39008260515598e-10	-6.39008078627501e-10
302.803	0.568	-0.674	3.62173124926741e-09	5.53166519650254e-10	-5.53166332082134e-10
303.900	0.820	-0.529	3.23021393330327e-09	4.81532545252492e-10	-4.81532455994938e-10
305.196	0.586	-0.476	3.86949809605456e-09	5.76831602597231e-10	-5.76831434177352e-10
306.382	0.570	-0.6	3.59937240775176e-09	5.36563555494351e-10	-5.36563382349291e-10
307.652	0.711	-0.7	3.03215540855021e-09	4.52007761379909e-10	-4.52007581673517e-10
309.150	0.569	-0.787	2.99133107061209e-09	4.45922044700203e-10	-4.45921874341352e-10
310.209	0.492	-0.49	3.90902941043216e-09	5.82724584372278e-10	-5.82724423103964e-10
311.473	0.662	-0.772	2.60074101533819e-09	3.87696187956672e-10	-3.87696109623765e-10
312.868	0.693	-0.732	2.55754458966789e-09	3.90627642805505e-10	-3.90627486988398e-10
314.241	0.591	-0.681	2.87225998133352e-09	4.38695793860537e-10	-4.3869563766102e-10
315.832	0.793	-1	2.16661989231749e-09	3.22981159594334e-10	-3.22980996369779e-10
317.335	0.737	-0.709	2.82622724032596e-09	4.21309741964574e-10	-4.21309656906344e-10
318.791	0.884	-0.719	2.50757826940526e-09	3.73808231104392e-10	-3.73808066376629e-10
320.349	0.484	-0.674	3.27644147296887e-09	5.00428599427504e-10	-5.00428441161287e-10
321.450	0.693	-0.617	3.01085419564504e-09	4.48832381634531e-10	-4.48832220067973e-10
322.860	0.643	-0.718	3.04954614840738e-09	4.54600207884311e-10	-4.54600122837627e-10
324.121	0.584	-0.617	3.44895686759393e-09	5.33374509678281e-10	-5.3337433778595e-10
325.691	0.855	-0.986	2.19273472280198e-09	3.26874077218184e-10	-3.26873911749689e-10
327.475	0.814	-0.929	2.24692147448312e-09	3.34951825681873e-10	-3.3495174540965e-10
329.118	0.710	-0.828	2.49211709541168e-09	3.80634502544174e-10	-3.80634422575868e-10
330.594	0.679	-0.766	2.72126589001181e-09	4.05663006403929e-10	-4.05662925858312e-10
332.244	0.780	-0.971	2.27977999061558e-09	3.48203150235507e-10	-3.48202983798323e-10
333.872	1.066	-0.848	2.21816577116085e-09	3.38792349892859e-10	-3.3879226135393e-10
335.667	0.661	-0.729	3.35063579884559e-09	5.24455918511557e-10	-5.24455819688951e-10
337.236	0.748	-0.909	2.95645862873211e-09	4.51555962368024e-10	-4.51555758154344e-10
338.510	0.590	-0.526	4.01948716048943e-09	5.99190630365132e-10	-5.99190445930799e-10
339.948	0.925	-0.849	2.17822458049419e-09	3.32692030801575e-10	-3.3269194821198e-10
341.512	0.603	-0.639	3.20397188986719e-09	4.77620686782034e-10	-4.7762051964177e-10
342.960	0.625	-0.845	2.737046590581e-09	4.08015364219582e-10	-4.08015279735326e-10
344.288	0.672	-0.704	2.86753166095352e-09	4.27467117140844e-10	-4.27466951477009e-10
345.688	0.689	-0.728	2.71812683925549e-09	4.05195076582377e-10	-4.05194914673994e-10
347.236	0.759	-0.858	2.2956457186958e-09	3.50626344605129e-10	-3.50626265246535e-10
348.762	0.703	-0.767	2.52638167515633e-09	3.76611307663689e-10	-3.76611229682616e-10
350.064	0.629	-0.599	2.99330522128391e-09	4.46216277327787e-10	-4.4621612296225e-10
351.192	0.678	-0.5	3.11286761598535e-09	4.64039554921301e-10	-4.64039400904491e-10
352.617	0.878	-0.747	2.25071760479591e-09	3.35517622783377e-10	-3.35517545993888e-10
354.288	0.950	-0.794	2.05839316912991e-09	3.14389517055905e-10	-3.14389363624699e-10
355.848	0.509	-0.61	3.14938403581751e-09	4.92955216025461e-10	-4.92955062637864e-10
356.903	0.457	-0.546	3.65279393956561e-09	5.44527180217769e-10	-5.44526949252958e-10
358.092	0.681	-0.731	2.68957547604408e-09	4.10793449342897e-10	-4.10793286913274e-10
359.457	0.869	-0.684	2.60040623633194e-09	3.97174074704006e-10	-3.97173902034039e-10
361.002	0.795	-0.676	2.73664323576523e-09	4.07955326130255e-10	-4.07955241556037e-10
362.305	0.544	-0.508	3.64503868782874e-09	5.43371143022962e-10	-5.43370982021171e-10
363.477	0.527	-0.628	3.15579280583205e-09	4.82001311092175e-10	-4.82001155311521e-10
364.601	0.678	-0.597	2.967719879887e-09	4.42402250500637e-10	-4.42402170983916e-10
366.027	0.647	-0.748	2.78598419938219e-09	4.15310592633015e-10	-4.1531051101142e-10
367.105	0.547	-0.431	3.88606433733883e-09	5.93539588762338e-10	-5.93539426195228e-10
368.138	0.718	-0.485	3.13291673762606e-09	4.67028372316519e-10	-4.67028214030523e-10
369.438	0.600	-0.583	3.0289296265252e-09	4.62624782043883e-10	-4.62624628842208e-10
370.727	0.455	-0.689	3.1961257075167e-09	4.76451013648749e-10	-4.76450860055576e-10
371.818	0.566	-0.635	2.99813114773369e-09	4.57920794663561e-10	-4.57920640739311e-10
372.875	0.416	-0.491	4.0532335814102e-09	6.04221287097902e-10	-6.04221055354161e-10
373.776	0.486	-0.485	3.81352870608103e-09	5.68488140489502e-10	-5.68487984869791e-10
374.860	0.660	-0.598	2.91920797212402e-09	4.45866328852628e-10	-4.45866250363091e-10
376.001	0.528	-0.481	3.6358239273285e-09	5.55319110035674e-10	-5.5531887484006e-10
377.109	0.489	-0.581	3.46056140936789e-09	5.15870854271271e-10	-5.15870698830123e-10
378.074	0.449	-0.476	3.90665405777237e-09	5.9668431470615e-10	-5.96684160192452e-10
379.087	0.663	-0.564	3.00542549077387e-09	4.48023064843087e-10	-4.48022909856901e-10
380.338	0.560	-0.588	3.22716439962267e-09	4.8107791638932e-10	-4.8107776081939e-10
381.430	0.528	-0.532	3.42923144308792e-09	5.23765081147052e-10	-5.23764925693081e-10
382.702	0.810	-0.744	2.37472929042608e-09	3.5400429858483e-10	-3.54004143642888e-10
383.978	0.497	-0.466	3.86418318670136e-09	5.76039309800487e-10	-5.76039153558811e-10
385.012	0.480	-0.537	3.85576080582966e-09	5.74783852147546e-10	-5.74783604894264e-10
386.113	0.715	-0.621	3.10859137378742e-09	4.63402214139469e-10	-4.63402039660554e-10
387.474	0.723	-0.647	2.98804696624908e-09	4.45432463736101e-10	-4.45432291778356e-10
388.804	0.593	-0.606	3.31780793991334e-09	4.94590318115129e-10	-4.94590150985213e-10
389.936	0.737	-0.539	3.0317658154393e-09	4.51949639211402e-10	-4.5194947675115e-10
391.167	0.600	-0.494	3.42352896518839e-09	5.10350362363486e-10	-5.10350205003699e-10
392.376	0.508	-0.61	3.23292250501069e-09	5.0603104623032e-10	-5.0603088902734e-10
393.544	0.685	-0.66	2.77458017421702e-09	4.34289218110072e-10	-4.34289136902641e-10
394.812	0.435	-0.583	3.93264075204697e-09	6.0065345280576e-10	-6.00653281709423e-10
395.872	0.677	-0.626	3.49400839503026e-09	5.20856762606094e-10	-5.20856571452564e-10
397.160	0.665	-0.61	4.0798823015041e-09	6.08193850294307e-10	-6.08193631666328e-10
398.451	0.649	-0.626	3.63082771782997e-09	5.41252587794007e-10	-5.41252393226105e-10
399.697	0.408	-0.597	3.97446722915081e-09	5.92479525701656e-10	-5.92479273955364e-10
400.635	0.547	-0.529	3.52155482508777e-09	5.24963117635641e-10	-5.24962958403722e-10
401.762	0.473	-0.58	3.47823356465162e-09	5.44428223388666e-10	-5.44428063951089e-10
402.689	0.505	-0.454	3.96363787721674e-09	5.90865153967474e-10	-5.90864994295119e-10
403.853	0.562	-0.658	3.07620225904058e-09	4.6984492296099e-10	-4.69844762452371e-10
405.157	0.658	-0.742	2.69706760005398e-09	4.11937658027725e-10	-4.11937577303832e-10
406.424	0.638	-0.609	3.0982292870585e-09	4.61857394325936e-10	-4.61857232003732e-10
407.732	0.718	-0.67	2.75119834454342e-09	4.20205382898939e-10	-4.20205219676156e-10
408.916	0.556	-0.467	3.7987305825839e-09	5.66282205781557e-10	-5.66282042529759e-10
410.025	0.629	-0.553	3.28270412820511e-09	4.89357359758109e-10	-4.89357196849766e-10
411.069	0.407	-0.415	4.73625510554683e-09	7.06040311041382e-10	-7.06040065733873e-10
412.243	0.685	-0.767	2.66844228232282e-09	4.07565558778267e-10	-4.07565475968134e-10
413.575	0.545	-0.648	3.32732662157644e-09	4.96009317747248e-10	-4.96009151131785e-10
414.801	0.674	-0.681	2.87812253699755e-09	4.29045794816365e-10	-4.29045630906843e-10
416.224	0.755	-0.749	2.54668790727761e-09	3.79638409805427e-10	-3.79638329388639e-10
418.051	0.949	-1.072	1.85512566956609e-09	2.76546229691644e-10	-2.76546150939667e-10
419.708	0.642	-0.709	2.63003560926856e-09	4.11664474453744e-10	-4.11664397171491e-10
421.043	0.689	-0.693	2.66885558619657e-09	3.97850153741706e-10	-3.9784999875833e-10
422.512	0.570	-0.78	2.80497290925429e-09	4.18141243845248e-10	-4.18141164287144e-10
423.610	0.551	-0.528	3.5827345523861e-09	5.34083295327556e-10	-5.34083133060148e-10
425.040	0.822	-0.879	2.33061820846813e-09	3.4742853155242e-10	-3.47428448291552e-10
426.528	0.560	-0.666	3.32187658833616e-09	4.95196882024298e-10	-4.95196796494034e-10
428.038	0.912	-0.95	2.13428050585564e-09	3.25980136953132e-10	-3.25980051971603e-10
429.634	0.606	-0.684	3.02986891638737e-09	4.62768264702771e-10	-4.62768097625991e-10
430.885	0.589	-0.644	3.21580158421159e-09	4.79384075009541e-10	-4.79383908450006e-10
432.254	0.797	-0.781	2.52175458056839e-09	3.75921583982629e-10	-3.75921416808851e-10
433.708	0.710	-0.657	2.85169176265521e-09	4.35554237443279e-10	-4.35554070863498e-10
435.333	0.709	-0.915	2.3637327166356e-09	3.61025593602536e-10	-3.61025511529851e-10
436.608	0.541	-0.566	3.4856958777467e-09	5.19617661051877e-10	-5.19617417987925e-10
437.895	0.805	-0.746	2.35898418427499e-09	3.69238460033886e-10	-3.69238300757139e-10
439.176	0.480	-0.476	3.91258695156508e-09	5.83254960321571e-10	-5.83254724776761e-10
440.547	0.850	-0.892	2.12877261007311e-09	3.17339230773627e-10	-3.17339075011468e-10
442.006	0.576	-0.609	3.07579721113393e-09	4.69783127980149e-10	-4.69782972173015e-10
443.404	0.701	-0.822	2.41484448337953e-09	3.77981973580748e-10	-3.77981893551993e-10
444.887	0.604	-0.782	2.82844951185248e-09	4.2164097937911e-10	-4.21640814701237e-10
446.376	0.800	-0.885	2.32443763627261e-09	3.46507292826481e-10	-3.46507128308493e-10
448.038	0.912	-0.862	2.19977208553245e-09	3.27923186055016e-10	-3.27923022140016e-10
449.992	0.916	-1.042	1.95339687049014e-09	2.91195580417999e-10	-2.91195500048032e-10
451.502	0.867	-0.593	2.5680678323763e-09	3.82825605048209e-10	-3.82825447468839e-10
453.148	0.630	-0.779	2.59194422041384e-09	3.95881615074218e-10	-3.95881458935586e-10
454.896	0.902	-1.118	1.85653294426694e-09	2.76756070838001e-10	-2.76755992093674e-10
456.895	0.972	-1.098	1.79741895930833e-09	2.74529492928357e-10	-2.74529413430102e-10
458.714	0.858	-0.848	2.22928228470623e-09	3.32322264168828e-10	-3.32322184276946e-10
460.552	0.882	-0.979	2.0540752698818e-09	3.06203840820516e-10	-3.0620376053051e-10
462.403	0.934	-0.97	2.03352791443161e-09	3.10591705779041e-10	-3.10591623029326e-10
464.405	0.943	-1.068	2.04180653627579e-09	3.04375048453025e-10	-3.04374962233148e-10
466.173	1.058	-0.826	2.17362676777799e-09	3.31989818997302e-10	-3.31989643917317e-10
468.240	1.037	-1.009	2.00846364421405e-09	3.06763523066429e-10	-3.0676343523237e-10
470.109	0.892	-0.832	2.33469935730458e-09	3.48036930738819e-10	-3.48036846202629e-10
471.717	0.683	-0.716	2.67067979208866e-09	4.07907340748354e-10	-4.07907181095138e-10
473.080	0.675	-0.679	2.66598643762327e-09	4.07190552488256e-10	-4.07190475336395e-10
474.579	0.810	-0.825	2.2436350366193e-09	3.34461831672301e-10	-3.34461754625452e-10
476.441	0.910	-1.052	1.80132455043058e-09	2.81951186787464e-10	-2.81951109870401e-10
477.987	0.553	-0.635	3.08812015305466e-09	4.60350544045109e-10	-4.60350389871288e-10
479.580	0.956	-1.04	1.81463452657701e-09	2.77159003925779e-10	-2.7715884906395e-10
481.241	0.673	-0.704	2.68948630398063e-09	4.00925613854186e-10	-4.00925458274156e-10
482.788	0.847	-0.875	2.22721010154316e-09	3.3201340601023e-10	-3.3201332544344e-10
484.363	0.686	-0.728	2.77308912700713e-09	4.235488927786e-10	-4.23548725095469e-10
486.043	0.841	-0.993	2.12099401627109e-09	3.23950894728748e-10	-3.23950728402497e-10
487.794	0.869	-0.91	2.13263243258067e-09	3.17914512906733e-10	-3.17914433211294e-10
489.573	0.910	-0.91	1.99530041038734e-09	3.04753067316509e-10	-3.04752912065464e-10
491.354	0.800	-0.871	2.23040561949973e-09	3.32489703748406e-10	-3.32489625484413e-10
492.935	0.839	-0.782	2.31567890204681e-09	3.45201620208479e-10	-3.45201462542068e-10
494.545	0.877	-0.77	2.17719916144864e-09	3.4078456467883e-10	-3.40784486626148e-10
496.205	0.759	-0.783	2.38162253265511e-09	3.55031887315251e-10	-3.55031732991874e-10
497.801	0.869	-0.837	2.10925048862394e-09	3.22157250207015e-10	-3.22157173280554e-10
499.366	0.771	-0.695	2.52713441101146e-09	3.76723553293943e-10	-3.76723397662669e-10
500.824	0.684	-0.688	2.68235841686919e-09	4.0969112750537e-10	-4.09691048854651e-10
502.025	0.503	-0.517	3.80905023570588e-09	5.67820521802917e-10	-5.67820358679108e-10
503.411	0.814	-0.883	2.36850882387666e-09	3.61755058870014e-10	-3.61754972938875e-10
505.029	0.803	-0.804	2.67188150395408e-09	3.98301197726912e-10	-3.98301017403273e-10
506.677	0.616	-0.845	3.05270068672115e-09	4.55070521476126e-10	-4.55070334161756e-10
508.356	0.984	-1.064	2.05530708425453e-09	3.21705579172351e-10	-3.21705487585738e-10
510.022	0.793	-0.682	2.71362510064217e-09	4.04523999062227e-10	-4.04523830932112e-10
511.560	0.584	-0.745	2.73668345997616e-09	4.28357491541637e-10	-4.28357333253575e-10
512.971	0.694	-0.827	2.45071870057179e-09	3.65332117698045e-10	-3.65331961094295e-10
514.464	0.886	-0.799	2.18778997692362e-09	3.26136994196714e-10	-3.26136916773705e-10
516.108	0.597	-0.758	2.76012529582034e-09	4.11455859957476e-10	-4.11455702765632e-10
517.506	0.715	-0.8	2.49461657105391e-09	3.81016285273021e-10	-3.81016204443863e-10
518.896	0.560	-0.675	3.19483201085129e-09	4.76258185574564e-10	-4.76258019862654e-10
520.099	0.612	-0.642	3.04659464850611e-09	4.5416020976576e-10	-4.54160049237615e-10
521.408	0.585	-0.698	2.87795776608068e-09	4.29021246978007e-10	-4.290210918934e-10
522.841	0.700	-0.848	2.36034122840457e-09	3.51859391201053e-10	-3.51859314461629e-10
524.270	0.499	-0.729	2.97934483384542e-09	4.44135195911012e-10	-4.44135042264029e-10
525.527	0.805	-0.759	2.39303405038919e-09	3.5283415722708e-10	-3.52834080329753e-10
527.163	0.641	-0.831	2.57771116693353e-09	3.84263034374256e-10	-3.84262954709714e-10
528.498	0.494	-0.694	3.28886632687967e-09	4.90276024247048e-10	-4.90275860048716e-10
529.468	0.677	-0.476	3.33443391084048e-09	5.09286207380874e-10	-5.09286043032655e-10
530.823	0.644	-0.678	2.82847023318452e-09	4.3200758415694e-10	-4.32007424312111e-10
532.213	0.737	-0.746	2.45956539491556e-09	3.75662715356139e-10	-3.75662559334963e-10
533.605	0.552	-0.654	3.12085802814473e-09	4.60146171676092e-10	-4.60146016969853e-10
534.735	0.662	-0.578	2.94950007318225e-09	4.39686171207503e-10	-4.39686017558058e-10
536.085	0.778	-0.688	2.36722547636491e-09	3.79809979683409e-10	-3.79809902781969e-10
537.540	0.590	-0.677	2.91046350149497e-09	4.33867008780136e-10	-4.33866853901477e-10
538.652	0.474	-0.522	3.71891947389331e-09	5.5438462926509e-10	-5.54384473613246e-10
539.858	0.553	-0.732	2.8813992163448e-09	4.29534354050155e-10	-4.29534198566236e-10
541.353	0.632	-0.943	2.30675463481797e-09	3.523230508129e-10	-3.52322973174639e-10
542.873	0.820	-0.888	2.15712546045579e-09	3.215658078818e-10	-3.21565653110522e-10
544.643	0.796	-0.95	2.1000735965506e-09	3.13061023714384e-10	-3.13060946726908e-10
546.308	0.611	-0.87	2.42487441732058e-09	3.70364155376717e-10	-3.70364001925797e-10
547.497	0.575	-0.578	3.13189570153975e-09	4.78351403700943e-10	-4.78351249338319e-10
548.791	0.724	-0.719	2.56310829392234e-09	3.82086226055332e-10	-3.82086070696604e-10
550.250	0.848	-0.735	2.34501721399051e-09	3.49575124385298e-10	-3.49574968401365e-10
551.824	0.647	-0.726	2.61051063713405e-09	4.08608395167777e-10	-4.08608239124252e-10
553.153	0.847	-0.681	2.38910110363674e-09	3.64900302535361e-10	-3.64900224488498e-10
554.744	0.525	-0.745	3.01794801580067e-09	4.49889907309491e-10	-4.49889746262679e-10
556.192	0.813	-0.922	2.24827876818964e-09	3.43391752193456e-10	-3.43391668828218e-10
557.593	0.577	-0.588	3.40375735664318e-09	5.0740295071799e-10	-5.07402784091595e-10
559.109	0.525	-0.939	2.59462299273414e-09	3.86784100786294e-10	-3.86783941192466e-10
560.385	1.245	-0.751	1.83063628670429e-09	2.796029473343e-10	-2.7960286922142e-10
562.460	0.587	-0.829	2.60647575080315e-09	3.88551086802454e-10	-3.88550931738573e-10
563.902	0.839	-0.855	2.13042798988615e-09	3.25391753842806e-10	-3.25391676710788e-10
565.571	0.765	-0.831	2.27835942648703e-09	3.47986150484752e-10	-3.479860727625e-10
566.966	0.514	-0.63	3.19945072710927e-09	4.8866943289087e-10	-4.88669276414103e-10
568.256	0.790	-0.776	2.38319819039287e-09	3.55266745935353e-10	-3.55266589191887e-10
569.812	0.666	-0.766	2.58700888395516e-09	3.85649157419276e-10	-3.85649001772457e-10
571.386	0.866	-0.908	2.0740513439049e-09	3.09181759288432e-10	-3.09181682014281e-10
573.020	0.834	-0.769	2.29150441727592e-09	3.41597854144986e-10	-3.41597776991773e-10
574.565	0.770	-0.711	2.48313519104253e-09	3.70164469181207e-10	-3.70164391977334e-10
576.125	0.811	-0.79	2.29706537769943e-09	3.42426875537542e-10	-3.42426721027699e-10
577.965	0.862	-1.029	1.94160770501741e-09	2.89438258276902e-10	-2.89438104021594e-10
579.438	0.576	-0.61	3.08993520883688e-09	4.60621023647498e-10	-4.6062086961407e-10
580.852	0.800	-0.839	2.19603130521352e-09	3.35411701599729e-10	-3.35411624681995e-10
582.389	0.556	-0.737	2.82813064984679e-09	4.21593474567758e-10	-4.21593320901209e-10
583.447	0.570	-0.502	3.353512953655e-09	5.12200096640631e-10	-5.12199943089991e-10
584.754	0.535	-0.737	2.87311395885232e-09	4.28299188312153e-10	-4.28299034779098e-10
586.104	0.653	-0.815	2.49194587347518e-09	3.71477879698401e-10	-3.71477802872328e-10
587.588	0.871	-0.832	2.11271183084439e-09	3.22685934070427e-10	-3.22685857179003e-10
589.388	0.766	-0.929	2.17169934398848e-09	3.23738353522733e-10	-3.23738276181828e-10
590.839	0.675	-0.684	2.67589245021339e-09	4.08703524039063e-10	-4.08703368543205e-10
592.248	0.677	-0.734	2.62326711621506e-09	3.91054207133822e-10	-3.91054051659167e-10
593.605	0.537	-0.68	2.96709750015453e-09	4.53180815276467e-10	-4.53180660911709e-10
594.718	0.555	-0.576	3.22853360024308e-09	4.81282078819313e-10	-4.81281925357092e-10
596.174	0.627	-0.901	2.45406504245753e-09	3.61832705557367e-10	-3.61832551429481e-10
597.631	0.910	-0.83	2.12508273412894e-09	3.16789189350884e-10	-3.16789034021977e-10
599.413	0.701	-0.872	2.31834735336919e-09	3.54093754156828e-10	-3.54093676216532e-10
600.817	0.623	-0.702	2.77902796005573e-09	4.14273631239953e-10	-4.14273476502125e-10
602.266	0.837	-0.826	2.1594266868874e-09	3.29820957436039e-10	-3.29820803866051e-10
604.057	0.831	-0.954	2.04559633340109e-09	3.04939971096064e-10	-3.04939817751516e-10
605.566	0.745	-0.678	2.56791907248631e-09	3.82803418000591e-10	-3.82803264462737e-10
607.262	0.780	-0.951	2.00327875239158e-09	3.21416442769228e-10	-3.21416365923362e-10
609.207	0.929	-1.165	1.74482738565812e-09	2.60103905289683e-10	-2.60103828546477e-10
610.807	0.850	-0.671	2.39928962531794e-09	3.5766553862829e-10	-3.57665385310085e-10
612.665	1.150	-1.008	1.70771997529652e-09	2.54572244982605e-10	-2.5457216757413e-10
614.394	0.720	-0.579	2.84341850239029e-09	4.34290650690245e-10	-4.34290492811927e-10
615.864	0.743	-0.749	2.55992088745066e-09	3.81611087399062e-10	-3.81611007138204e-10
617.293	0.714	-0.686	2.68022762515188e-09	3.99545357374618e-10	-3.99545199726782e-10
618.682	0.765	-0.675	2.56112273549243e-09	3.81790218289961e-10	-3.81790140862254e-10
620.381	0.841	-0.934	2.05851494387489e-09	3.06865741484734e-10	-3.06865664714579e-10
622.200	0.674	-0.979	2.20976653471331e-09	3.29413046303161e-10	-3.29412969588182e-10
623.662	0.862	-0.787	2.21358418248638e-09	3.29982232205755e-10	-3.29982078843807e-10
625.535	0.996	-1.011	1.82181962401126e-09	2.71581306610149e-10	-2.71581229815297e-10
627.449	1.059	-0.918	1.78812332638185e-09	2.79884827615142e-10	-2.79884750704097e-10
629.440	0.875	-0.932	2.03120652849154e-09	3.02794820531178e-10	-3.02794666291477e-10
631.117	0.915	-0.802	2.14524341713623e-09	3.19794494416129e-10	-3.197944170562e-10
632.750	0.950	-0.718	2.17516555826361e-09	3.32224804708224e-10	-3.32224649520604e-10
634.690	0.793	-0.989	2.04672268677297e-09	3.12607041760944e-10	-3.12606885775244e-10
636.515	0.751	-1.032	2.09432554345549e-09	3.12204124910831e-10	-3.12204046490499e-10
638.156	0.918	-0.89	2.00378883729807e-09	3.13641712226214e-10	-3.13641633408198e-10
639.631	0.505	-0.557	3.57903364663333e-09	5.3353168969144e-10	-5.33531530001018e-10
641.162	0.872	-1.026	1.99426190162708e-09	3.04594386540795e-10	-3.04594224694767e-10
642.843	0.799	-0.809	2.36912360465502e-09	3.53168605908552e-10	-3.53168445843448e-10
644.647	0.958	-1.005	1.86532307644503e-09	2.84900801883462e-10	-2.84900723638108e-10
646.647	0.888	-1.042	1.91063574209473e-09	2.84821159215199e-10	-2.84821081747582e-10
648.340	0.871	-0.805	2.15643890083322e-09	3.37535147430232e-10	-3.37534990141144e-10
649.842	0.528	-0.63	3.27619845597342e-09	4.88387580130415e-10	-4.88387420728358e-10
650.869	0.799	-0.5	2.8962133989542e-09	4.31742705794138e-10	-4.31742547778711e-10
652.662	0.963	-0.994	1.89097718554198e-09	2.81890624805267e-10	-2.81890547073836e-10
654.580	0.835	-0.955	2.0426796877685e-09	3.0450521054418e-10	-3.04505133752981e-10
656.381	0.647	-0.966	2.22777551042778e-09	3.40260143085316e-10	-3.40260066242152e-10
657.804	0.685	-0.775	2.50596950012566e-09	3.73568526380099e-10	-3.73568372611809e-10
659.240	0.577	-0.75	2.70872728782565e-09	4.13718579719361e-10	-4.13718426022678e-10
660.510	0.895	-0.694	2.30020217871669e-09	3.4289439983782e-10	-3.42894246320348e-10
662.301	0.905	-0.896	2.02637001545048e-09	3.02073936184867e-10	-3.02073859552027e-10
663.876	0.691	-0.67	2.7225260098582e-09	4.05850813037542e-10	-4.05850657376657e-10
665.487	0.678	-0.92	2.36274804458827e-09	3.5221816780177e-10	-3.52218088514444e-10
666.976	0.710	-0.812	2.45796034005107e-09	3.75417558222112e-10	-3.75417478300242e-10
668.305	0.688	-0.62	2.86887168881678e-09	4.27666762711188e-10	-4.27666605118238e-10
669.707	0.750	-0.714	2.5240928486014e-09	3.76270158393952e-10	-3.7627000313634e-10
671.246	0.681	-0.788	2.50176301842054e-09	3.72941347995747e-10	-3.72941193551965e-10
672.859	1.077	-0.932	1.79208531667362e-09	2.73714838720699e-10	-2.73714761774638e-10
674.659	0.716	-0.723	2.53897200082433e-09	3.7848824204076e-10	-3.78488088523922e-10
676.312	0.801	-0.937	2.1039540442806e-09	3.13639431243659e-10	-3.13639354428616e-10
677.957	0.691	-0.844	2.34218002280968e-09	3.57733880119821e-10	-3.57733726377226e-10
679.610	0.771	-0.961	2.03824605037188e-09	3.19035099804602e-10	-3.19035022945546e-10
680.947	0.680	-0.565	2.93605640180369e-09	4.37682194214157e-10	-4.37682040606558e-10
682.158	0.634	-0.531	3.13573592602627e-09	4.67448692174314e-10	-4.67448461912681e-10
683.371	0.545	-0.579	3.17663191358558e-09	4.97220139844152e-10	-4.9721998439429e-10
684.721	0.537	-0.805	2.72130282303169e-09	4.25950120601329e-10	-4.25949961724029e-10
685.801	0.567	-0.544	3.28012502645229e-09	5.26280447449104e-10	-5.26280286058113e-10
687.020	0.791	-0.651	2.66515402948408e-09	3.97298352577424e-10	-3.97298191034825e-10
688.541	0.657	-0.73	2.77428060705989e-09	4.13566030305052e-10	-4.13565868573463e-10
689.888	0.656	-0.689	2.86283948331268e-09	4.26767570334936e-10	-4.26767408578107e-10
691.242	0.511	-0.698	3.18301739946998e-09	4.74496926641338e-10	-4.74496764872235e-10
692.340	0.703	-0.587	2.89583889399628e-09	4.42297163568849e-10	-4.42297003883137e-10
693.581	0.686	-0.538	3.03847982469884e-09	4.52950518053676e-10	-4.52950361816082e-10
694.853	0.551	-0.586	3.16726760121682e-09	4.83753906299854e-10	-4.83753752362183e-10
695.968	0.501	-0.564	3.46177881095306e-09	5.16052287673699e-10	-5.16052132694781e-10
697.078	0.595	-0.608	2.9807504189445e-09	4.66559972692713e-10	-4.66559894682305e-10
698.399	0.803	-0.727	2.41970187668227e-09	3.60708368983045e-10	-3.60708291220408e-10
699.864	0.577	-0.661	2.96588166485619e-09	4.42128159725437e-10	-4.4212808258546e-10
701.044	0.556	-0.604	3.10370796168276e-09	4.74046146622593e-10	-4.74045992704785e-10
702.290	0.640	-0.689	2.83594253055513e-09	4.22758016307528e-10	-4.22757857978782e-10
703.611	0.562	-0.681	3.12263048752691e-09	4.65495022400655e-10	-4.6549485926626e-10
704.850	0.616	-0.676	2.97952928596602e-09	4.44162712823168e-10	-4.44162551154282e-10
706.184	0.742	-0.719	2.50040362673572e-09	3.81900120629884e-10	-3.81900042559655e-10
707.634	0.678	-0.708	2.54474128193678e-09	3.98313914676241e-10	-3.98313761181481e-10
709.063	0.538	-0.752	2.84280180374826e-09	4.23780533071892e-10	-4.23780456053234e-10
710.385	0.676	-0.783	2.43396909254052e-09	3.80975351021058e-10	-3.80975196481082e-10
711.767	0.628	-0.706	2.72448923329068e-09	4.16125918045388e-10	-4.16125762624815e-10
713.081	0.605	-0.686	2.83028581433475e-09	4.32284871384192e-10	-4.32284793241379e-10
714.129	0.502	-0.443	3.87994772601116e-09	5.92605341915999e-10	-5.92605185212388e-10
715.318	0.546	-0.687	3.00849780809422e-09	4.48481026260845e-10	-4.4848087043939e-10
716.366	0.551	-0.502	3.44354349649522e-09	5.25950959295396e-10	-5.25950804246161e-10
717.750	0.685	-0.833	2.38044582993478e-09	3.6357830895874e-10	-3.63578231737677e-10
719.371	1.051	-0.937	1.75179128605528e-09	2.81066589859815e-10	-2.81066512716157e-10
721.059	0.698	-0.636	2.74961462647533e-09	4.09889009123182e-10	-4.09888854996542e-10
722.384	0.825	-0.627	2.55286957584952e-09	3.80559957665964e-10	-3.80559801974609e-10
724.098	0.799	-0.889	2.2317317356871e-09	3.32687437009496e-10	-3.32687357864852e-10
725.564	0.939	-0.667	2.35579670024259e-09	3.51181937509771e-10	-3.51181858013895e-10
727.235	0.741	-0.732	2.52654645205449e-09	3.766358824266e-10	-3.76635726075631e-10
728.539	0.725	-0.563	2.85199189722244e-09	4.25150493716407e-10	-4.25150339391599e-10
730.361	1.062	-1.097	1.66978559454359e-09	2.55035403141909e-10	-2.55035326113324e-10
732.322	0.762	-0.9	2.20845335686619e-09	3.2921724112225e-10	-3.29217164040408e-10
733.850	0.761	-0.765	2.40387268700613e-09	3.58348708524697e-10	-3.58348631450149e-10
735.302	0.529	-0.691	2.99948081797287e-09	4.47136905062355e-10	-4.47136751278512e-10
736.598	0.727	-0.767	2.44438743716357e-09	3.64388262622755e-10	-3.6438818589317e-10
738.297	0.813	-0.971	2.00881328727331e-09	3.06816877542456e-10	-3.06816800918653e-10
739.808	0.565	-0.698	2.89098249578374e-09	4.30962937246357e-10	-4.30962783838993e-10
741.148	0.663	-0.775	2.49850486987611e-09	3.81610192465656e-10	-3.81610038916746e-10
742.601	0.799	-0.79	2.26300164672344e-09	3.45640434483423e-10	-3.45640280779686e-10
744.127	0.674	-0.728	2.61261066885361e-09	3.89465618719845e-10	-3.89465464852903e-10
745.563	0.813	-0.761	2.32799173452967e-09	3.47037056593446e-10	-3.47036979602846e-10
747.122	0.683	-0.746	2.56048461659159e-09	3.81695109893271e-10	-3.81694956225731e-10
748.645	0.717	-0.84	2.30436006839855e-09	3.51957433642909e-10	-3.51957280280541e-10
750.226	0.880	-0.865	2.09075875384337e-09	3.1167235366648e-10	-3.11672277021352e-10
751.957	0.801	-0.85	2.09800122571818e-09	3.3661424380247e-10	-3.36614167044886e-10
753.428	0.579	-0.67	2.92961385445059e-09	4.36721748301169e-10	-4.3672159459502e-10
754.646	0.650	-0.64	2.80676721652565e-09	4.28692772503935e-10	-4.286926177274e-10
756.513	1.167	-1.217	1.56389441470694e-09	2.33131955516758e-10	-2.33131877205353e-10
758.495	0.946	-0.814	2.14568227553517e-09	3.19859945354906e-10	-3.19859786753065e-10
760.096	0.874	-0.656	2.46063115993361e-09	3.66809852244214e-10	-3.66809694086754e-10
761.880	0.964	-0.91	2.00281047107452e-09	2.98561890248371e-10	-2.98561811438335e-10
763.613	0.766	-0.769	2.43643332855047e-09	3.63202656902934e-10	-3.632024997549e-10
765.241	0.947	-0.862	2.07068533298093e-09	3.0867999367185e-10	-3.08679914976359e-10
767.142	0.815	-0.954	2.12243423747039e-09	3.16394362168182e-10	-3.16394204493692e-10
768.840	0.579	-0.883	2.59248373526108e-09	3.86465217274325e-10	-3.8646513763877e-10
770.209	1.196	-0.79	1.85144333060458e-09	2.97055250945902e-10	-2.9705516948511e-10
772.412	0.756	-1.007	2.28118330508532e-09	3.400593519974e-10	-3.40059183039257e-10
773.927	0.689	-0.759	2.69133391315325e-09	4.11062015692516e-10	-4.11061849061414e-10
775.789	1.130	-1.173	1.64799500597556e-09	2.45668955475078e-10	-2.45668875784643e-10
777.774	1.019	-0.856	1.95026413800354e-09	2.90728599910259e-10	-2.90728523093971e-10
779.782	0.851	-0.989	2.02071601630606e-09	3.01231021335909e-10	-3.01230943255843e-10
781.501	0.963	-0.868	2.02323360315203e-09	3.09019430386911e-10	-3.09019272035269e-10
783.842	0.966	-1.379	1.61693595709161e-09	2.41038961109817e-10	-2.41038881470903e-10
785.981	1.468	-1.172	1.43169235536356e-09	2.13424404896519e-10	-2.13424325500394e-10
788.482	1.037	-1.034	1.81391557103815e-09	2.70402940508602e-10	-2.70402861606825e-10
790.736	1.242	-1.217	1.48497453511669e-09	2.26808158386069e-10	-2.26808080339396e-10
793.275	1.265	-1.296	1.43273653377471e-09	2.13580087253091e-10	-2.13580010155686e-10
795.638	0.925	-1.098	1.77702015420623e-09	2.71413907055178e-10	-2.71413830216014e-10
797.648	1.143	-1.085	1.63931796144719e-09	2.44375409914583e-10	-2.4437533321747e-10
799.601	0.845	-0.81	2.20389892415658e-09	3.285383619264e-10	-3.28538285333837e-10
801.518	1.123	-1.072	1.63210097406372e-09	2.49279611734752e-10	-2.49279535142189e-10
804.235	1.212	-1.594	1.27711742222528e-09	1.95060961852428e-10	-1.95060961852428e-10
806.553	1.356	-1.106	1.48440388520978e-09	2.21282184549167e-10	-2.21282107777426e-10
809.040	1.124	-1.132	1.62702372256181e-09	2.4254268120096e-10	-2.42542604105556e-10
811.133	1.116	-0.969	1.73579451315011e-09	2.65117255658031e-10	-2.65117100921884e-10
813.640	1.375	-1.39	1.43322625287518e-09	2.13653033319534e-10	-2.13652950088578e-10
816.244	1.336	-1.229	1.7288301650248e-09	2.57719226575859e-10	-2.57719133415184e-10
818.721	1.054	-1.141	2.11134040610004e-09	3.14740463635673e-10	-3.14740366272745e-10
821.619	1.261	-1.843	1.29251702345028e-09	1.97413063040866e-10	-1.97413063040866e-10
824.213	1.613	-1.333	1.24393979593518e-09	1.85435807546368e-10	-1.8543573056637e-10
827.600	1.390	-1.774	1.15612536062443e-09	1.72345215110997e-10	-1.72345215110997e-10
830.315	1.544	-1.325	1.20590553169183e-09	1.93481797063294e-10	-1.93481720376918e-10
833.483	1.794	-1.623	1.06822848317495e-09	1.59242396475044e-10	-1.59242319790518e-10
836.887	1.644	-1.61	1.12454666325888e-09	1.6763776353262e-10	-1.67637686671442e-10
839.955	1.638	-1.424	1.19758282940062e-09	1.78525407857804e-10	-1.7852533083768e-10
843.419	1.585	-1.826	1.06396283110891e-09	1.62504748509719e-10	-1.62504670943487e-10
846.550	1.304	-1.546	1.21603750229881e-09	2.00044959325067e-10	-2.00044959325067e-10
849.537	1.672	-1.683	1.0804851281542e-09	1.69122186327976e-10	-1.69122107435284e-10
852.844	1.594	-1.635	1.17299324404524e-09	1.7915763960907e-10	-1.79157558642795e-10
856.128	1.783	-1.69	1.13138338433946e-09	1.68656950982795e-10	-1.68656950982795e-10
859.579	2.206	-1.668	6.57700524278451e-10	1.20079276477816e-10	-1.20079196181452e-10
863.564	2.373	-1.778	8.8782500837062e-10	1.35602333488864e-10	-1.35602254716796e-10
867.496	1.739	-1.56	1.14338375640272e-09	1.70445905650113e-10	-1.70445826433741e-10
871.191	1.476	-1.956	1.10662224210282e-09	1.6496579954453e-10	-1.64965719773024e-10
874.394	1.573	-1.727	7.7333982352667e-10	1.41192064875476e-10	-1.41191984463149e-10
877.735	1.732	-1.768	6.97054084048536e-10	1.36974153843611e-10	-1.36974153843611e-10
881.333	2.154	-1.866	9.46293753076775e-10	1.41065309843057e-10	-1.41065309843057e-10
885.293	1.383	-1.805	1.14351595524108e-09	1.7465534268419e-10	-1.74655264753342e-10
888.592	1.959	-1.916	9.49607447088066e-10	1.45038735360395e-10	-1.45038656704277e-10
892.404	1.426	-1.853	8.01008327703135e-10	1.46243559120412e-10	-1.46243559120412e-10
895.755	1.909	-1.925	8.23753271706349e-10	1.39239852571649e-10	-1.39239852571649e-10
899.455	1.884	-1.791	1.05245998129263e-09	1.56891681670661e-10	-1.5689160240101e-10
903.758	1.547	-2.419	9.30716916436708e-10	1.45679818298937e-10	-1.45679739388444e-10
907.476	2.552	-2.171	8.09205083526045e-10	1.20629310097224e-10	-1.20629310097224e-10
911.612	1.649	-1.583	7.7719672686257e-10	1.41896179137646e-10	-1.41896179137646e-10
915.042	1.669	-1.781	7.06316350836462e-10	1.36209258588646e-10	-1.36209258588646e-10
918.526	1.663	-1.815	7.09485159801975e-10	1.29533803855719e-10	-1.29533803855719e-10
922.013	1.662	-1.824	7.03963666079793e-10	1.28525707446089e-10	-1.28525707446089e-10
925.916	1.651	-2.241	6.20647455400212e-10	1.17527268988195e-10	-1.17527268988195e-10
929.477	2.331	-1.91	5.95163525110631e-10	1.08661592110956e-10	-1.08661592110956e-10
933.969	2.382	-2.16	8.37906656589724e-10	1.24907981912539e-10	-1.24907903927617e-10
938.787	2.261	-2.436	5.30047705537293e-10	9.6773126434048e-11	-9.6773126434048e-11
943.084	2.250	-2.036	5.51125383551422e-10	1.08298580769728e-10	-1.08298502255173e-10
947.514	2.137	-2.181	5.30671757787753e-10	1.08273472228454e-10	-1.08273393907386e-10
952.677	2.860	-3.025	4.10180222237809e-10	7.76727092032965e-11	-7.76726935838363e-11
957.438	1.702	-1.901	6.84539618567945e-10	1.24979416368835e-10	-1.24979338665372e-10
961.350	2.394	-2.211	5.19253133595397e-10	9.83270085482726e-11	-9.83270085482726e-11
965.631	1.497	-1.887	7.03400068172591e-10	1.33197497007597e-10	-1.33197497007597e-10
969.224	2.219	-2.097	5.50498045564537e-10	1.04243608027696e-10	-1.04243608027696e-10
973.381	2.261	-1.937	5.79858669998928e-10	1.05867367069515e-10	-1.05867290360424e-10
977.924	2.442	-2.282	5.00892614798607e-10	9.48502287393008e-11	-9.48502287393008e-11
982.311	2.642	-1.945	5.2855190164439e-10	9.65000505981393e-11	-9.64999742205329e-11
987.903	2.928	-2.95	4.13602248883736e-10	7.55131748940432e-11	-7.55131595744258e-11
993.902	2.660	-3.071	4.24248157438203e-10	7.74568283778761e-11	-7.74568283778761e-11
NO NO NO NO NO NO
! xrtpcflux
1008.575	5.904	-6.632	5.11735459683083e-10	9.86634363922249e-11	-9.86634363922249e-11
1023.243	6.280	-8.764	3.44946226153888e-10	7.37077125172068e-11	-7.37077125172068e-11
1040.542	11.547	-11.019	2.1791122783458e-10	4.78888606203113e-11	-4.78888606203113e-11
1061.930	7.710	-9.842	2.79415951173485e-10	6.11168124538909e-11	-6.11168124538909e-11
1084.883	12.337	-15.243	1.83138192005978e-10	3.95763768784478e-11	-3.95763768784478e-11
1104.843	9.928	-7.623	2.90988613406453e-10	6.21781032128886e-11	-6.21781032128886e-11
1132.395	14.971	-17.624	1.57956075186966e-10	3.41344950143837e-11	-3.41344950143837e-11
1158.977	15.970	-11.611	1.83351786128748e-10	4.01990928874835e-11	-4.01990928874835e-11
1197.294	12.755	-22.347	1.45564188751612e-10	3.19896460950525e-11	-3.19896460950525e-11
1228.130	19.529	-18.081	1.44936595366022e-10	3.04166400254314e-11	-3.04166400254314e-11
1262.669	20.092	-15.01	1.32830165872664e-10	2.98486564992231e-11	-2.98486564992231e-11
1296.399	13.943	-13.638	1.68166450889359e-10	3.76959417308131e-11	-3.76959417308131e-11
1340.090	22.905	-29.749	8.44438906115289e-11	1.90226666297025e-11	-1.90226666297025e-11
1400.801	32.397	-37.806	7.95440929612929e-11	1.59717134156612e-11	-1.59717134156612e-11
4779.572	84.682	-201.476	1.40230423232e-11	3.15171055220828e-12	-3.15171055220828e-12
4910.444	41.565	-46.191	2.2128054478428e-11	4.98183483201994e-12	-4.98183483201994e-12
5014.704	52.641	-62.695	2.1182202796958e-11	4.53005392122713e-12	-4.53005392122713e-12
5138.942	46.247	-71.597	2.09838463737612e-11	4.70812782796778e-12	-4.70812782796778e-12
5250.776	49.749	-65.587	1.95359202580643e-11	4.3907409438472e-12	-4.3907409438472e-12
5349.354	38.927	-48.828	2.50594420299917e-11	5.49508987330686e-12	-5.49508987330686e-12
5427.077	43.945	-38.796	3.08255559554491e-11	6.90453261939808e-12	-6.90453261939808e-12
5520.733	68.133	-49.71	2.83107784088564e-11	6.2384739783041e-12	-6.2384739783041e-12
5636.545	55.121	-47.679	3.54685895699862e-11	7.94451310790223e-12	-7.94451310790223e-12
5747.623	46.843	-55.957	3.308981507027e-11	7.44972977060656e-12	-7.44972977060656e-12
5869.584	52.754	-75.119	2.52009674244825e-11	5.66397424161129e-12	-5.66397424161129e-12
5979.690	57.984	-57.352	2.73665689455074e-11	6.15069731188974e-12	-6.15069731188974e-12
6108.182	54.859	-70.507	2.4845867636436e-11	5.63223847289473e-12	-5.63223847289473e-12
6280.738	80.380	-117.698	1.66296776841516e-11	3.65848846465207e-12	-3.65848846465207e-12
6449.255	54.780	-88.137	2.18741687530919e-11	4.91626924308756e-12	-4.91626924308756e-12
6594.302	55.157	-90.267	2.12953376035242e-11	4.82737866465084e-12	-4.82737866465084e-12
6717.994	89.426	-68.535	1.9528674422534e-11	4.39661932234216e-12	-4.39661932234216e-12
6871.421	33.785	-64	3.12752191022278e-11	7.01719313556186e-12	-7.01719313556186e-12
7002.085	63.588	-96.88	1.92063853945316e-11	4.3166777459327e-12	-4.3166777459327e-12
7133.803	84.805	-68.129	2.2563377145334e-11	4.82543177355266e-12	-4.82543177355266e-12
10704.096	155.036	-141.621	1.59641237175452e-11	3.59967165942962e-12	-3.59967165942962e-12
10972.400	107.376	-113.267	2.05466908467994e-11	4.60877880182172e-12	-4.60877880182172e-12
11240.225	130.398	-160.45	1.07452469395616e-11	2.80163766578485e-12	-2.80163766578485e-12
11497.778	80.953	-127.154	1.39219502813706e-11	3.62482702147601e-12	-3.62482702147601e-12
11818.440	101.285	-239.71	7.78209383905975e-12	2.04336720043867e-12	-2.04336720043867e-12
12030.183	115.200	-110.458	1.19349097370539e-11	3.00327204019369e-12	-3.00327204019369e-12
12280.683	148.027	-135.3	8.97194366171264e-12	2.26360870665685e-12	-2.26360870665685e-12
12553.929	123.005	-125.219	9.48180633752822e-12	2.47568707580967e-12	-2.47568707580967e-12
12876.639	126.234	-199.705	9.04309516741392e-12	2.09529656982331e-12	-2.09529656982331e-12
16646.631	135.922	-295.268	6.85272403794894e-12	1.80811630172735e-12	-1.80811630172735e-12
16892.545	85.579	-109.991	9.21848280296917e-12	2.40971552699489e-12	-2.40971552699489e-12
17134.705	99.164	-156.582	7.31295146562586e-12	1.91755259063285e-12	-1.91755259063285e-12
17370.071	164.676	-136.201	6.43329113761888e-12	1.69479683553605e-12	-1.69479683553605e-12
17676.237	126.792	-141.49	7.70156210468081e-12	2.00697114450841e-12	-2.00697114450841e-12
17965.588	110.739	-162.559	7.91620102782596e-12	2.07251087268573e-12	-2.07251087268573e-12
18178.584	130.923	-102.258	9.36116734943985e-12	2.44701326694999e-12	-2.44701326694999e-12
18526.947	258.939	-217.439	8.12040779346497e-12	1.57753266919964e-12	-1.57753266919964e-12
22456.854	196.359	-129.591	6.05780367924178e-12	1.57574606013541e-12	-1.57574606013541e-12
22797.245	116.729	-144.032	7.51192595301526e-12	1.94964245476863e-12	-1.94964245476863e-12
23075.542	91.670	-161.568	8.58493230517425e-12	2.15968036504136e-12	-2.15968036504136e-12
23409.422	68.698	-242.209	6.85429711560804e-12	1.7869140793436e-12	-1.7869140793436e-12
23773.880	170.601	-295.76	4.83807471314673e-12	1.25474108861941e-12	-1.25474108861941e-12
24276.334	294.963	-331.854	5.09866496512798e-12	1.12387557735743e-12	-1.12387557735743e-12
28864.794	414.988	-492.659	3.57954459215166e-12	9.42173537879979e-13	-9.42173537879979e-13
29740.107	615.302	-460.325	4.36346289272591e-12	9.66339219582632e-13	-9.66339219582632e-13
34575.140	297.159	-244.42	4.34980350546595e-12	1.13082095003896e-12	-1.13082095003896e-12
35137.626	331.414	-265.327	3.82547283632541e-12	1.00601423116861e-12	-1.00601423116861e-12
35855.383	285.607	-386.344	4.18829567963915e-12	9.76030444431055e-13	-9.76030444431055e-13
40096.472	211.729	-740.519	3.9295398338662e-12	1.0274671460902e-12	-1.0274671460902e-12
41048.000	877.409	-739.798	2.071253510127e-12	3.90630232755434e-13	-3.90630232755434e-13
45648.899	341.680	-411.399	2.46006935369113e-12	6.43787009938865e-13	-6.43787009938865e-13
46458.281	487.585	-467.702	1.82915224933005e-12	4.8419913273308e-13	-4.8419913273308e-13
47433.029	275.050	-487.163	2.85148651436591e-12	6.80474031646479e-13	-6.80474031646479e-13
51427.176	226.778	-405.064	3.01719795782823e-12	7.9013309725757e-13	-7.9013309725757e-13
52019.620	416.616	-365.666	2.42119916740409e-12	6.34506983497671e-13	-6.34506983497671e-13
52948.130	543.673	-511.895	2.41648315326285e-12	5.46967147683128e-13	-5.46967147683128e-13
57291.507	294.766	-592.822	1.98797099892827e-12	5.2373374662386e-13	-5.2373374662386e-13
58362.848	913.342	-776.574	1.85733353161568e-12	3.68591963799297e-13	-3.68591963799297e-13
63243.629	394.400	-760.742	2.50884100812032e-12	6.62597499444563e-13	-6.62597499444563e-13
64413.988	648.184	-775.959	2.14325650984712e-12	5.1883982766247e-13	-5.1883982766247e-13
69643.516	1203.238	-1364.122	1.14924163044099e-12	3.02072161553153e-13	-3.02072161553153e-13
74563.085	429.795	-511.426	2.02766916579097e-12	5.37594435229436e-13	-5.37594435229436e-13
75872.862	757.283	-879.982	1.35614159352572e-12	2.95639312043755e-13	-2.95639312043755e-13
80458.787	492.878	-528.387	1.46113449615636e-12	3.85653949099351e-13	-3.85653949099351e-13
81620.730	792.687	-669.065	1.37249868956607e-12	3.14074918385305e-13	-3.14074918385305e-13
86331.379	581.854	-709.651	1.39791519306649e-12	3.71510522580726e-13	-3.71510522580726e-13
87611.574	587.900	-698.34	1.5658927992428e-12	3.77305334578418e-13	-3.77305334578418e-13
92110.950	638.583	-652.682	1.32198766426987e-12	3.49119750383788e-13	-3.49119750383788e-13
93483.372	499.748	-733.839	1.57455613037695e-12	3.90089565871787e-13	-3.90089565871787e-13
97917.214	452.826	-654.078	1.60901009190443e-12	4.25914296595763e-13	-4.25914296595763e-13
99089.989	676.613	-719.949	1.42902225358088e-12	3.47146091090185e-13	-3.47146091090185e-13
104467.289	1083.861	-1375.809	1.23578242294367e-12	2.66953880565595e-13	-2.66953880565595e-13
110145.678	1189.022	-1042.475	1.35138958208749e-12	2.94434244928165e-13	-2.94434244928165e-13
116068.211	1051.961	-948.864	1.57913697613877e-12	3.1733152082932e-13	-3.1733152082932e-13
121851.634	1052.598	-780.238	1.18740953835506e-12	2.85041987462e-13	-2.85041987462e-13
127545.334	1140.660	-1340.058	1.09272898105262e-12	2.36330166289283e-13	-2.36330166289283e-13
159186.088	19691.487	-15473.633	8.46461270586035e-13	1.92990592757772e-13	-1.92990592757772e-13
373246.277	9136.574	-27113.454	7.83451722848029e-13	1.96085303481792e-13	-1.96085303481792e-13
393508.345	6214.061	-6937.814	5.27629947958209e-13	1.12485229031845e-13	-1.12485229031845e-13
420002.220	19140.296	-16154.145	3.26327847657001e-13	8.60715608858691e-14	-8.60715608858691e-14
465202.431	9099.753	-20811.069	4.9344826916336e-13	1.24328903435728e-13	-1.24328903435728e-13
509165.797	16915.758	-30133.658	2.75770573275901e-13	6.90547055863655e-14	-6.90547055863655e-14
548384.511	12376.981	-17232.958	5.98598258221016e-13	1.4098701654536e-13	-1.4098701654536e-13
606412.185	69850.264	-40468.223	2.35810300494623e-13	5.47913673983943e-14	-5.47913673983943e-14
757361.458	51730.286	-17952.519	2.6555435375042e-13	7.51410186213352e-14	-7.51410186213352e-14
977210.377	52512.376	-162628.47	1.37259091643966e-13	4.06874238438729e-14	-4.06874238438729e-14
1055254.291	32308.761	-20886.081	1.92612369967471e-13	5.38717933385162e-14	-5.38717933385162e-14
1216222.095	44860.495	-36723.71	1.70141573856348e-13	3.70813469245932e-14	-3.70813469245932e-14
1942215.067	596506.367	-589709.209	5.92400898708876e-14	1.75280453434751e-14	-1.75280453434751e-14
2728337.629	8168.660	-21975.312	1.25288610489162e-13	6.52042657277346e-14	-4.94542217142144e-14
NO NO NO NO NO NO
! batSNR4flux
0.401000000238419	0.4	-0.4	4.21053196476856e-08	9.68594457446235e-09	-9.68594457446235e-09
1.72100000047165	0.92	-0.92	2.38007985958838e-08	5.92171013276909e-09	-5.92171013276909e-09
6.62100000018449	3.98	-3.98	1.0349686324224e-08	2.13234589061028e-09	-2.13234589061028e-09
14.5810000002923	3.98	-3.98	5.4558100299987e-09	1.34658402791172e-09	-1.34658402791172e-09
46.5610000002375	27.9999999999995	-27.9999999999995	1.40083314584509e-08	2.67534707169331e-09	-2.67534707169331e-09
74.6010000002384	0.04	-0.04	4.13259187102726e-07	9.97300472460216e-08	-9.97300472460216e-08
79.1410000002387	4.49999999999999	-4.49999999999999	4.65564092045536e-08	8.90693035960653e-09	-8.90693035960653e-09
84.540999999841	0.9	-0.9	7.41348279148937e-08	1.75443396961986e-08	-1.75443396961986e-08
87.5410000004089	2.1	-2.1	5.63096192349434e-08	1.08012638482361e-08	-1.08012638482361e-08
91.7410000001251	2.1	-2.1	3.83335789531894e-08	8.96191240669259e-09	-8.96191240669259e-09
95.9410000001251	2.1	-2.1	3.11803692380844e-08	7.42457994057237e-09	-7.42457994057237e-09
98.9410000005034	0.9	-0.9	3.93761071719856e-08	9.81941482361921e-09	-9.81941482361921e-09
100.741000000503	0.9	-0.9	3.32086903611653e-08	8.84580177875735e-09	-8.84580177875735e-09
102.540999999841	0.9	-0.9	3.49227839269947e-08	8.30275751449339e-09	-8.30275751449339e-09
104.641000000338	1.2	-1.2	3.06716454540177e-08	6.67552553938208e-09	-6.67552553938208e-09
106.241000000834	0.4	-0.4	7.07598855080535e-08	1.66813271899863e-08	-1.66813271899863e-08
111.281000000198	4.63999999999999	-4.63999999999999	7.33284042125907e-08	1.45853349758682e-08	-1.45853349758682e-08
115.98099999547	0.06	-0.06	1.19365122096793e-06	2.83184371370404e-07	-2.83184371370404e-07
118.021000000371	1.98	-1.98	9.65811601264442e-08	3.68399210866258e-08	-3.68399210866258e-08
120.181000000106	0.18	-0.18	3.57948018863867e-07	8.87946912871598e-08	-8.87946912871598e-08
120.801000000509	0.44	-0.44	1.27206923731097e-07	5.37997592282339e-08	-5.37997592282339e-08
121.680999999805	0.44	-0.44	1.95304029577237e-07	4.79080255449886e-08	-4.79080255449886e-08
122.561000000455	0.44	-0.44	1.83470324060958e-07	4.21933905828373e-08	-4.21933905828373e-08
124.321000000401	1.32	-1.32	1.38655040937011e-07	2.09259744086242e-08	-2.09259744086242e-08
125.800999999493	0.16	-0.16	2.70427666356857e-07	5.6146670374235e-08	-5.6146670374235e-08
126.441000000089	0.16	-0.16	2.56550519740721e-07	5.49399399024649e-08	-5.49399399024649e-08
127.001000000238	0.4	-0.4	1.43829194672356e-07	3.4448207539229e-08	-3.4448207539229e-08
128.201000000239	0.8	-0.8	4.92476634469353e-08	2.30827722509294e-08	-2.30827722509294e-08
129.401000000238	0.4	-0.4	1.24316514595955e-07	3.07667007589794e-08	-3.07667007589794e-08
130.201000000238	0.4	-0.4	1.28281439732959e-07	2.85336730639646e-08	-2.85336730639646e-08
131.001000000238	0.4	-0.4	1.23092906213171e-07	2.71558235474695e-08	-2.71558235474695e-08
132.361000000015	0.960000000000001	-0.960000000000001	7.47026243324344e-08	1.57128888506407e-08	-1.57128888506407e-08
134.281000000561	0.960000000000001	-0.960000000000001	7.5192539569814e-08	1.50686366383837e-08	-1.50686366383837e-08
135.72100000004	0.48	-0.48	9.68409609785201e-08	2.36634886505711e-08	-2.36634886505711e-08
136.601000000238	0.4	-0.4	1.12846344494814e-07	2.74043245558237e-08	-2.74043245558237e-08
137.881000000076	0.88	-0.88	9.27242670832073e-08	2.01596277963455e-08	-2.01596277963455e-08
139.641000000699	0.88	-0.88	8.24260350489251e-08	1.93281606099317e-08	-1.93281606099317e-08
141.400999999968	0.88	-0.88	5.07743442939191e-08	1.54802903489679e-08	-1.54802903489679e-08
142.441000000089	0.16	-0.16	1.33727972678486e-07	3.15191341527108e-08	-3.15191341527108e-08
144.541000000312	1.94	-1.94	2.10896547228046e-08	7.1680803030407e-09	-7.1680803030407e-09
148.421000000153	1.94	-1.94	2.21920856903609e-08	4.4543510508031e-09	-4.4543510508031e-09
154.24100000022	3.88	-3.88	1.06551445898241e-08	2.10292171769628e-09	-2.10292171769628e-09
160.061000000288	1.94	-1.94	2.17749891506691e-08	5.29037524314715e-09	-5.29037524314715e-09
167.901000000238	5.89999999999996	-5.89999999999996	2.2085447522141e-08	6.53544489617396e-09	-6.53544489617396e-09
174.201000000238	0.4	-0.4	1.91793610886596e-07	4.62857031054546e-08	-4.62857031054546e-08
179.481000000233	4.87999999999998	-4.87999999999998	9.60843312939522e-08	2.23320442574652e-08	-2.23320442574652e-08
186.841000000162	2.48	-2.48	2.68568661118756e-07	6.46900525662877e-08	-6.46900525662877e-08
