## BAT - batSNR4flux
1.32099999904633	0.2	-0.2	5.63008452453153e-09	1.34941037895795e-09	-1.34941037895795e-09
1.82100000699361	0.3	-0.3	2.81291125127679e-09	1.0732039292137e-09	-1.0732039292137e-09
2.42100000301997	0.3	-0.3	4.85277706307039e-09	1.09849346068107e-09	-1.09849346068107e-09
3.32100000301997	0.6	-0.6	2.98100779942254e-09	8.23273954862279e-10	-8.23273954862279e-10
4.12100000500679	0.2	-0.2	5.88755495354976e-09	1.42339142964647e-09	-1.42339142964647e-09
6.04100000409192	1.72	-1.72	2.20536766173043e-09	5.08471204508409e-10	-5.08471204508409e-10
14.6810000037045	6.91999999999994	-6.91999999999994	1.35745533153768e-09	3.20199344606831e-10	-3.20199344606831e-10
22.4010000047088	0.8	-0.8	4.95565962538989e-09	1.22627586409591e-09	-1.22627586409591e-09
23.3609999981523	0.16	-0.16	1.21625291826763e-08	2.85586035769174e-09	-2.85586035769174e-09
23.6210000109673	0.1	-0.1	1.49209677531338e-08	3.72996834984823e-09	-3.72996834984823e-09
23.9410000038147	0.22	-0.22	9.85457693779973e-09	2.51676801529251e-09	-2.51676801529251e-09
24.4010000022252	0.24	-0.24	1.05997047573518e-08	2.5259429830189e-09	-2.5259429830189e-09
24.7210000050068	0.08	-0.08	1.88458851753688e-08	4.27974515323072e-09	-4.27974515323072e-09
24.9410000038147	0.14	-0.14	1.53492358768529e-08	3.18237193518574e-09	-3.18237193518574e-09
25.3810000054042	0.3	-0.3	6.65148967180772e-09	2.20025321485179e-09	-2.20025321485179e-09
25.7210000050068	0.04	-0.04	2.77179441399266e-08	6.69134834033642e-09	-6.69134834033642e-09
26.0210000008803	0.26	-0.26	1.02820720399601e-08	2.54493866094073e-09	-2.54493866094073e-09
27.1010000038728	0.82	-0.82	8.76397681730758e-09	1.81459345191789e-09	-1.81459345191789e-09
28.0410000077883	0.12	-0.12	2.39555789468869e-08	5.84532703683129e-09	-5.84532703683129e-09
28.3810000014305	0.22	-0.22	1.43990562054065e-08	4.73458328519439e-09	-4.73458328519439e-09
28.8210000044649	0.22	-0.22	2.35868325162564e-08	5.25446499593706e-09	-5.25446499593706e-09
30.0010000037153	0.960000000000001	-0.960000000000001	1.56465114931771e-08	3.27357757261002e-09	-3.27357757261002e-09
31.9410000038147	0.980000000000001	-0.980000000000001	1.62907562996167e-08	5.02919216353248e-09	-5.02919216353248e-09
33.0610000085831	0.14	-0.14	7.28009373583552e-08	1.72434623740699e-08	-1.72434623740699e-08
34.8010000032186	1.6	-1.6	3.16410364777772e-08	7.62061237864646e-09	-7.62061237864646e-09
43.401000003815	6.99999999999994	-6.99999999999994	1.17187412673471e-07	2.48998281966283e-08	-2.48998281966283e-08
123.901000003814	24.4999999999996	-24.4999999999996	1.30183430450149e-08	4.65674803770173e-09	-4.65674803770173e-09
149.121000004345	0.72	-0.72	1.45515237656227e-08	3.18323444618841e-09	-3.18323444618841e-09
154.821000003834	4.97999999999998	-4.97999999999998	3.39101495420817e-09	8.82862727880837e-10	-8.82862727880837e-10
160.101000002225	0.3	-0.3	1.56472236325765e-08	3.79016617599283e-09	-3.79016617599283e-09
164.121000003918	3.72	-3.72	5.55828815472412e-09	1.14258015405642e-09	-1.14258015405642e-09
175.281000003865	7.43999999999993	-7.43999999999993	2.4468303468904e-09	9.30295225020289e-10	-9.30295225020289e-10
182.861000003474	0.14	-0.14	3.0831667608488e-08	7.56850537818455e-09	-7.56850537818455e-09
207.361000003719	3.48	-3.48	9.12247029080694e-09	2.09968355963012e-09	-2.09968355963012e-09
214.401000003788	3.56	-3.56	1.17329501191083e-08	2.34224154490882e-09	-2.34224154490882e-09
219.081000004411	1.12	-1.12	1.95729041061857e-08	4.5505771315981e-09	-4.5505771315981e-09
220.781000002253	0.58	-0.58	2.61462211651904e-08	6.5248511626441e-09	-6.5248511626441e-09
221.601000005205	0.24	-0.24	5.13730668003601e-08	1.09595537776344e-08	-1.09595537776344e-08
221.901000002225	0.06	-0.06	1.3445868292461e-07	2.9310471501283e-08	-2.9310471501283e-08
222.401000004032	0.44	-0.44	8.29755531752223e-08	1.89126494145794e-08	-1.89126494145794e-08
223.061000003164	0.22	-0.22	2.27169991618918e-07	5.35361941380263e-08	-5.35361941380263e-08
223.501000006199	0.22	-0.22	3.90514448729046e-07	8.32425360860565e-08	-8.32425360860565e-08
224.241000004273	0.52	-0.52	1.85278562049619e-07	4.93016505220556e-08	-4.93016505220556e-08
224.860999996662	0.1	-0.1	3.97078465208505e-07	9.6321802906353e-08	-9.6321802906353e-08
225.321000005669	0.36	-0.36	1.6664360163813e-07	4.7666470713232e-08	-4.7666470713232e-08
225.861000000636	0.18	-0.18	2.68553274109448e-07	5.97523630859943e-08	-5.97523630859943e-08
226.401000005537	0.36	-0.36	1.3645201968691e-07	3.5124836757993e-08	-3.5124836757993e-08
226.941000003815	0.18	-0.18	1.51190285527873e-07	3.72865315183372e-08	-3.72865315183372e-08
228.161000003769	1.04	-1.04	3.20492645719709e-08	7.82992858751241e-09	-7.82992858751241e-09
230.241000003127	1.04	-1.04	1.30220266697645e-08	2.58448146766749e-09	-2.58448146766749e-09
231.541000004732	0.26	-0.26	2.54087254399037e-08	6.17225955005489e-09	-6.17225955005489e-09
233.361000003693	1.56	-1.56	1.29620309761831e-08	3.11235504937616e-09	-3.11235504937616e-09
236.581000003873	1.66	-1.66	1.04495795629617e-08	4.53539255273879e-09	-4.53539255273879e-09
239.901000003901	1.66	-1.66	2.88901505097015e-08	6.94221202366165e-09	-6.94221202366165e-09
244.881000003944	3.32	-3.32	3.94053507268416e-08	9.3187686010169e-09	-9.3187686010169e-09
249.861000003269	1.66	-1.66	1.00521256651509e-07	2.48241453090886e-08	-2.48241453090886e-08
266.681000003834	15.1599999999998	-15.1599999999998	1.04884256106484e-08	3.11566446848661e-09	-3.11566446848661e-09
281.861000020504	0.02	-0.02	7.01235171797453e-08	1.73282734182393e-08	-1.73282734182393e-08

## XRT - xrtwtflux
109.458	0.501	-0.532	8.40995528508264e-09	1.27846903311395e-09	-1.27873383358532e-09
110.664	0.639	-0.704	6.22369313451668e-09	9.28431894761788e-10	-9.28628859044469e-10
112.094	0.675	-0.791	5.35633946353934e-09	7.99109500681682e-10	-7.99272186000615e-10
113.564	0.994	-0.796	4.11710179375807e-09	6.14182710049843e-10	-6.1431251346569e-10
115.268	0.792	-0.71	4.49839938042956e-09	6.83885669867155e-10	-6.84022973638591e-10
116.880	1.287	-0.82	3.04863950813833e-09	4.63420742818287e-10	-4.63518811870705e-10
119.216	0.831	-1.049	3.21844643797726e-09	4.80024589042255e-10	-4.80132230894764e-10
121.248	1.188	-1.201	2.35095552918788e-09	3.57304524904548e-10	-3.5738160458511e-10
123.253	1.011	-0.816	2.94252786287166e-09	4.47192162326693e-10	-4.47287816710886e-10
125.210	0.871	-0.946	2.83782410708255e-09	4.31262076970524e-10	-4.31352945396544e-10
126.865	1.005	-0.785	2.81164788372287e-09	4.43975275392851e-10	-4.44060904604561e-10
128.963	0.898	-1.093	2.67021599793495e-09	3.98159073676338e-10	-3.98242229833322e-10
130.750	1.053	-0.889	2.61146063957594e-09	3.89382657968716e-10	-3.89461010286967e-10
132.760	0.940	-0.957	2.13875946977378e-09	3.58180864420801e-10	-3.58235688755301e-10
134.713	0.871	-1.013	1.87232763506141e-09	3.4738052869663e-10	-3.47422990088397e-10
136.497	0.918	-0.913	2.45171226854377e-09	3.65533580796435e-10	-3.65597383531868e-10
138.124	0.706	-0.709	3.24662674006219e-09	4.84041805226641e-10	-4.84122855235692e-10
139.615	0.786	-0.785	2.7040546197574e-09	4.10850547290447e-10	-4.10916825432823e-10
141.032	0.609	-0.632	3.24438171948337e-09	4.92934477158522e-10	-4.93007025619556e-10
142.252	0.582	-0.612	3.41902966665298e-09	5.09729739569597e-10	-5.09806349601199e-10
143.407	0.518	-0.573	3.64038701141954e-09	5.63753827339484e-10	-5.63827861124553e-10
144.540	0.503	-0.616	3.70863959746294e-09	5.63459754872858e-10	-5.63534690877163e-10
145.469	0.311	-0.426	6.02755095145553e-09	8.98606900634216e-10	-8.9872921191496e-10
146.092	0.258	-0.312	7.96376741303485e-09	1.2099411688356e-09	-1.21009705760518e-09
146.607	0.266	-0.257	9.05363955424718e-09	1.34974055865594e-09	-1.3499207664683e-09
147.111	0.279	-0.239	8.89387780517859e-09	1.37728565369102e-09	-1.3774425319217e-09
147.727	0.313	-0.336	7.02768233662946e-09	1.08829734737302e-09	-1.08842769844162e-09
148.298	0.345	-0.258	7.67656048475279e-09	1.17480457546707e-09	-1.1749430961007e-09
148.941	0.322	-0.298	1.08894240565696e-08	1.3647911618663e-09	-1.36503181009957e-09
149.535	0.336	-0.273	1.10616636251135e-08	1.40430098162386e-09	-1.40454267225562e-09
150.158	0.307	-0.287	7.90313262942191e-09	1.17820653686906e-09	-1.17835360325619e-09
150.891	0.317	-0.426	6.38168548191527e-09	9.51379254396898e-10	-9.5149024947414e-10
151.531	0.284	-0.322	7.69947519685617e-09	1.14783074097672e-09	-1.14796051906222e-09
152.089	0.279	-0.274	8.10205958614665e-09	1.23092421894322e-09	-1.23105682176964e-09
152.661	0.270	-0.292	7.97399995837914e-09	1.18875563978249e-09	-1.18888818047465e-09
153.205	0.297	-0.274	8.77632531188184e-09	1.22900269727256e-09	-1.22915689170893e-09
153.788	0.300	-0.287	7.27528578282619e-09	1.10530562994251e-09	-1.10541518782588e-09
154.369	0.335	-0.28	6.7013225455454e-09	1.01810427631137e-09	-1.0182032550926e-09
155.039	0.364	-0.335	5.66819046496775e-09	8.61145760457369e-10	-8.61231017706196e-10
155.724	0.372	-0.32	5.45547473483985e-09	8.44804483898955e-10	-8.44882937008873e-10
156.542	0.392	-0.446	4.67265262330819e-09	6.96587121534712e-10	-6.96656260586258e-10
157.281	0.423	-0.347	5.11683094912818e-09	7.62802413392294e-10	-7.62876195708405e-10
158.068	0.319	-0.364	5.62831631173377e-09	8.71567854845434e-10	-8.7164613832012e-10
158.756	0.334	-0.368	5.47261624753752e-09	8.47453396039254e-10	-8.47524428890517e-10
159.527	0.470	-0.437	4.11485964891441e-09	6.62357474492624e-10	-6.62408660715491e-10
160.338	0.362	-0.341	5.53532907631337e-09	8.40953408791841e-10	-8.41026631102388e-10
161.115	0.464	-0.415	4.39152206180684e-09	6.67177523565471e-10	-6.67230934422054e-10
162.016	0.311	-0.437	5.19146507647392e-09	7.73920973019276e-10	-7.73985138839884e-10
162.691	0.381	-0.365	5.16648041816874e-09	7.84912491337166e-10	-7.84975714001848e-10
163.585	0.429	-0.514	4.27338234410378e-09	6.4186925401699e-10	-6.41922686989678e-10
164.401	0.320	-0.387	5.77911686025499e-09	8.61526732489402e-10	-8.61600032150391e-10
165.145	0.496	-0.424	4.44851547339259e-09	6.63165701574676e-10	-6.63221394323067e-10
166.088	0.480	-0.447	4.26566223765081e-09	6.48055863023869e-10	-6.48106857104812e-10
167.024	0.383	-0.457	4.68375747240379e-09	6.98231828398069e-10	-6.98285924135999e-10
167.788	0.375	-0.381	5.20310179011114e-09	7.75654588423773e-10	-7.75716966783204e-10
168.632	0.396	-0.468	4.70240942972878e-09	7.01013726456157e-10	-7.01070228727682e-10
169.499	0.315	-0.471	5.27121462337336e-09	8.00818509377469e-10	-8.00873685493392e-10
170.200	0.402	-0.386	5.37421748238694e-09	8.16466868512709e-10	-8.16522898271214e-10
171.091	0.401	-0.489	4.39118828870154e-09	7.06831790337744e-10	-7.06877946287398e-10
171.929	0.391	-0.436	4.83900524615974e-09	7.21373323191052e-10	-7.21425605197785e-10
172.714	0.370	-0.395	4.99385070121624e-09	7.58681352906517e-10	-7.587350789492e-10
173.475	0.400	-0.39	4.89481670948156e-09	7.29694452155867e-10	-7.29749348672545e-10
174.323	0.338	-0.448	4.94887411129694e-09	7.43324876652371e-10	-7.43379614492026e-10
175.106	0.339	-0.445	5.03226555783319e-09	7.41985971303853e-10	-7.42042782037114e-10
175.822	0.303	-0.377	5.70247086092131e-09	8.50093341122634e-10	-8.50153511381976e-10
176.463	0.440	-0.338	4.99995037158287e-09	7.4536465292205e-10	-7.45415952301211e-10
177.421	0.501	-0.519	3.75776698259745e-09	5.70890165101346e-10	-5.70927954494982e-10
178.358	0.569	-0.436	3.79858408124407e-09	5.77091163303161e-10	-5.77129383561558e-10
179.334	0.552	-0.406	3.91094271552391e-09	6.05613646989422e-10	-6.05648741480603e-10
180.368	0.340	-0.482	4.80617301214525e-09	7.16476666656626e-10	-7.1652460432181e-10
181.175	0.399	-0.467	4.58138535193397e-09	6.96017524869791e-10	-6.9606540133522e-10
182.001	0.423	-0.426	4.54958072915081e-09	7.18216513729873e-10	-7.18259525695054e-10
182.980	0.655	-0.557	3.25118857358395e-09	4.9393072246314e-10	-4.93965743029604e-10
183.989	0.496	-0.354	4.70690110071033e-09	7.01680752978792e-10	-7.01732912886746e-10
184.964	0.494	-0.479	4.16915077218305e-09	6.21512610234829e-10	-6.21553381440316e-10
186.065	0.511	-0.606	3.50031264386535e-09	5.52574405314381e-10	-5.52607282998666e-10
187.121	0.461	-0.546	4.01437758333581e-09	5.98440533231165e-10	-5.98480658686343e-10
188.145	0.471	-0.562	3.86859026410223e-09	5.76706860218894e-10	-5.7674475683467e-10
189.143	0.508	-0.527	3.80919945512452e-09	5.67853629894719e-10	-5.67891895631829e-10
190.231	0.705	-0.579	2.93898033492884e-09	4.55105405248207e-10	-4.55134216018567e-10
191.482	0.550	-0.546	3.5814512334861e-09	5.33902282125342e-10	-5.33938277286891e-10
192.713	0.699	-0.681	2.72863447100487e-09	4.39214825565779e-10	-4.39239060133757e-10
194.086	0.689	-0.674	2.8901243135379e-09	4.39074393708567e-10	-4.39101080879535e-10
195.277	0.455	-0.502	4.10258880653218e-09	6.11589684085288e-10	-6.11629308364732e-10
196.288	0.580	-0.555	2.93124465863502e-09	5.32510114842088e-10	-5.3253342067734e-10
197.576	0.772	-0.708	2.64612009804684e-09	3.94468200572985e-10	-3.94494283278702e-10
198.933	0.447	-0.585	3.77806242147387e-09	5.7397325680501e-10	-5.74010741822698e-10
199.995	0.689	-0.615	3.01515734508858e-09	4.58070740252671e-10	-4.58100888273544e-10
201.340	0.518	-0.656	3.43528216014644e-09	5.12113033039155e-10	-5.12148957231051e-10
202.789	0.704	-0.931	2.27881591346935e-09	3.81582404098579e-10	-3.81602545951203e-10
204.006	0.526	-0.513	3.78195523954872e-09	5.74564366360066e-10	-5.74601334505138e-10
205.005	0.493	-0.473	4.05437556434065e-09	6.04402502419392e-10	-6.04441934774507e-10
205.850	0.392	-0.351	5.11982426544705e-09	7.77815290962968e-10	-7.77862058699944e-10
206.687	0.400	-0.445	4.46520255926981e-09	6.91442342890073e-10	-6.91484376379933e-10
207.541	0.403	-0.454	4.4903269735042e-09	6.82181661183746e-10	-6.82224811497891e-10
208.493	0.384	-0.548	4.17852114727572e-09	6.39444218867441e-10	-6.39483520112177e-10
209.287	0.348	-0.41	5.15260891957093e-09	7.68120131319306e-10	-7.6816908926144e-10
209.920	0.361	-0.285	5.94247166807116e-09	9.02794425312875e-10	-9.02850070288913e-10
210.742	0.421	-0.462	4.39825056738799e-09	6.55665235072371e-10	-6.55707552200922e-10
211.548	0.357	-0.385	4.99951761714396e-09	7.89244923223961e-10	-7.89290812155669e-10
212.292	0.287	-0.387	5.73825185635774e-09	8.55425532514762e-10	-8.55483204332544e-10
212.921	0.317	-0.341	5.87648823442415e-09	8.76035913318243e-10	-8.7610068048166e-10
213.581	0.358	-0.343	5.5199412365364e-09	8.22883891010193e-10	-8.22943934536771e-10
214.254	0.367	-0.316	5.58435032890302e-09	8.48389278871594e-10	-8.48445386817162e-10
215.059	0.280	-0.437	5.51326673706374e-09	8.37590601186529e-10	-8.37645459496846e-10
215.590	0.251	-0.251	8.39054072368063e-09	1.23714832913553e-09	-1.23724084085783e-09
216.186	0.286	-0.346	6.62187732139556e-09	1.00601477939877e-09	-1.00608324272032e-09
216.798	0.283	-0.326	6.77585575881524e-09	1.0294067494793e-09	-1.02947680237162e-09
217.350	0.262	-0.27	7.61050767944094e-09	1.13453211975677e-09	-1.13461150450702e-09
217.930	0.349	-0.318	8.56419692770412e-09	1.07330074165881e-09	-1.07340623243732e-09
218.541	0.256	-0.262	7.58207417237398e-09	1.13882909321956e-09	-1.13890545492831e-09
219.141	0.338	-0.344	8.70971397699134e-09	1.05623984459259e-09	-1.05634493390509e-09
219.705	0.277	-0.227	1.1482357086572e-08	1.43901889856572e-09	-1.43916606587168e-09
220.270	0.269	-0.288	1.12076909146716e-08	1.36929167662633e-09	-1.36945007215543e-09
220.809	0.237	-0.27	1.34752225446557e-08	1.63035186547059e-09	-1.63054744554344e-09
221.314	0.234	-0.268	1.53252518664372e-08	1.81833264408864e-09	-1.81857402585258e-09
221.768	0.282	-0.22	1.88563391895707e-08	2.23793692537134e-09	-2.23822280267427e-09
222.428	0.372	-0.379	2.63039909479796e-08	3.23043257949974e-09	-3.21507648539406e-09
223.255	0.406	-0.455	2.29654278389031e-08	2.90260787674391e-09	-2.84037812618754e-09
224.149	0.466	-0.488	2.00475363822643e-08	2.67401606733556e-09	-2.62476780783065e-09
225.078	0.345	-0.463	2.2662323265329e-08	3.07263754212275e-09	-3.00995519773265e-09
225.852	0.341	-0.429	2.36478443635185e-08	3.07555919709612e-09	-2.99040631210379e-09
226.558	0.393	-0.365	2.37124975753498e-08	3.0058865805377e-09	-2.93227817443587e-09
227.227	0.260	-0.276	3.22460022760949e-08	4.09566756167775e-09	-4.03500622700375e-09
227.765	0.233	-0.279	3.33399353760957e-08	4.1989612294756e-09	-4.14050636132118e-09
228.242	0.361	-0.243	2.69499442285276e-08	3.46352561923731e-09	-3.41166381120617e-09
228.891	0.301	-0.287	2.70921654290166e-08	3.44512446748324e-09	-3.3897711301536e-09
229.587	0.358	-0.394	2.09429926551264e-08	2.69436975107587e-09	-2.65002791655718e-09
230.271	0.317	-0.326	2.51122816446877e-08	3.12348380885399e-09	-3.07253024212269e-09
230.829	0.289	-0.241	2.98152712411248e-08	3.79127690219859e-09	-3.73049591811958e-09
231.379	0.325	-0.262	2.65205810280762e-08	3.40990316519922e-09	-3.35594504374919e-09
231.983	0.239	-0.279	3.03956991516582e-08	3.81887478595714e-09	-3.76097711686457e-09
232.631	0.257	-0.408	2.36716474820243e-08	2.97145944891774e-09	-2.92920704143431e-09
233.208	0.411	-0.32	2.1212386770952e-08	2.75258380519337e-09	-2.71555872597447e-09
233.920	0.205	-0.301	3.60632419204792e-08	4.2778372273734e-09	-4.18837378362614e-09
234.377	0.300	-0.253	2.89662431146821e-08	3.6959648232445e-09	-3.62621463975868e-09
234.984	0.232	-0.307	3.07813779392469e-08	3.87542915388574e-09	-3.80946019375038e-09
235.563	0.354	-0.347	2.38367511169548e-08	3.06458676503999e-09	-3.01685866153619e-09
236.336	0.436	-0.418	2.0218341361946e-08	2.60562422603926e-09	-2.55801528739553e-09
237.111	0.353	-0.339	2.48649882341496e-08	3.17067762432951e-09	-3.11327840027103e-09
237.895	0.423	-0.431	1.96220660475563e-08	2.54690801845507e-09	-2.48667463281015e-09
238.759	0.347	-0.441	2.0851522172391e-08	2.72789971901478e-09	-2.64465461993366e-09
239.456	0.413	-0.35	2.14694156344159e-08	2.80779609070269e-09	-2.69547248561351e-09
240.229	0.439	-0.359	2.02127980531008e-08	2.73302052790937e-09	-2.56355207798609e-09
241.133	0.450	-0.465	1.80025709967297e-08	2.27120493558195e-09	-2.20685630765127e-09
241.991	0.491	-0.409	1.7860369070857e-08	2.30416118456538e-09	-2.23913844480487e-09
242.940	0.423	-0.458	1.83464934967164e-08	2.33201500764159e-09	-2.27347054927818e-09
243.851	0.443	-0.488	1.71942332210825e-08	2.18799412608819e-09	-2.15244846713092e-09
244.777	0.467	-0.484	1.71375562122374e-08	2.14252832856509e-09	-2.10564719649875e-09
245.767	0.589	-0.523	1.44306891864756e-08	1.79443022838117e-09	-1.76626889580033e-09
246.779	0.495	-0.423	1.72498822780909e-08	2.16729761182905e-09	-2.13497610373342e-09
248.002	0.585	-0.728	1.20566519458032e-08	1.52810636761224e-09	-1.49359538074045e-09
249.288	0.642	-0.701	1.16812896291378e-08	1.51655541083588e-09	-1.4654408340402e-09
250.659	0.589	-0.729	1.1905371878833e-08	1.59433113203223e-09	-1.49441983319329e-09
251.862	0.345	-0.614	1.0989444812047e-08	1.38605102219461e-09	-1.36200027441627e-09
252.513	0.356	-0.306	8.62055736468538e-09	1.06667999194267e-09	-1.06682280222647e-09
253.155	0.280	-0.286	9.99953241179623e-09	1.25320938026922e-09	-1.25337448995569e-09
253.734	0.240	-0.299	1.05152913999501e-08	1.31785022364057e-09	-1.31802831771251e-09
254.222	0.289	-0.248	1.05356989774364e-08	1.33747850675275e-09	-1.33765572611346e-09
254.828	0.377	-0.317	8.0681224214335e-09	1.01653741785928e-09	-1.01666625770564e-09
255.541	0.317	-0.336	9.04631662654253e-09	1.13373956996725e-09	-1.13388061528308e-09
256.179	0.333	-0.321	8.95261252398099e-09	1.10776372229997e-09	-1.10790801049782e-09
256.783	0.271	-0.27	7.12658395666006e-09	1.08270339354962e-09	-1.0827974873086e-09
257.325	0.268	-0.271	1.05835043604617e-08	1.32639162976502e-09	-1.32655972812101e-09
257.919	0.295	-0.326	9.29527732829798e-09	1.15016395352922e-09	-1.15031320678593e-09
258.447	0.324	-0.233	7.29517644745787e-09	1.0836040039374e-09	-1.0837021130603e-09
259.148	0.287	-0.377	9.0243815431511e-09	1.10819674919029e-09	-1.10834442477486e-09
259.748	0.281	-0.314	6.56475031384938e-09	9.97347617248932e-10	-9.97435583284885e-10
260.279	0.260	-0.251	7.81186122452399e-09	1.15183710077416e-09	-1.15194372782274e-09
260.832	0.217	-0.293	7.68032396847902e-09	1.15359973187677e-09	-1.15369970282932e-09
261.312	0.335	-0.263	6.5789121056431e-09	9.8075741912988e-10	-9.80841631853442e-10
261.913	0.243	-0.266	7.89649883840302e-09	1.18606902356718e-09	-1.18616901149753e-09
262.407	0.257	-0.25	7.48290977131148e-09	1.18129559035289e-09	-1.18138613022901e-09
263.027	0.333	-0.364	5.53689513967723e-09	8.41187116912184e-10	-8.41255031776458e-10
263.707	0.323	-0.346	5.64293233804424e-09	8.738229650142e-10	-8.73890329513768e-10
264.299	0.304	-0.269	6.57488623558544e-09	1.01813828905336e-09	-1.01821578931149e-09
264.904	0.380	-0.301	5.5965783615021e-09	8.50254524866111e-10	-8.50323175233309e-10
265.500	0.312	-0.216	7.5074852844035e-09	1.11918713605458e-09	-1.11928584871357e-09
266.176	0.274	-0.363	6.33796022751243e-09	9.62890434694357e-10	-9.62969786682435e-10
266.773	0.338	-0.324	6.23423436347662e-09	9.29372860002426e-10	-9.29449442054993e-10
267.457	0.344	-0.346	5.88895344370484e-09	8.77898570890067e-10	-8.77969876135253e-10
268.094	0.334	-0.292	6.48420909211261e-09	9.66636912446514e-10	-9.66715596635031e-10
268.795	0.321	-0.367	5.96702085811329e-09	9.0653173094264e-10	-9.06602286626664e-10
269.444	0.291	-0.328	6.79761263281604e-09	1.01335903132961e-09	-1.01344315593863e-09
270.076	0.301	-0.341	6.28757658508212e-09	9.37324765832704e-10	-9.37402190663183e-10
270.688	0.330	-0.31	5.71260003594033e-09	9.19536776792087e-10	-9.1960088308977e-10
271.349	0.408	-0.331	4.87178512693487e-09	7.99749737037151e-10	-7.9980424937626e-10
272.072	0.314	-0.316	5.89227120597785e-09	9.301913912589e-10	-9.30266511338883e-10
272.755	0.231	-0.368	6.50456141318028e-09	9.69678210014515e-10	-9.6976729800294e-10
273.307	0.282	-0.321	6.55912415644693e-09	9.96493067799846e-10	-9.96579736118461e-10
273.868	0.311	-0.279	6.89209600688884e-09	1.0274465258092e-09	-1.02753631388121e-09
274.460	0.258	-0.281	7.28602632072424e-09	1.12826671516545e-09	-1.12836231539808e-09
275.015	0.314	-0.297	6.58291031155094e-09	9.81358328672809e-10	-9.81449325338336e-10
275.663	0.286	-0.334	9.63375366675499e-09	1.18303144234845e-09	-1.18319342650582e-09
276.246	0.295	-0.296	6.89427332356418e-09	1.01654168763737e-09	-1.01663509089482e-09
276.797	0.316	-0.257	6.83440530244598e-09	1.03831352911695e-09	-1.03840113193031e-09
277.371	0.408	-0.258	8.88107808091855e-09	1.08505597250778e-09	-1.08520581314254e-09
278.051	0.242	-0.272	7.71938713835749e-09	1.15078458566494e-09	-1.15089736330198e-09
278.640	0.344	-0.348	8.46077184924114e-09	1.04691163219379e-09	-1.04705602204462e-09
279.229	0.290	-0.244	7.49457960335069e-09	1.11727242774303e-09	-1.11738290924723e-09
279.851	0.372	-0.333	8.51913945385992e-09	1.0408430499451e-09	-1.04099764395939e-09
280.587	0.371	-0.364	8.11309458370352e-09	9.91232355698299e-10	-9.91377153254407e-10
281.283	0.367	-0.325	8.58115999807955e-09	1.04841920262933e-09	-1.04857296185995e-09
281.941	0.236	-0.291	1.13653375705943e-08	1.38858259326402e-09	-1.3887878733792e-09
282.460	0.246	-0.284	7.639992767327e-09	1.14755348173855e-09	-1.14766686633089e-09
283.013	0.304	-0.306	7.67293720143908e-09	1.07777177721825e-09	-1.07789646646741e-09
283.620	0.266	-0.303	1.03617589308045e-08	1.26596091730799e-09	-1.26613636312678e-09
284.143	0.246	-0.256	1.19095057899611e-08	1.44093597996832e-09	-1.44113603407765e-09
284.694	0.333	-0.306	9.04243608466448e-09	1.10476932833019e-09	-1.10492123516115e-09
285.301	0.272	-0.275	1.05799912043381e-08	1.29262167998817e-09	-1.29279821649535e-09
285.835	0.246	-0.262	1.14020029365542e-08	1.39304643040947e-09	-1.3932293859469e-09
286.364	0.325	-0.284	7.5304159930185e-09	1.06404768853098e-09	-1.06415149071753e-09
286.926	0.271	-0.238	1.12425736799547e-08	1.39111231076133e-09	-1.39128875869077e-09
287.539	0.301	-0.341	8.88695684772734e-09	1.09963672291555e-09	-1.09977567339466e-09
288.104	0.280	-0.265	1.03766138979846e-08	1.30045570731324e-09	-1.30061035486322e-09
288.685	0.341	-0.301	9.0184201503075e-09	1.10182304147415e-09	-1.10195714189819e-09
289.366	0.299	-0.34	9.12883901562123e-09	1.11531530526707e-09	-1.11545428954784e-09
289.955	0.313	-0.29	9.69774198945427e-09	1.22131606456598e-09	-1.22147125105766e-09
290.560	0.299	-0.292	1.01671985838989e-08	1.25805668252151e-09	-1.25822779979443e-09
291.105	0.299	-0.246	8.09743536638702e-09	1.15682354949513e-09	-1.15694080806956e-09
291.732	0.331	-0.329	8.70632150176744e-09	1.09113722553736e-09	-1.09128329950525e-09
292.367	0.315	-0.304	9.10683978512273e-09	1.15608783185219e-09	-1.15623893084674e-09
293.018	0.271	-0.336	9.5835714380813e-09	1.18583744752479e-09	-1.18599346416514e-09
293.606	0.373	-0.317	8.62747307141759e-09	1.06753055008558e-09	-1.06766812174632e-09
294.285	0.255	-0.306	7.56927768225088e-09	1.12839812239634e-09	-1.12849721201597e-09
294.883	0.336	-0.344	9.4963991034307e-09	1.17504578670961e-09	-1.17519361779115e-09
295.519	0.292	-0.299	7.0903679456067e-09	1.05700695026268e-09	-1.05710181372274e-09
296.074	0.265	-0.264	7.51913938655256e-09	1.14234178897283e-09	-1.14243868942302e-09
296.614	0.287	-0.276	1.05286819256173e-08	1.30278494131136e-09	-1.30295959895761e-09
297.166	0.270	-0.265	7.30162675309585e-09	1.1306804015569e-09	-1.13077236664758e-09
297.793	0.382	-0.357	7.61404811066587e-09	1.00427266263307e-09	-1.00438639281199e-09
298.426	0.274	-0.251	8.27961705696025e-09	1.23429523947221e-09	-1.23440575360645e-09
298.986	0.254	-0.287	8.34567925159508e-09	1.24414396787233e-09	-1.24425607198228e-09
299.526	0.287	-0.286	8.09191580847022e-09	1.20631448606398e-09	-1.2064250119469e-09
300.091	0.295	-0.277	8.06200499616555e-09	1.20185704607386e-09	-1.20196807696068e-09
300.660	0.244	-0.273	8.47375553552941e-09	1.26323850173249e-09	-1.26335442963872e-09
301.233	0.338	-0.329	9.53673004726314e-09	1.18004210641602e-09	-1.18019812962497e-09
301.891	0.318	-0.32	7.27912982404839e-09	1.08514877344855e-09	-1.08524945947898e-09
302.524	0.301	-0.314	7.67455841999699e-09	1.16595882527432e-09	-1.16606547589156e-09
303.189	0.298	-0.364	6.86385862467944e-09	1.02324517612982e-09	-1.0233462677806e-09
303.738	0.334	-0.251	7.23964305221343e-09	1.12109230786286e-09	-1.12119717647904e-09
304.428	0.383	-0.356	5.74492663408792e-09	8.62909558948187e-10	-8.62996515118787e-10
305.087	0.230	-0.277	7.93529384884834e-09	1.2055779493977e-09	-1.20569737477828e-09
305.714	0.280	-0.396	6.16383316449357e-09	9.1888496314451e-10	-9.18970788543735e-10
306.201	0.321	-0.208	8.48384555369119e-09	1.23753851431448e-09	-1.23765054478938e-09
306.789	0.391	-0.267	6.44367472645924e-09	9.78955101790474e-10	-9.79041973616879e-10
307.526	0.292	-0.345	6.49084770226656e-09	1.02468582628831e-09	-1.02476773548613e-09
308.098	0.288	-0.281	7.96470458091623e-09	1.18735015190019e-09	-1.18745926320577e-09
308.684	0.379	-0.298	7.04931301097433e-09	1.05089255412825e-09	-1.0509955709953e-09
309.353	0.237	-0.29	9.11626063042803e-09	1.41169623716649e-09	-1.41182925634251e-09
309.875	0.273	-0.285	9.04336912327432e-09	1.34815727623144e-09	-1.34828502293063e-09
310.438	0.319	-0.289	8.15420112406758e-09	1.23882443060535e-09	-1.23893322609103e-09
311.002	0.286	-0.246	8.43980323167845e-09	1.30693381250258e-09	-1.30704501564783e-09
311.598	0.318	-0.31	6.62913803874176e-09	1.00713119363153e-09	-1.00722076478803e-09
312.264	0.361	-0.347	5.87157964579853e-09	8.81926771098565e-10	-8.82007519835594e-10
312.980	0.413	-0.356	5.24623081187983e-09	7.97034539469296e-10	-7.97107360074764e-10
313.870	0.360	-0.477	4.80044394976302e-09	7.15633585537811e-10	-7.15699151786521e-10
314.573	0.351	-0.343	5.68350286989434e-09	8.47276393997137e-10	-8.47353594579733e-10
315.238	0.442	-0.314	5.30119962697371e-09	8.05382458659827e-10	-8.05451615882353e-10
316.021	0.338	-0.341	6.69133433991429e-09	9.97520420908009e-10	-9.97610365887366e-10
316.690	0.361	-0.331	7.13141417277847e-09	1.06312490432901e-09	-1.0632184906851e-09
317.439	0.414	-0.388	6.05956196527432e-09	9.03337822997102e-10	-9.03419612322891e-10
318.163	0.413	-0.309	6.6349149404796e-09	9.8911093139894e-10	-9.89203766117714e-10
318.928	0.491	-0.353	5.40158437497292e-09	8.20631591701415e-10	-8.20699621992403e-10
319.816	0.380	-0.397	5.68432505151567e-09	8.47399819231195e-10	-8.47477947074421e-10
320.604	0.429	-0.407	5.32305655982719e-09	7.9354345307451e-10	-7.93616965488138e-10
321.419	0.421	-0.387	5.29299167077214e-09	8.51996251987396e-10	-8.52059393924469e-10
322.382	0.442	-0.542	4.47360015173916e-09	6.66907335745883e-10	-6.6696620810458e-10
323.255	0.372	-0.43	5.34823612230097e-09	7.88584736240476e-10	-7.88660662290822e-10
324.019	0.420	-0.393	4.52205500974235e-09	8.3891663249148e-10	-8.38969274694017e-10
324.906	0.562	-0.467	4.51895118830874e-09	6.99780812184828e-10	-6.99846745041458e-10
325.990	0.423	-0.522	4.87183168737135e-09	7.40153482429691e-10	-7.40220694696949e-10
326.859	0.395	-0.447	4.81686067287132e-09	7.45909801151034e-10	-7.45975333358755e-10
327.610	0.435	-0.355	4.49166787883807e-09	7.67357496742026e-10	-7.67411284992788e-10
328.512	0.488	-0.467	4.56514141733261e-09	6.80556315362852e-10	-6.80619744766808e-10
329.403	0.435	-0.403	5.58617900756294e-09	8.65038836464585e-10	-8.65110977574214e-10
330.263	0.505	-0.426	4.76658903150919e-09	7.38123389335914e-10	-7.38186061553196e-10
331.230	0.396	-0.462	4.90905307347045e-09	7.4580569776852e-10	-7.45869635061282e-10
332.052	0.452	-0.427	5.03254714853206e-09	7.64565794258688e-10	-7.64628763231855e-10
333.158	0.620	-0.654	3.8597705803342e-09	5.75397929263279e-10	-5.75445766134193e-10
334.167	0.325	-0.389	6.54850273184964e-09	1.03378690195435e-09	-1.03386853609656e-09
335.121	0.550	-0.629	3.83838777800053e-09	5.83146738805192e-10	-5.83198735045811e-10
336.289	0.473	-0.618	4.12959539505396e-09	6.15625370305103e-10	-6.15681131392463e-10
337.289	0.467	-0.527	4.74911781506993e-09	7.35418204534306e-10	-7.35481022624037e-10
338.262	0.448	-0.505	5.26908505247152e-09	8.00507500236521e-10	-8.00581623364084e-10
339.351	0.535	-0.641	3.70841438041125e-09	6.20975934656797e-10	-6.21024917288108e-10
340.515	0.482	-0.629	4.03159301591688e-09	6.01017200403397e-10	-6.0107383711268e-10
341.524	0.471	-0.527	4.82887103154889e-09	7.47769049232259e-10	-7.47833898545105e-10
342.630	0.519	-0.636	4.7398024035103e-09	7.20095620279986e-10	-7.2016190639448e-10
343.694	0.590	-0.545	4.85046394635692e-09	7.23090265049189e-10	-7.23156324881207e-10
344.909	0.441	-0.625	4.85403811730924e-09	7.37446985951678e-10	-7.37509430651194e-10
346.127	0.568	-0.777	3.63668443734929e-09	5.42144759069199e-10	-5.42194898106199e-10
347.333	0.550	-0.639	3.07524593929006e-09	5.82736552756396e-10	-5.82769421442008e-10
348.718	0.567	-0.835	2.81065605917933e-09	4.19002994018505e-10	-4.19041307170718e-10
349.994	0.676	-0.708	3.02452144509646e-09	4.59500229509119e-10	-4.59541176864656e-10
351.327	0.718	-0.658	3.33852452597197e-09	4.97694345172111e-10	-4.97738051442561e-10
352.823	0.652	-0.779	2.98446849362545e-09	5.09869508305103e-10	-5.09907985068145e-10
354.671	0.994	-1.196	2.18114945300349e-09	3.37760982378091e-10	-3.37792354862883e-10
356.343	0.544	-0.678	4.08069556695287e-09	6.08340712605853e-10	-6.08402425501278e-10
357.445	0.607	-0.558	4.24035073181832e-09	6.44219351135392e-10	-6.44282193838486e-10
358.757	0.829	-0.704	3.26752524553662e-09	4.8711342080846e-10	-4.87160635704062e-10
360.361	0.870	-0.774	2.96626925347272e-09	4.50649830823616e-10	-4.5068939037817e-10
361.942	0.777	-0.712	3.17456189275129e-09	4.91590348377648e-10	-4.91629362507694e-10
363.509	0.887	-0.789	2.74108604764412e-09	4.16436650850919e-10	-4.16470116828635e-10
365.364	0.948	-0.968	2.31158865246341e-09	3.44601531452987e-10	-3.44630084923232e-10
367.225	0.887	-0.913	2.3397768201928e-09	3.55468038724398e-10	-3.55496373722094e-10
369.051	0.969	-0.94	2.18497472869971e-09	3.25727259907908e-10	-3.25755380387416e-10
370.745	0.863	-0.724	2.81980621711987e-09	4.45152555010478e-10	-4.45188504722292e-10
372.630	0.919	-1.022	2.72291202195744e-09	4.0592332277724e-10	-4.05961759054879e-10
374.792	1.596	-1.243	1.93916969288933e-09	2.89085732061507e-10	-2.89113521244834e-10
377.589	1.071	-1.201	2.30275369148584e-09	3.56590777792436e-10	-3.56622558834086e-10
379.943	1.313	-1.283	2.01333962698795e-09	3.00141758611875e-10	-3.00169344996375e-10
382.514	0.923	-1.258	2.2669247697845e-09	3.51040455043568e-10	-3.51068900479654e-10
385.144	1.320	-1.707	1.63437745522263e-09	2.48301903381152e-10	-2.48323088231809e-10
387.938	1.215	-1.475	1.811264522533e-09	2.75175845745056e-10	-2.75199840303397e-10
390.292	0.980	-1.139	2.371782526942e-09	3.53577324650007e-10	-3.53609815453425e-10
393.547	1.744	-2.275	1.33664594636798e-09	1.99262419169851e-10	-1.99280602176272e-10
396.963	1.522	-1.671	1.66505791125699e-09	2.57839504266763e-10	-2.5786037498278e-10
400.220	1.584	-1.735	1.43864325857383e-09	2.14468572423656e-10	-2.14489121771105e-10
403.605	1.886	-1.8	1.15318358211942e-09	1.71913598682553e-10	-1.71930679967844e-10
407.783	1.743	-2.292	9.76675862790193e-10	1.5418415127717e-10	-1.54196495777383e-10
411.697	1.960	-2.171	1.11149093354177e-09	1.72118251065146e-10	-1.72132805305281e-10
415.382	1.700	-1.725	1.08994914474653e-09	2.04744693796711e-10	-2.04756592783191e-10
419.234	2.020	-2.152	9.2809994101828e-10	1.69451277528147e-10	-1.69461698121251e-10
423.302	1.809	-2.048	9.11381478467829e-10	1.81440450841112e-10	-1.81449873083819e-10
426.779	2.631	-1.668	8.42524189550444e-10	1.53826766324741e-10	-1.53836072721791e-10
432.013	2.316	-2.603	5.14377027218098e-10	1.23295525503467e-10	-1.23299647929313e-10
437.174	1.802	-2.845	5.8584129190575e-10	1.0696205752086e-10	-1.06968635773664e-10
441.054	2.224	-2.078	5.99282575200396e-10	1.19306968615562e-10	-1.1931328834046e-10
445.475	1.575	-2.197	7.18819479958901e-10	1.38979572193336e-10	-1.38987195757772e-10
449.254	2.620	-2.205	5.88117139281405e-10	1.10476575446393e-10	-1.10483049767601e-10

## XRT - xrtpcflux
466.131	7.030	-5.507	2.99942922829428e-10	6.71449677529892e-11	-6.71449677529892e-11
481.658	11.562	-8.497	2.00188660714889e-10	4.37082114683005e-11	-4.37082114683005e-11
506.231	12.061	-13.012	1.54175562667217e-10	3.36981314588632e-11	-3.36981314588632e-11
534.012	11.861	-15.719	1.40226942230213e-10	3.1391084544485e-11	-3.1391084544485e-11
569.680	23.832	-23.807	8.86053318758393e-11	1.98351183106365e-11	-1.98351183106365e-11
633.166	48.102	-39.654	5.36025422042969e-11	1.2006195161918e-11	-1.2006195161918e-11
772.607	79.158	-91.339	2.41262114533451e-11	5.42563242126769e-12	-5.42563242126769e-12
940.046	44.607	-88.28	2.22114283893709e-11	4.8605454569668e-12	-4.8605454569668e-12
1019.075	30.768	-34.422	8.46923322339138e-11	1.85211482019243e-11	-1.85211482019243e-11
1072.989	14.464	-23.146	1.46126802802279e-10	3.27118169811e-11	-3.27118169811e-11
1100.715	11.811	-13.262	1.91206304163736e-10	4.27791347536975e-11	-4.27791347536975e-11
1137.275	17.876	-24.749	9.49599958874559e-11	2.12576653541861e-11	-2.12576653541861e-11
1164.164	8.538	-9.013	2.28430291254233e-10	5.11362159799821e-11	-5.11362159799821e-11
1189.859	15.438	-17.158	1.36060678221915e-10	2.90528916328186e-11	-2.90528916328186e-11
1221.942	15.950	-16.645	1.26449244117706e-10	2.82908491877302e-11	-2.82908491877302e-11
1254.053	8.912	-16.161	1.6355165817133e-10	3.66125363564984e-11	-3.66125363564984e-11
1284.583	15.991	-21.618	1.18922257246338e-10	2.59649002001948e-11	-2.59649002001948e-11
1350.139	50.726	-49.564	7.05232871488318e-11	1.23017424073462e-11	-1.23017424073462e-11
4796.974	115.488	-120.199	7.39635463785709e-12	1.91894089173148e-12	-1.91894089173148e-12
5115.942	247.835	-203.48	3.84560790380447e-12	1.00255494376561e-12	-1.00255494376561e-12
5742.536	175.357	-378.759	3.12328282801044e-12	8.17711140109118e-13	-8.17711140109118e-13
6133.982	282.866	-216.089	3.40990092069562e-12	8.93294497567054e-13	-8.93294497567054e-13
6708.016	440.956	-291.169	2.74595233048072e-12	6.60433812981193e-13	-6.60433812981193e-13
10708.248	331.316	-282.974	2.44929342418786e-12	6.44133563365565e-13	-6.44133563365565e-13
11266.785	161.411	-227.221	3.92801576313315e-12	1.02352844621804e-12	-1.02352844621804e-12
11715.847	223.840	-287.65	2.93828297485322e-12	7.66571266216101e-13	-7.66571266216101e-13
12221.804	184.243	-282.117	3.23166391560531e-12	8.44147013457435e-13	-8.44147013457435e-13
12627.032	267.932	-220.986	3.25028043074254e-12	8.30045046204129e-13	-8.30045046204129e-13
16289.762	198.738	-182.372	4.0868388542626e-12	1.06469154853636e-12	-1.06469154853636e-12
16634.066	370.939	-145.566	3.02625952894064e-12	7.90061417077852e-13	-7.90061417077852e-13
17265.375	188.438	-260.37	3.47462878013169e-12	9.06157174365915e-13	-9.06157174365915e-13
17560.669	138.860	-106.856	6.31176354670418e-12	1.63826615719089e-12	-1.63826615719089e-12
18105.424	534.340	-405.895	2.80523246640351e-12	5.6013101996176e-13	-5.6013101996176e-13
22066.431	223.736	-207.52	4.03552224229766e-12	1.05090608704669e-12	-1.05090608704669e-12
22740.873	324.052	-450.706	2.13705477014265e-12	5.60478171296205e-13	-5.60478171296205e-13
23377.421	219.053	-312.496	3.09286310247763e-12	8.09509202868713e-13	-8.09509202868713e-13
24034.515	351.754	-438.041	3.31523827662493e-12	6.83560433818026e-13	-6.83560433818026e-13
56799.844	332.605	-392.007	1.90062560519462e-12	4.98495104908926e-13	-4.98495104908926e-13
57789.916	957.233	-657.466	1.4044162614049e-12	2.88975511132693e-13	-2.88975511132693e-13
62629.253	478.150	-469.613	1.47171682458973e-12	3.85513398030717e-13	-3.85513398030717e-13
63416.478	322.767	-309.076	2.19849746585338e-12	5.7516610079175e-13	-5.7516610079175e-13
64826.566	3238.180	-1087.321	1.90385362279307e-12	4.14840635485173e-13	-4.14840635485173e-13
117411.691	3375.424	-3620.796	9.65768553337622e-13	2.09426558984721e-13	-2.09426558984721e-13
126122.645	603.434	-828.235	1.24481417850019e-12	2.92310062190827e-13	-2.92310062190827e-13
131942.785	651.715	-451.497	8.82414631220071e-13	4.33421169505675e-13	-3.28997016188055e-13
