READ TERR 1 2
! xrtwtflux
103.443	0.392	-0.468	2.51689246178252e-09	3.83248545608884e-10	-3.83248452975385e-10
104.133	0.309	-0.298	4.14594360659257e-09	6.18041556351703e-10	-6.18041556351703e-10
104.720	0.271	-0.278	5.12941391120864e-09	7.64648699585523e-10	-7.64648699585523e-10
105.283	0.324	-0.292	6.5048062772152e-09	8.68297306332381e-10	-8.68297306332381e-10
105.950	0.272	-0.343	7.86253829079414e-09	9.6056285746863e-10	-9.6056285746863e-10
106.477	0.254	-0.254	9.5901215559466e-09	1.16297446330032e-09	-1.16297446330032e-09
107.021	0.298	-0.289	8.13369333586734e-09	9.93690093083523e-10	-9.93689416967725e-10
107.635	0.314	-0.316	7.29582232305921e-09	8.91327778985337e-10	-8.91327778985337e-10
108.254	0.376	-0.305	6.3879554416913e-09	7.91607393076136e-10	-7.9160677025168e-10
108.890	0.255	-0.26	5.58192702314159e-09	8.05682841681269e-10	-8.05682272520962e-10
109.484	0.386	-0.338	4.95881769060951e-09	6.01345928705628e-10	-6.01345928705628e-10
110.196	0.361	-0.326	3.35720690152633e-09	5.22275096910087e-10	-5.22275096910087e-10
110.813	0.322	-0.257	4.36780180973765e-09	6.65087473046782e-10	-6.65087473046782e-10
111.441	0.269	-0.306	4.58744600998625e-09	6.83856507051241e-10	-6.83856507051241e-10
112.017	0.230	-0.307	4.84005307749946e-09	7.21513168643302e-10	-7.21513168643302e-10
112.588	0.317	-0.341	3.77619793133479e-09	5.87457166306614e-10	-5.87456625380456e-10
113.152	0.313	-0.247	4.62142879760861e-09	6.81393162160041e-10	-6.81393162160041e-10
113.718	0.299	-0.252	4.49645188996346e-09	6.9950556681233e-10	-6.9950556681233e-10
114.325	0.356	-0.308	3.69086177665418e-09	5.50201701704326e-10	-5.50201701704326e-10
115.030	0.313	-0.349	3.48425745894255e-09	5.19403180239259e-10	-5.19402705963425e-10
115.670	0.347	-0.328	3.25468386870864e-09	5.06325851168296e-10	-5.06325851168296e-10
116.320	0.418	-0.303	3.144752940678e-09	4.68792564413199e-10	-4.68792564413199e-10
117.125	0.330	-0.387	3.47973718657555e-09	5.18728922767113e-10	-5.18728922767113e-10
117.794	0.261	-0.34	4.59726922621544e-09	7.15189488766666e-10	-7.15189488766666e-10
118.478	0.359	-0.422	3.9764870098575e-09	6.18615615497989e-10	-6.18615483623422e-10
119.226	0.380	-0.389	3.59900595046454e-09	5.36508684379769e-10	-5.36508627488698e-10
120.124	0.426	-0.519	2.45562335812909e-09	3.66063144105726e-10	-3.66063048680214e-10
120.959	0.429	-0.409	2.48049383196861e-09	3.85886364824982e-10	-3.85886276564858e-10
121.755	0.350	-0.366	2.96720714461237e-09	4.51817931596649e-10	-4.51817931596649e-10
122.660	0.470	-0.555	2.12641890479444e-09	3.16988145768582e-10	-3.16988100950889e-10
123.706	0.534	-0.576	1.97912450019595e-09	2.95030760634938e-10	-2.95030715372242e-10
124.682	0.414	-0.442	2.54041114823698e-09	3.78702540662711e-10	-3.78702449009468e-10
125.581	0.456	-0.485	2.44470081772743e-09	3.64434832666941e-10	-3.64434735667764e-10
126.483	0.404	-0.446	2.86266765473877e-09	4.2674170602208e-10	-4.26741654704765e-10
127.209	0.372	-0.322	3.40783763139228e-09	5.18913406453084e-10	-5.1891290009483e-10
128.141	0.454	-0.56	2.31273780027201e-09	3.44762912914273e-10	-3.44762863475195e-10
129.170	0.445	-0.575	2.27591203239619e-09	3.39273273484536e-10	-3.39273175668693e-10
130.011	0.309	-0.396	3.12431969533964e-09	4.96672762192067e-10	-4.96672762192067e-10
130.811	0.538	-0.492	2.16774365475773e-09	3.23148499487874e-10	-3.23148452416632e-10
131.872	0.435	-0.522	2.19894011058076e-09	3.2779897877201e-10	-3.2779893440496e-10
132.843	0.624	-0.536	1.75863561751023e-09	2.62162148544305e-10	-2.62162105542315e-10
133.985	0.510	-0.518	1.97396546767766e-09	2.94261720914951e-10	-2.94261635336089e-10
135.015	0.549	-0.52	1.92677446115172e-09	2.87226877348583e-10	-2.87226834748426e-10
136.244	0.608	-0.68	1.60605311525634e-09	2.39416504102579e-10	-2.39416461558024e-10
137.514	0.721	-0.661	1.49514231225309e-09	2.22882932366311e-10	-2.22882889861008e-10
138.782	0.453	-0.547	2.05599476590076e-09	3.13067363068576e-10	-3.13067320119972e-10
139.856	0.567	-0.622	1.79883581199566e-09	2.68154917612854e-10	-2.68154873647749e-10
141.042	0.610	-0.619	1.78408015079221e-09	2.65955248888412e-10	-2.659552037822e-10
142.220	0.334	-0.568	2.50141526786924e-09	3.72889366834407e-10	-3.72889274033474e-10
143.120	0.552	-0.565	2.06338395001479e-09	3.07591426061648e-10	-3.07591378649976e-10
144.089	0.522	-0.417	2.50768055887972e-09	3.73823317628041e-10	-3.73823269182728e-10
145.170	0.615	-0.559	2.02203573801003e-09	3.07896421878676e-10	-3.07896372273736e-10
146.311	0.552	-0.526	2.21112593572117e-09	3.29615528432603e-10	-3.2961547940529e-10
147.323	0.500	-0.459	2.44152392826089e-09	3.63961262669298e-10	-3.63961214519485e-10
148.351	0.553	-0.529	2.137000657982e-09	3.18565603722023e-10	-3.18565556181808e-10
149.527	0.416	-0.623	2.1973625448741e-09	3.27563808478219e-10	-3.27563761524774e-10
150.514	0.744	-0.571	1.69673256441029e-09	2.52934251098984e-10	-2.52934205220329e-10
152.060	0.678	-0.802	1.42306807398661e-09	2.16691304036759e-10	-2.16691260027211e-10
153.662	0.660	-0.924	1.31640978592421e-09	1.96238992482742e-10	-1.96238992482742e-10
154.939	0.657	-0.617	1.54881197373779e-09	2.46214474252799e-10	-2.4621443167999e-10
156.592	1.024	-0.997	9.66364102352425e-10	1.50335682840986e-10	-1.50335640643154e-10
158.633	0.845	-1.016	1.07618524439516e-09	1.60428406023477e-10	-1.60428406023477e-10
160.275	0.897	-0.797	1.16731792839533e-09	1.77748083192919e-10	-1.7774804081611e-10
162.276	1.043	-1.105	9.24073409870701e-10	1.40709148393737e-10	-1.40709105861923e-10
164.438	1.076	-1.12	9.08091750970312e-10	1.38275565176231e-10	-1.38275565176231e-10
166.498	0.987	-0.984	1.03193620124055e-09	1.53832141939879e-10	-1.5383209902024e-10
168.309	0.772	-0.824	1.41112035401289e-09	2.1035764051398e-10	-2.1035764051398e-10
169.635	0.464	-0.554	2.47476618953454e-09	3.68916776847694e-10	-3.68916723708784e-10
170.365	0.282	-0.266	4.88887938493326e-09	7.28791775807952e-10	-7.28791775807952e-10
170.923	0.323	-0.276	4.69093163449146e-09	6.99283620711949e-10	-6.99283620711949e-10
171.533	0.286	-0.286	5.17670785292401e-09	7.7169908144806e-10	-7.71698455711433e-10
172.114	0.306	-0.295	4.85840353366429e-09	7.24249037863586e-10	-7.24248421421618e-10
172.698	0.302	-0.278	4.55368575000507e-09	7.08409779078316e-10	-7.08409203831314e-10
173.265	0.283	-0.265	4.65329859776057e-09	6.93673436557228e-10	-6.93673436557228e-10
173.801	0.261	-0.253	5.31681221664888e-09	7.91462500917626e-10	-7.91462500917626e-10
174.391	0.312	-0.328	4.38994121458511e-09	6.54414340757623e-10	-6.54414340757623e-10
174.970	0.254	-0.267	5.3624110460789e-09	7.99381623489715e-10	-7.99381623489715e-10
175.520	0.304	-0.296	4.21483143525721e-09	6.41794435045857e-10	-6.41794435045857e-10
176.157	0.328	-0.333	3.52643629420942e-09	5.25690496051995e-10	-5.25690496051995e-10
176.849	0.283	-0.364	3.51867922480874e-09	5.24534352966905e-10	-5.24534352966905e-10
177.474	0.417	-0.342	2.89678496206894e-09	4.41094943281392e-10	-4.41094848943042e-10
178.278	0.455	-0.387	2.8525478306719e-09	4.25233157695043e-10	-4.25233056398079e-10
179.110	0.340	-0.377	3.65706992192831e-09	5.50522334891472e-10	-5.50522334891472e-10
179.768	0.358	-0.318	3.7266429230359e-09	5.55535930660929e-10	-5.55535399080663e-10
180.466	0.262	-0.34	3.89921183818118e-09	5.81260972159393e-10	-5.81260477432994e-10
181.083	0.342	-0.355	3.27137582160459e-09	4.87668452115395e-10	-4.87668452115395e-10
181.831	0.407	-0.406	2.83509598855974e-09	4.22631645523999e-10	-4.22631548250616e-10
182.621	0.385	-0.384	2.99595261864457e-09	4.56195219754875e-10	-4.56195121043818e-10
183.336	0.304	-0.329	3.76076189791405e-09	5.60621969077606e-10	-5.60621969077606e-10
183.954	0.284	-0.314	3.99093197738603e-09	6.07701503337131e-10	-6.07700991974334e-10
184.635	0.275	-0.398	3.64126725775574e-09	5.54457836118702e-10	-5.54457311247339e-10
185.180	0.250	-0.27	4.88915898332068e-09	7.28833848852994e-10	-7.28833312951269e-10
185.795	0.264	-0.366	4.24106789990851e-09	6.32221600132614e-10	-6.32221600132614e-10
186.281	0.287	-0.222	5.58783164613634e-09	8.23881564497705e-10	-8.23881564497705e-10
186.836	0.251	-0.268	5.31617973724451e-09	7.83828862500827e-10	-7.83828862500827e-10
187.362	0.288	-0.275	5.08554976260543e-09	7.05239520170391e-10	-7.05239520170391e-10
187.932	0.257	-0.282	4.17941093298621e-09	6.23030598983448e-10	-6.23030598983448e-10
188.509	0.325	-0.32	5.63742705994199e-09	7.08680543711149e-10	-7.08680543711149e-10
189.108	0.246	-0.274	5.34949952883337e-09	7.97456961363203e-10	-7.97456961363203e-10
189.660	0.225	-0.305	5.22823490249613e-09	7.79379926989031e-10	-7.79379926989031e-10
190.141	0.247	-0.257	5.22513574116034e-09	7.7891808431029e-10	-7.7891808431029e-10
190.694	0.258	-0.306	4.45789317151054e-09	6.64544193789545e-10	-6.64544193789545e-10
191.219	0.244	-0.267	5.14186845705407e-09	7.58127732838853e-10	-7.58127732838853e-10
191.806	0.376	-0.343	3.60218255321357e-09	5.48506242251677e-10	-5.48506131263476e-10
192.510	0.332	-0.328	5.65354857393311e-09	7.00598238064185e-10	-7.00598238064185e-10
193.240	0.350	-0.399	3.02400569334292e-09	4.70439687299471e-10	-4.70439588637226e-10
193.878	0.221	-0.288	4.37669064017255e-09	6.52439401971338e-10	-6.52438932122315e-10
194.404	0.317	-0.304	5.23115428523449e-09	6.39088626160591e-10	-6.39088165896523e-10
195.003	0.227	-0.283	4.84996590232822e-09	7.00032987583472e-10	-7.00032987583472e-10
195.497	0.260	-0.266	4.79240461879837e-09	7.14410493316584e-10	-7.14409960840021e-10
196.038	0.324	-0.281	6.74331454132259e-09	8.23828303691838e-10	-8.23828303691838e-10
196.623	0.303	-0.261	7.3995603241638e-09	9.30198529253255e-10	-9.30198529253255e-10
197.250	0.317	-0.324	6.90306939534542e-09	8.55441040157313e-10	-8.55440406984123e-10
197.804	0.295	-0.237	6.04155345855435e-09	8.54405995773656e-10	-8.54405385509813e-10
198.419	0.334	-0.32	6.25591845423913e-09	7.64283101396536e-10	-7.64283101396536e-10
199.043	0.221	-0.29	8.18925065569987e-09	9.78804475065862e-10	-9.78803907918496e-10
199.517	0.273	-0.253	7.5578686471086e-09	9.3658504606438e-10	-9.3658504606438e-10
200.086	0.324	-0.295	6.39838162864017e-09	8.04340223337237e-10	-8.04339649931562e-10
200.669	0.255	-0.259	7.44485130416618e-09	9.22579728505492e-10	-9.22579180309582e-10
201.178	0.253	-0.254	5.25278578643455e-09	7.58175166729757e-10	-7.58175166729757e-10
201.736	0.294	-0.305	6.23503115391709e-09	7.61061446551414e-10	-7.61061446551414e-10
202.263	0.287	-0.232	5.08909399676745e-09	7.42321375267878e-10	-7.42321375267878e-10
202.802	0.365	-0.252	5.43493578956199e-09	7.13642902220959e-10	-7.13642902220959e-10
203.512	0.323	-0.344	5.94220058504584e-09	7.46993761540098e-10	-7.46993187705513e-10
204.097	0.244	-0.263	5.80285611782064e-09	8.37571391729251e-10	-8.37570809748621e-10
204.611	0.238	-0.269	5.27144070178267e-09	7.60867534939187e-10	-7.60867534939187e-10
205.134	0.280	-0.286	5.9142292186117e-09	7.43477196977026e-10	-7.43477196977026e-10
205.658	0.276	-0.243	4.19491722714772e-09	6.38762341251316e-10	-6.38761874151105e-10
206.185	0.251	-0.251	4.18865340528405e-09	6.37808295352736e-10	-6.37808295352736e-10
206.735	0.358	-0.299	4.93557536751119e-09	6.02977209000213e-10	-6.02977209000213e-10
207.352	0.276	-0.26	4.1966947076772e-09	6.2560698580356e-10	-6.2560698580356e-10
207.861	0.297	-0.234	4.25823312510095e-09	6.34780842276772e-10	-6.34780365950596e-10
208.401	0.264	-0.243	4.59830459330283e-09	6.70732310971902e-10	-6.70732310971902e-10
208.996	0.353	-0.332	3.28972151321064e-09	4.90403084396338e-10	-4.90403084396338e-10
209.645	0.228	-0.295	4.43189823207519e-09	6.60669191931041e-10	-6.60669191931041e-10
210.220	0.275	-0.347	3.79130448851056e-09	5.65174883048924e-10	-5.65174883048924e-10
210.777	0.311	-0.282	4.02916698107406e-09	6.00633411756213e-10	-6.00633411756213e-10
211.397	0.354	-0.309	3.56841972784452e-09	5.31949268012531e-10	-5.31949268012531e-10
212.058	0.336	-0.306	3.54763692328313e-09	5.34049069991092e-10	-5.34048592400832e-10
212.743	0.275	-0.349	3.43566495116539e-09	5.23150715676349e-10	-5.23150255833973e-10
213.374	0.267	-0.355	3.39443922712797e-09	5.16872955929859e-10	-5.16872955929859e-10
214.014	0.335	-0.373	2.94441955481634e-09	4.48348185119937e-10	-4.48348185119937e-10
214.787	0.503	-0.438	2.27169026059009e-09	3.38643974835727e-10	-3.38643929726796e-10
215.693	0.325	-0.403	2.87770622612831e-09	4.47680095944356e-10	-4.4768000473279e-10
216.274	0.297	-0.256	3.89283058190285e-09	5.80309559104815e-10	-5.80309559104815e-10
216.909	0.381	-0.338	2.93736147993484e-09	4.47273551842749e-10	-4.47273461337527e-10
217.625	0.306	-0.334	3.32044806008138e-09	4.94983882706418e-10	-4.94983434003951e-10
218.424	0.451	-0.493	2.22637914510249e-09	3.31889369455828e-10	-3.31889280702778e-10
219.274	0.380	-0.399	2.69146394671227e-09	4.01220207933187e-10	-4.01220119432003e-10
219.979	0.345	-0.324	3.16258619058207e-09	4.71450937086553e-10	-4.71450937086553e-10
220.754	0.333	-0.431	2.83549274881306e-09	4.22690742407062e-10	-4.22690653246049e-10
221.553	0.439	-0.466	2.35748020655025e-09	3.5143276888718e-10	-3.51432680933217e-10
222.362	0.374	-0.37	2.89442834886937e-09	4.26760660735071e-10	-4.2676057398228e-10
223.044	0.272	-0.308	3.62646150990986e-09	5.40601604238378e-10	-5.40601604238378e-10
223.662	0.322	-0.346	3.1525997051235e-09	4.69962363774995e-10	-4.69962363774995e-10
224.481	0.456	-0.498	2.3001075493186e-09	3.42880219876086e-10	-3.42880129511077e-10
225.320	0.460	-0.383	2.72142957071888e-09	4.32625332241031e-10	-4.32625282639502e-10
226.150	0.362	-0.37	3.47563964631278e-09	5.29237465841802e-10	-5.29237306289859e-10
226.923	0.364	-0.412	3.11856683195653e-09	4.64889060358578e-10	-4.64888960696201e-10
227.689	0.388	-0.402	2.87163983907528e-09	4.28079283799746e-10	-4.28079190344733e-10
228.496	0.409	-0.419	2.64417054699144e-09	3.94170133380049e-10	-3.94170043257786e-10
229.322	0.386	-0.418	2.6269650315345e-09	3.91605253102139e-10	-3.91605166069553e-10
230.171	0.382	-0.463	2.46898418937861e-09	3.68054839393681e-10	-3.68054753433702e-10
230.857	0.382	-0.303	2.97197902316598e-09	4.52544799172141e-10	-4.52544799172141e-10
231.680	0.381	-0.441	2.4809792970454e-09	3.69842964847897e-10	-3.69842878797691e-10
232.633	0.596	-0.573	1.6454715308874e-09	2.67356630905218e-10	-2.67356587617472e-10
233.634	0.476	-0.405	2.34459566897876e-09	3.49512078145606e-10	-3.49511991017253e-10
234.621	0.439	-0.511	2.16698133796765e-09	3.23034912895858e-10	-3.23034826024514e-10
235.662	0.702	-0.602	1.56898017758048e-09	2.33889993502782e-10	-2.33889950333988e-10
236.831	0.492	-0.467	2.11657040304184e-09	3.15520043868835e-10	-3.15519958222612e-10
237.886	0.570	-0.563	1.77469838181864e-09	2.64556701303953e-10	-2.64556658869297e-10
239.027	0.511	-0.571	1.81240069725604e-09	2.75975247163838e-10	-2.75975163123022e-10
240.207	0.758	-0.669	1.39023841939098e-09	2.07244719853843e-10	-2.07244678002084e-10
241.412	0.404	-0.447	2.33242814177789e-09	3.47698216688324e-10	-3.476981748275e-10
242.402	0.692	-0.587	1.5500819179702e-09	2.31072815801092e-10	-2.31072773932853e-10
243.863	0.694	-0.768	1.35617667561337e-09	2.02167074028799e-10	-2.02167032150491e-10
245.271	0.708	-0.714	1.37370309800765e-09	2.09174523222436e-10	-2.09174481335357e-10
246.840	1.159	-0.862	9.81750855181603e-10	1.46350954002565e-10	-1.4635091210577e-10
248.841	0.810	-0.841	1.18391930591245e-09	1.80276024844972e-10	-1.80275982916005e-10
250.254	1.021	-0.604	1.22377123632439e-09	1.82429289657234e-10	-1.82429247684315e-10
252.296	0.990	-1.021	9.90682798151885e-10	1.47682460107417e-10	-1.47682418071337e-10
253.986	0.662	-0.7	1.46317431184046e-09	2.18117408496545e-10	-2.18117366425785e-10
255.624	0.938	-0.976	1.0400510880395e-09	1.5504182409897e-10	-1.5504182409897e-10
257.341	0.878	-0.778	1.2001184492521e-09	1.78903293137124e-10	-1.78903251197025e-10
259.293	1.127	-1.074	8.87537682095132e-10	1.35145847151644e-10	-1.351458052866e-10
261.367	0.812	-0.947	1.11193487666586e-09	1.69314934487381e-10	-1.69314892552625e-10
263.387	1.210	-1.208	7.97825074671986e-10	1.24116383184871e-10	-1.24116341172076e-10
265.798	1.011	-1.201	9.02467438366819e-10	1.34532076981766e-10	-1.34532034874555e-10
267.966	1.346	-1.157	7.99144946049038e-10	1.19129630989912e-10	-1.19129630989912e-10
270.999	1.519	-1.687	6.26007918105732e-10	9.33198730840376e-11	-9.33198730840376e-11
273.803	1.371	-1.285	7.57820301926847e-10	1.12969278805773e-10	-1.12969278805773e-10
277.031	1.835	-1.857	5.21694226368863e-10	8.29336428669628e-11	-8.29336428669628e-11
280.711	2.008	-1.845	5.1845667252913e-10	7.89456523888725e-11	-7.89456095670129e-11
284.654	1.790	-1.935	5.51841361518455e-10	8.22637668751897e-11	-8.226372409543e-11
288.580	1.901	-2.136	5.09044233130312e-10	7.58838988341253e-11	-7.58838988341253e-11
292.707	2.475	-2.225	4.13077247175606e-10	6.5666834192008e-11	-6.5666834192008e-11
297.319	2.160	-2.137	4.55298985005025e-10	6.93285985014416e-11	-6.93285985014416e-11
302.041	2.376	-2.563	2.67808804621378e-10	4.88949896901508e-11	-4.88949896901508e-11
306.520	1.982	-2.103	4.84478107398341e-10	7.37717663657349e-11	-7.37717239476171e-11
310.531	2.493	-2.029	4.36068159623702e-10	6.78384134249801e-11	-6.78384134249801e-11
315.216	2.000	-2.191	4.92737786279839e-10	7.34530949283104e-11	-7.34530513520032e-11
319.232	2.029	-2.015	5.04836009442574e-10	7.52565659571289e-11	-7.52565659571289e-11
322.883	1.544	-1.622	4.24761971190749e-10	7.75506259368391e-11	-7.75506259368391e-11
326.627	1.869	-2.2	4.9004845102576e-10	7.3052188077037e-11	-7.3052188077037e-11
329.936	1.622	-1.44	6.41585828467308e-10	9.76946411166157e-11	-9.76945990117023e-11
333.224	1.556	-1.666	6.26030150327349e-10	9.33231804772652e-11	-9.33231804772652e-11
336.475	1.290	-1.695	6.82738017092251e-10	1.01776728015561e-10	-1.0177668501237e-10
339.398	1.590	-1.632	6.38509430885487e-10	9.518347844932e-11	-9.518347844932e-11
342.761	2.065	-1.774	5.29983241409523e-10	8.07008745115005e-11	-8.07008308986238e-11
346.220	1.397	-1.393	7.43720167350963e-10	1.10867384562166e-10	-1.10867340788403e-10
349.653	1.742	-2.037	5.5103707572953e-10	8.21438583115878e-11	-8.21438583115878e-11
353.204	1.561	-1.809	6.20244617923174e-10	9.24606948467677e-11	-9.24606948467677e-11
356.422	1.160	-1.657	7.17714847034641e-10	1.09286806962038e-10	-1.09286763637702e-10
358.541	0.761	-0.959	1.17802341046691e-09	1.75609571084507e-10	-1.75609528324897e-10
360.143	0.739	-0.841	1.25038084211337e-09	1.9039615368678e-10	-1.90396111347045e-10
361.428	0.564	-0.547	1.80154863637681e-09	2.68559325392114e-10	-2.68559283194945e-10
362.781	0.547	-0.789	1.50695960106542e-09	2.24644552683074e-10	-2.24644510202731e-10
363.780	0.557	-0.452	2.00581273091034e-09	2.99009261115982e-10	-2.99009175736053e-10
364.845	0.581	-0.508	1.82334898222381e-09	2.77642310805615e-10	-2.77642225701733e-10
365.958	0.585	-0.532	1.76345731097783e-09	2.68522561322081e-10	-2.68522476861835e-10
366.993	0.441	-0.45	2.1261831541895e-09	3.37999087221831e-10	-3.37999045269268e-10
367.891	0.454	-0.457	2.16172190850197e-09	3.29166558877196e-10	-3.29166474467561e-10
368.759	0.435	-0.414	2.42354369040159e-09	3.57332441194533e-10	-3.57332356295538e-10
369.753	0.331	-0.559	2.2370326172867e-09	3.40634146755481e-10	-3.4063406145008e-10
370.514	0.417	-0.431	2.34629091971988e-09	3.57270987309748e-10	-3.57270901955052e-10
371.365	0.501	-0.433	2.065323568179e-09	3.28324248554484e-10	-3.28324205849616e-10
372.423	0.365	-0.557	2.28023289928084e-09	3.39917422237082e-10	-3.39917333562166e-10
373.200	0.390	-0.413	2.72098154264686e-09	4.05620429156108e-10	-4.05620337028671e-10
374.022	0.567	-0.432	2.19143317345359e-09	3.26679961083773e-10	-3.26679868624071e-10
374.999	0.300	-0.41	2.80696966836032e-09	4.46223606218354e-10	-4.46223606218354e-10
375.810	0.496	-0.511	1.99702531829545e-09	2.97699313322532e-10	-2.97699228464638e-10
376.816	0.405	-0.51	2.1735008880597e-09	3.24006736896675e-10	-3.24006653024856e-10
377.615	0.483	-0.394	2.26565393987371e-09	3.37744108525542e-10	-3.37744024671473e-10
378.466	0.467	-0.367	2.38102599094335e-09	3.54942807877002e-10	-3.54942724041793e-10
379.278	0.373	-0.346	2.6843552386484e-09	4.17600787012727e-10	-4.17600702967412e-10
380.152	0.460	-0.501	2.01548555801589e-09	3.1354583703551e-10	-3.1354575268976e-10
381.031	0.452	-0.419	2.30111207253903e-09	3.43029907175632e-10	-3.43029822527344e-10
381.952	0.461	-0.468	2.16517176037616e-09	3.22765097239053e-10	-3.22765012390051e-10
382.821	0.412	-0.408	2.45711844369126e-09	3.66285980726818e-10	-3.66285895690265e-10
383.612	0.406	-0.379	2.56992510491622e-09	3.83102254718303e-10	-3.83102169636179e-10
384.691	0.596	-0.674	1.58207489208226e-09	2.35842070259894e-10	-2.35841985457241e-10
385.788	0.457	-0.501	2.05991422685975e-09	3.13664231596144e-10	-3.13664147075885e-10
386.734	0.587	-0.489	1.85765302922458e-09	2.76922851913022e-10	-2.76922809726741e-10
387.900	0.648	-0.579	1.60058302418791e-09	2.43721644978163e-10	-2.43721560751004e-10
389.124	0.674	-0.575	1.59531675906568e-09	2.37816044675102e-10	-2.3781600263747e-10
390.551	0.691	-0.754	1.33430607628564e-09	2.07575819117458e-10	-2.07575777135123e-10
391.753	0.499	-0.511	1.96693879724486e-09	2.9321425564221e-10	-2.93214213706221e-10
392.739	0.441	-0.486	2.14247913540337e-09	3.19382310292483e-10	-3.19382226491543e-10
393.704	0.443	-0.525	2.05133672012153e-09	3.05795584672816e-10	-3.05795542783813e-10
394.775	0.524	-0.627	1.72424795121168e-09	2.57035968123649e-10	-2.57035926247337e-10
395.875	0.439	-0.577	1.95313855415621e-09	2.91157033929547e-10	-2.91156950202911e-10
396.840	0.452	-0.525	2.03307242288412e-09	3.0307291946213e-10	-3.03072835668028e-10
398.131	0.852	-0.84	1.15662520001503e-09	1.76119942632328e-10	-1.76119900687213e-10
399.828	0.664	-0.845	1.27841942059971e-09	1.98881654384153e-10	-1.98881612376014e-10
401.120	0.715	-0.629	1.45896390356136e-09	2.2215715218938e-10	-2.22157110181319e-10
402.372	0.485	-0.537	1.91698694066166e-09	2.91900608295812e-10	-2.91900524308736e-10
403.554	0.779	-0.697	1.34631885850132e-09	2.00697626193111e-10	-2.00697584213238e-10
404.955	0.547	-0.622	1.69987015617198e-09	2.5340200489712e-10	-2.53401920984698e-10
406.199	0.525	-0.697	1.6244949328815e-09	2.42165690449769e-10	-2.42165648523489e-10
407.772	1.260	-1.048	8.59690936248142e-10	1.28155306657639e-10	-1.28155306657639e-10
409.683	0.749	-0.651	1.41886488371438e-09	2.11512128029194e-10	-2.1151208607929e-10
411.198	0.800	-0.766	1.25630929180595e-09	1.91298829656712e-10	-1.91298787464348e-10
412.727	0.801	-0.729	1.33850783063057e-09	1.99533199260698e-10	-1.99533156823124e-10
414.451	1.085	-0.923	1.03319608948339e-09	1.54019956520914e-10	-1.54019913806245e-10
416.390	0.998	-0.854	1.11838289211642e-09	1.66718851036463e-10	-1.66718808404327e-10
418.577	1.223	-1.189	8.54301439539492e-10	1.27351854727762e-10	-1.27351854727762e-10
420.557	0.637	-0.756	1.44981724486663e-09	2.20764408771005e-10	-2.20764366541087e-10
422.111	1.106	-0.917	1.01250198388635e-09	1.50935067978033e-10	-1.50935067978033e-10
424.246	1.184	-1.03	9.057124184433e-10	1.37913302203158e-10	-1.3791325923804e-10
426.673	1.269	-1.243	8.13790679882148e-10	1.23916314761901e-10	-1.23916270943491e-10
428.901	0.653	-0.959	1.31178125856886e-09	1.95548983982347e-10	-1.95548939370082e-10
431.038	1.626	-1.484	6.78129571101157e-10	1.0325913831471e-10	-1.0325913831471e-10
433.925	1.627	-1.261	7.0261602383495e-10	1.11694740965064e-10	-1.11694740965064e-10
437.180	1.333	-1.629	6.91120812157522e-10	1.07516574813451e-10	-1.07516530224983e-10
440.369	1.939	-1.856	5.44355883834295e-10	8.28893807072487e-11	-8.28893364308384e-11
443.710	1.539	-1.402	7.08319486275103e-10	1.05590176043228e-10	-1.05590132093817e-10
446.987	1.893	-1.738	5.60457962789628e-10	8.53412510819114e-11	-8.53412510819114e-11
451.076	1.836	-2.195	5.00125557934707e-10	7.61544091919225e-11	-7.61544091919225e-11
454.079	1.333	-1.166	8.13882185231129e-10	1.21326554471899e-10	-1.21326511549744e-10
457.300	1.366	-1.888	6.18857260621506e-10	9.22539098234868e-11	-9.22539098234868e-11
460.215	1.416	-1.55	6.72700025403381e-10	1.00280299246212e-10	-1.00280257153053e-10
463.277	1.673	-1.645	5.88900207370361e-10	8.96721252223337e-11	-8.96720833412926e-11
467.031	1.843	-2.081	5.06300028851546e-10	7.5474823727695e-11	-7.5474823727695e-11
470.724	1.945	-1.85	5.24417338637555e-10	7.8175631161536e-11	-7.81755891741559e-11
474.573	1.445	-1.903	3.88008014646972e-10	7.31381407565267e-11	-7.31381407565267e-11
477.973	2.409	-1.955	4.58356854105148e-10	6.83278981345144e-11	-6.83278981345144e-11
482.206	1.426	-1.824	6.1609289745786e-10	9.18417893559053e-11	-9.18417893559053e-11
485.156	1.235	-1.524	7.396436486842e-10	1.09054655674689e-10	-1.09054655674689e-10
488.183	1.839	-1.791	5.48448405865638e-10	8.17579170445538e-11	-8.17579170445538e-11
491.773	2.261	-1.752	4.88558859462131e-10	7.4393114389588e-11	-7.43930723600548e-11
496.300	2.067	-2.265	4.63306756044147e-10	6.90658132992576e-11	-6.90657709525593e-11
500.439	1.828	-2.072	5.18183627688005e-10	7.72463090783493e-11	-7.72463090783493e-11
504.495	2.225	-2.228	4.5446801965013e-10	6.77481858579923e-11	-6.77481858579923e-11
508.817	1.342	-2.097	4.16276824454509e-10	7.58226862703972e-11	-7.58226862703972e-11
511.673	1.901	-1.514	5.99538377201421e-10	9.12919858984742e-11	-9.12919858984742e-11
515.493	1.797	-1.92	5.56395161770201e-10	8.29425578036425e-11	-8.29425578036425e-11
519.528	1.871	-2.238	3.27773910015879e-10	5.98431122923652e-11	-5.98431122923652e-11
523.162	1.675	-1.762	3.85132820779518e-10	7.03153685472279e-11	-7.03153685472279e-11
526.412	1.759	-1.575	4.00525624045865e-10	7.41930785943987e-11	-7.41930367457815e-11
529.786	1.973	-1.615	3.72098934018564e-10	6.89273313946913e-11	-6.89272895493887e-11
533.635	1.405	-1.876	3.93549138006444e-10	7.4182663833985e-11	-7.41826219917379e-11
536.429	1.890	-1.389	4.05890374074511e-10	7.41051671045741e-11	-7.41051249855811e-11
540.416	1.230	-2.097	3.94309709825177e-10	7.43259954752646e-11	-7.43259954752646e-11
543.514	2.505	-1.868	3.09411557187977e-10	5.64906130889753e-11	-5.64906130889753e-11
548.186	1.377	-2.167	3.82934493343745e-10	6.99139903926509e-11	-6.99139903926509e-11
551.365	1.670	-1.802	3.89252603474717e-10	7.10675179243558e-11	-7.10675179243558e-11
555.164	2.197	-2.128	2.96508109190136e-10	5.77293750350676e-11	-5.77293750350676e-11
559.515	1.829	-2.154	3.36447604160964e-10	6.1426704668463e-11	-6.1426704668463e-11
563.395	2.196	-2.051	3.08503396746843e-10	5.81518280022925e-11	-5.81518280022925e-11
567.692	2.407	-2.101	2.90938862630416e-10	5.48409760386909e-11	-5.48409335310514e-11
571.817	2.605	-1.718	3.11018442015128e-10	5.6783968410844e-11	-5.6783968410844e-11
576.867	2.043	-2.444	2.91297087155507e-10	5.49084950912887e-11	-5.49084950912887e-11
581.158	1.935	-2.248	3.11135001278356e-10	5.86478665999635e-11	-5.86478665999635e-11
585.007	2.167	-1.914	3.25267165561205e-10	5.93854512835098e-11	-5.93854092705751e-11
589.266	2.375	-2.093	2.89646253403214e-10	5.45973268659134e-11	-5.4597284931291e-11
593.631	1.962	-1.99	3.38994739258203e-10	6.18917166080968e-11	-6.18917166080968e-11
597.664	1.905	-2.071	3.41080509050022e-10	6.22725562655847e-11	-6.22725562655847e-11
602.480	2.668	-2.912	2.41689157900837e-10	4.4126245969424e-11	-4.41262041333675e-11
608.041	2.812	-2.893	2.20940625619381e-10	4.30165659960285e-11	-4.30165659960285e-11
NO NO NO NO NO NO
! xrtpcflux
3816.223	42.037	-67.159	7.44997594679371e-11	1.60985709849605e-11	-1.60985709849605e-11
3884.668	23.738	-26.409	5.83100332686789e-11	1.22564200009694e-11	-1.22564200009694e-11
3931.960	26.592	-23.554	5.57114995651911e-11	1.2264585593239e-11	-1.2264585593239e-11
3997.972	25.770	-39.42	4.48974236296287e-11	9.95421291410558e-12	-9.95421291410558e-12
4050.040	21.341	-26.298	5.98276358453587e-11	1.34024997889144e-11	-1.34024997889144e-11
4101.707	37.371	-30.326	4.44650864634354e-11	9.80606293991614e-12	-9.80606293991614e-12
4165.506	18.704	-26.428	6.13006427993934e-11	1.37578143220195e-11	-1.37578143220195e-11
4231.161	35.790	-46.951	3.2136946712475e-11	7.2661622555381e-12	-7.2661622555381e-12
4291.347	20.736	-24.396	6.09819981713074e-11	1.33776158614174e-11	-1.33776158614174e-11
4346.746	17.991	-34.663	5.12258549986741e-11	1.12176736034336e-11	-1.12176736034336e-11
4388.400	26.483	-23.664	5.03583083181984e-11	1.13228959365025e-11	-1.13228959365025e-11
4447.945	27.113	-33.062	4.20938164208762e-11	9.49976054913255e-12	-9.49976054913255e-12
4498.733	21.457	-23.674	5.77106382063362e-11	1.29521035349954e-11	-1.29521035349954e-11
4544.232	21.090	-24.042	6.05144699419789e-11	1.32285009456318e-11	-1.32285009456318e-11
4590.117	25.351	-24.795	5.19575305541206e-11	1.16824766947721e-11	-1.16824766947721e-11
4652.619	30.547	-37.151	4.01886649430937e-11	8.86296483337442e-12	-8.86296483337442e-12
4710.333	38.023	-27.167	3.97937433423102e-11	8.91453616512802e-12	-8.91453616512802e-12
4770.368	20.612	-22.012	6.15495738224252e-11	1.3454773959708e-11	-1.3454773959708e-11
4819.781	28.867	-28.801	4.37275565387284e-11	9.81385288093812e-12	-9.81385288093812e-12
4873.835	17.438	-25.186	5.99117363136902e-11	1.34958924802118e-11	-1.34958924802118e-11
4915.070	31.364	-23.797	4.69876321235053e-11	1.05650066301543e-11	-1.05650066301543e-11
4974.358	32.252	-27.924	4.90180162992381e-11	1.10012035493432e-11	-1.10012035493432e-11
5027.655	21.579	-21.045	8.08563347038284e-11	1.8080020276302e-11	-1.8080020276302e-11
5073.161	23.711	-23.928	7.37271967830701e-11	1.65773106126921e-11	-1.65773106126921e-11
5124.488	30.054	-27.615	5.51370674672117e-11	1.21167308331305e-11	-1.21167308331305e-11
5180.614	21.566	-26.073	5.77232047684801e-11	1.26404950317957e-11	-1.26404950317957e-11
5231.737	33.126	-29.557	4.04427449222889e-11	9.11024713179346e-12	-9.11024713179346e-12
5289.914	27.603	-25.051	4.94749280948802e-11	1.11242749307622e-11	-1.11242749307622e-11
5375.506	29.767	-57.989	3.08264010438806e-11	6.98282208633597e-12	-6.98282208633597e-12
5447.362	28.116	-42.089	3.95661628027505e-11	8.86355529713644e-12	-8.86355529713644e-12
5499.413	16.182	-23.935	7.05709020599154e-11	1.58676320328912e-11	-1.58676320328912e-11
5561.909	43.950	-46.314	2.98680403986604e-11	6.74063778208998e-12	-6.74063778208998e-12
5625.898	32.614	-20.039	4.96235126808957e-11	1.11990718235869e-11	-1.11990718235869e-11
5688.394	30.294	-29.882	4.91873840228305e-11	1.08283306140536e-11	-1.08283306140536e-11
5739.985	23.835	-21.297	6.77486102269711e-11	1.51769486081511e-11	-1.51769486081511e-11
5793.757	22.716	-29.937	5.69345347918904e-11	1.28015383453508e-11	-1.28015383453508e-11
5855.788	25.875	-39.315	4.43243705276797e-11	9.75776982550099e-12	-9.75776982550099e-12
5912.603	26.729	-30.939	4.39772874486121e-11	9.96177547487129e-12	-9.96177547487129e-12
5973.887	33.142	-34.556	3.74875895251071e-11	8.41340838015258e-12	-8.41340838015258e-12
6053.350	36.421	-46.321	3.07304769302561e-11	6.90964200358256e-12	-6.90964200358256e-12
6133.093	41.927	-43.322	3.00889163895716e-11	6.77791729301925e-12	-6.77791729301925e-12
6205.209	27.479	-30.19	4.48163231786739e-11	1.00396832735823e-11	-1.00396832735823e-11
6265.665	32.213	-32.977	4.16172427676026e-11	9.1456614805016e-12	-9.1456614805016e-12
6349.834	45.813	-51.956	3.11937002097658e-11	6.45637740963004e-12	-6.45637740963004e-12
9569.499	28.028	-56.903	3.04351854543733e-11	6.84384846500179e-12	-6.84384846500179e-12
9627.221	35.496	-29.695	2.3957941341718e-11	5.39746687113282e-12	-5.39746687113282e-12
9688.152	32.232	-25.436	2.71704104572637e-11	6.12120477604851e-12	-6.12120477604851e-12
9763.981	41.652	-43.597	1.84014103678521e-11	4.13010400781724e-12	-4.13010400781724e-12
9833.329	27.465	-27.696	2.84529304341321e-11	6.41014255927868e-12	-6.41014255927868e-12
9892.369	28.601	-31.575	2.65310028726227e-11	5.98841532988241e-12	-5.98841532988241e-12
9960.571	25.589	-39.601	2.48628989142664e-11	5.64379937807512e-12	-5.64379937807512e-12
10018.739	30.104	-32.579	2.608339728564e-11	5.90965409565729e-12	-5.90965409565729e-12
10075.151	43.897	-26.308	2.31467815250025e-11	5.19517921969477e-12	-5.19517921969477e-12
10151.995	29.735	-32.947	2.55029451064303e-11	5.72400703748176e-12	-5.72400703748176e-12
10212.941	28.965	-31.211	2.7528698112732e-11	6.03947438358324e-12	-6.03947438358324e-12
10271.854	25.213	-29.948	2.82714485482613e-11	6.35729839968975e-12	-6.35729839968975e-12
10327.564	24.664	-30.497	3.09394134984666e-11	6.78774496610678e-12	-6.78774496610678e-12
10383.933	28.470	-31.705	2.81445240846713e-11	6.31689710041284e-12	-6.31689710041284e-12
10453.871	33.752	-41.468	2.34121195772264e-11	5.19202109621968e-12	-5.19202109621968e-12
10529.100	31.234	-41.478	2.23831820684481e-11	5.04269136506644e-12	-5.04269136506644e-12
10598.182	27.343	-37.847	2.49152672624828e-11	5.61314370111998e-12	-5.61314370111998e-12
10658.981	34.242	-33.455	2.55033545350144e-11	5.74563409278595e-12	-5.74563409278595e-12
10731.565	29.355	-38.342	2.77063037652682e-11	6.27735133164796e-12	-6.27735133164796e-12
10795.711	25.385	-34.791	3.13346193708038e-11	6.8499538330284e-12	-6.8499538330284e-12
10852.643	36.151	-31.547	2.75019313616489e-11	5.88340532860863e-12	-5.88340532860863e-12
10925.966	30.525	-37.173	2.46114536999102e-11	5.40913377046017e-12	-5.40913377046017e-12
10996.887	37.331	-40.396	2.25593949721148e-11	4.96702120808773e-12	-4.96702120808773e-12
11071.812	35.119	-37.594	2.4310730732954e-11	5.46666484697079e-12	-5.46666484697079e-12
11140.049	27.056	-33.119	3.00184393378857e-11	6.57393966332191e-12	-6.57393966332191e-12
11197.439	22.321	-30.333	3.06382510144927e-11	6.88951156612415e-12	-6.88951156612415e-12
11258.228	29.230	-38.468	2.33957859240663e-11	5.24124169511169e-12	-5.24124169511169e-12
11334.578	28.099	-47.121	2.0910800174057e-11	4.70213488529714e-12	-4.70213488529714e-12
11388.370	19.439	-25.693	2.02144571447804e-11	4.56333508610982e-12	-4.56333508610982e-12
11441.878	33.628	-34.07	1.5245606732686e-11	3.35106218327613e-12	-3.35106218327613e-12
11500.947	22.198	-25.441	2.28922532071176e-11	5.13834354803248e-12	-5.13834354803248e-12
11551.587	34.241	-28.442	2.93649080240419e-11	6.61560056639804e-12	-6.61560056639804e-12
11617.282	33.736	-31.454	2.69474858790907e-11	6.05958360091112e-12	-6.05958360091112e-12
11684.981	26.213	-33.962	2.69396464413372e-11	6.04646677034404e-12	-6.04646677034404e-12
11736.004	30.351	-24.81	2.89517919712798e-11	6.47381848968098e-12	-6.47381848968098e-12
11792.425	24.077	-26.07	3.12307157920873e-11	6.9833984441575e-12	-6.9833984441575e-12
11855.227	31.479	-38.726	2.32249301575887e-11	5.10440231712411e-12	-5.10440231712411e-12
11934.072	37.883	-47.365	1.85324756763547e-11	4.17516881640721e-12	-4.17516881640721e-12
12006.037	41.138	-34.081	2.10207274836049e-11	4.72685350621279e-12	-4.72685350621279e-12
12068.730	26.084	-21.555	3.37921159134048e-11	7.58447232110683e-12	-7.58447232110683e-12
12146.711	35.854	-51.898	2.18817420418441e-11	4.47355519870829e-12	-4.47355519870829e-12
15398.915	37.135	-50.621	1.89679077768573e-11	4.26376534277956e-12	-4.26376534277956e-12
15471.514	34.741	-35.464	2.35872007299796e-11	5.30212830489711e-12	-5.30212830489711e-12
15549.628	44.383	-43.373	2.02748493072341e-11	4.44100942440277e-12	-4.44100942440277e-12
15643.376	55.942	-49.365	1.66706895780597e-11	3.74737791876169e-12	-3.74737791876169e-12
15724.885	27.086	-25.567	2.77050995183789e-11	6.21956853031386e-12	-6.21956853031386e-12
15784.429	32.733	-32.457	1.44149897470537e-11	3.23632088852084e-12	-3.23632088852084e-12
15855.641	26.711	-38.479	1.40463025991013e-11	3.16634718284193e-12	-3.16634718284193e-12
15911.430	28.590	-29.078	1.60898954511065e-11	3.61235612279429e-12	-3.61235612279429e-12
15958.066	29.593	-18.046	1.96524052835147e-11	4.40623874869621e-12	-4.40623874869621e-12
16011.725	18.558	-24.066	2.2135253279411e-11	4.95624539217569e-12	-4.95624539217569e-12
16065.750	32.231	-35.466	1.42394521748075e-11	3.19691193855239e-12	-3.19691193855239e-12
16145.857	29.850	-47.876	1.24937895859965e-11	2.80121613418932e-12	-2.80121613418932e-12
16202.151	28.718	-26.443	1.83381624826634e-11	4.11157533456889e-12	-4.11157533456889e-12
16269.342	31.731	-38.474	1.52148298205798e-11	3.4112973761786e-12	-3.4112973761786e-12
16330.150	31.099	-29.077	1.71378973546517e-11	3.84246589209864e-12	-3.84246589209864e-12
16386.566	22.322	-25.317	2.06194415249872e-11	4.6168440041554e-12	-4.6168440041554e-12
16441.891	27.173	-33.003	1.6662524360587e-11	3.66888943015189e-12	-3.66888943015189e-12
16496.630	37.623	-27.567	1.44743761335624e-11	3.24965443696823e-12	-3.24965443696823e-12
16558.297	18.581	-24.043	2.41781658378714e-11	5.16109810060545e-12	-5.16109810060545e-12
16611.909	35.174	-35.031	1.41019337571396e-11	3.10107855644654e-12	-3.10107855644654e-12
16681.517	25.741	-34.434	1.64611048252159e-11	3.60593649972715e-12	-3.60593649972715e-12
16731.948	30.471	-24.69	1.76027932648754e-11	3.9413950217481e-12	-3.9413950217481e-12
16803.275	34.364	-40.855	1.37165507234773e-11	3.07537022844979e-12	-3.07537022844979e-12
16866.212	44.139	-28.573	1.46540481757482e-11	3.30782141722576e-12	-3.30782141722576e-12
16945.857	29.684	-35.506	1.70352729676484e-11	3.73171173252689e-12	-3.73171173252689e-12
17019.520	41.270	-43.979	1.27261865571233e-11	2.79854489195886e-12	-2.79854489195886e-12
17092.247	26.212	-31.457	1.71065367407317e-11	3.83543485722636e-12	-3.83543485722636e-12
17162.821	40.886	-44.363	1.11382265217223e-11	2.50065287875887e-12	-2.50065287875887e-12
17248.572	35.369	-44.865	1.92985784242114e-11	4.33821955438533e-12	-4.33821955438533e-12
17345.834	25.863	-61.893	2.06949165019794e-11	4.53302119914874e-12	-4.53302119914874e-12
17422.199	44.776	-50.502	1.0654245553547e-11	2.40170224229826e-12	-2.40170224229826e-12
17503.824	25.835	-36.848	1.59559749721996e-11	3.59197032472356e-12	-3.59197032472356e-12
17585.420	47.038	-55.762	9.72738132878544e-12	2.18390267703632e-12	-2.18390267703632e-12
17673.066	37.119	-40.608	1.28159683617902e-11	2.88509906830353e-12	-2.88509906830353e-12
17754.678	25.712	-44.493	1.39891926637494e-11	3.132283036659e-12	-3.132283036659e-12
17811.847	31.226	-31.457	1.52952904551422e-11	3.44323842909352e-12	-3.44323842909352e-12
17902.415	63.513	-59.342	1.46258537454691e-11	2.38611147864144e-12	-2.38611147864144e-12
21214.642	49.684	-130.426	2.0635220612725e-11	4.64400883939981e-12	-4.64400883939981e-12
21303.295	43.771	-38.97	1.51495436685765e-11	3.31855270948126e-12	-3.31855270948126e-12
21404.964	54.932	-57.897	9.13434559049871e-12	2.05621949356747e-12	-2.05621949356747e-12
21494.804	35.296	-34.909	1.40568737200108e-11	3.07919977967203e-12	-3.07919977967203e-12
21574.845	35.489	-44.745	1.16379919041843e-11	2.60929735274427e-12	-2.60929735274427e-12
21638.157	44.889	-27.823	1.29271671252602e-11	2.9061127873639e-12	-2.9061127873639e-12
21738.009	45.330	-54.963	9.97540241882557e-12	2.20199266944531e-12	-2.20199266944531e-12
21827.578	48.532	-44.239	1.06835541681484e-11	2.41143694609253e-12	-2.41143694609253e-12
21902.807	28.463	-26.698	1.83862692592092e-11	4.11129491673436e-12	-4.11129491673436e-12
21968.996	27.464	-37.726	1.494085648471e-11	3.35430384605916e-12	-3.35430384605916e-12
22034.955	29.203	-38.495	1.46352100244505e-11	3.20180210780464e-12	-3.20180210780464e-12
22110.898	43.523	-46.74	1.02221502568959e-11	2.29185829815702e-12	-2.29185829815702e-12
22198.411	43.766	-43.99	1.05500644148689e-11	2.36854757452687e-12	-2.36854757452687e-12
22285.417	39.501	-43.241	1.11859816300429e-11	2.5046034736231e-12	-2.5046034736231e-12
22371.290	33.862	-46.372	1.16173836772857e-11	2.61166427101092e-12	-2.61166427101092e-12
22456.158	61.823	-51.006	8.32601639651125e-12	1.86923634771597e-12	-1.86923634771597e-12
22558.467	34.734	-40.485	1.25613786872547e-11	2.82767378897615e-12	-2.82767378897615e-12
22624.783	41.130	-31.583	1.34139509963609e-11	3.00747614288842e-12	-3.00747614288842e-12
22710.377	33.262	-44.464	1.37015327236642e-11	2.99753827524629e-12	-2.99753827524629e-12
22773.593	35.237	-29.953	1.50766018756857e-11	3.38931997754416e-12	-3.38931997754416e-12
22862.958	46.165	-54.128	9.84047109161231e-12	2.15833719646146e-12	-2.15833719646146e-12
22953.367	28.468	-44.245	1.27909006831613e-11	2.86395409788428e-12	-2.86395409788428e-12
23042.764	39.363	-60.929	9.83051206778004e-12	2.16167430781161e-12	-2.16167430781161e-12
23123.484	41.385	-41.357	1.14574671895759e-11	2.57917360386204e-12	-2.57917360386204e-12
23203.713	46.404	-38.844	1.1914612182913e-11	2.67131666318902e-12	-2.67131666318902e-12
23291.973	45.901	-41.855	1.25892620040207e-11	2.82635765544311e-12	-2.82635765544311e-12
23388.374	62.329	-50.5	1.45898717060547e-11	3.26666169884597e-12	-3.26666169884597e-12
23506.731	31.728	-56.028	1.28224345224904e-11	2.87485542065611e-12	-2.87485542065611e-12
23585.582	45.648	-47.123	1.02303480477496e-11	2.29369621772848e-12	-2.29369621772848e-12
23682.900	68.679	-51.67	1.31384714674754e-11	2.2585472087892e-12	-2.2585472087892e-12
27004.807	54.337	-99.341	1.42215072836475e-11	3.20107254746069e-12	-3.20107254746069e-12
27106.011	53.426	-46.867	9.23490823083144e-12	2.07316724740831e-12	-2.07316724740831e-12
27215.090	27.088	-55.653	1.1178846805535e-11	2.50956654813514e-12	-2.50956654813514e-12
27279.399	50.535	-37.221	1.05456195276814e-11	2.36429115447338e-12	-2.36429115447338e-12
27358.642	36.482	-28.708	1.48790814787474e-11	3.25912710844728e-12	-3.25912710844728e-12
27437.617	35.233	-42.493	1.19079372402399e-11	2.66620154277147e-12	-2.66620154277147e-12
27526.386	46.757	-53.535	9.63796785603427e-12	2.11642914852227e-12	-2.11642914852227e-12
27608.740	34.607	-35.597	1.31584955140577e-11	2.95008758153871e-12	-2.95008758153871e-12
27708.260	60.453	-64.913	7.33294954402173e-12	1.65273730513263e-12	-1.65273730513263e-12
27847.926	46.153	-79.212	7.34774687561253e-12	1.65388064897566e-12	-1.65388064897566e-12
27950.111	56.797	-56.033	8.59699345208242e-12	1.88309279698262e-12	-1.88309279698262e-12
28048.646	35.989	-41.738	1.1893177434226e-11	2.66640863621369e-12	-2.66640863621369e-12
28120.858	38.996	-36.223	1.22671055720509e-11	2.75387238866288e-12	-2.75387238866288e-12
28203.579	71.611	-43.725	7.98678015223958e-12	1.79534218766191e-12	-1.79534218766191e-12
28349.130	53.933	-73.94	7.60614086258848e-12	1.67025473452118e-12	-1.67025473452118e-12
28475.138	30.726	-72.074	9.10396307081173e-12	2.04107611569759e-12	-2.04107611569759e-12
28551.609	39.503	-45.746	1.10158350762714e-11	2.4697108475355e-12	-2.4697108475355e-12
28666.182	72.862	-75.07	6.28264262372082e-12	1.41601343137839e-12	-1.41601343137839e-12
28783.288	46.019	-44.244	1.02831230733465e-11	2.30848346092089e-12	-2.30848346092089e-12
28873.412	38.637	-44.105	1.18354649306703e-11	2.5957136193747e-12	-2.5957136193747e-12
28960.550	49.284	-48.501	9.67540102371475e-12	2.16919043399595e-12	-2.16919043399595e-12
29040.797	19.184	-30.962	1.90524295120673e-11	4.2714876448386e-12	-4.2714876448386e-12
29114.475	40.783	-54.495	1.04236699808276e-11	2.28608348867607e-12	-2.28608348867607e-12
29208.519	54.554	-53.26	8.71077424580719e-12	1.95292444664905e-12	-1.95292444664905e-12
29337.639	55.815	-74.566	7.11853583589787e-12	1.59595046516553e-12	-1.59595046516553e-12
29466.390	69.966	-72.937	8.09509626622533e-12	1.6275804125438e-12	-1.6275804125438e-12
32972.527	64.042	-165.469	7.83654618127181e-12	1.76995830401443e-12	-1.76995830401443e-12
33084.695	47.152	-48.126	9.67081097968138e-12	2.17174344393795e-12	-2.17174344393795e-12
33167.240	42.334	-35.393	1.24957653101819e-11	2.7379473246349e-12	-2.7379473246349e-12
33271.617	63.322	-62.043	7.46367497040895e-12	1.67609353357817e-12	-1.67609353357817e-12
33400.996	41.758	-66.057	8.63358277501121e-12	1.94159434877695e-12	-1.94159434877695e-12
33510.927	74.743	-68.174	6.82041538834748e-12	1.53383390225298e-12	-1.53383390225298e-12
33637.806	63.201	-52.136	8.75490514472456e-12	1.96606097528299e-12	-1.96606097528299e-12
33769.314	57.058	-68.308	7.91273205149708e-12	1.77439842101745e-12	-1.77439842101745e-12
33877.759	48.906	-51.387	9.5914354215916e-12	2.14777090716406e-12	-2.14777090716406e-12
34013.262	78.885	-86.598	5.65161171914539e-12	1.26916453793478e-12	-1.26916453793478e-12
34159.680	95.443	-67.533	5.70360871550039e-12	1.28636327280725e-12	-1.28636327280725e-12
34292.349	43.007	-37.227	1.17226023277498e-11	2.62499447238165e-12	-2.62499447238165e-12
34382.324	55.833	-46.967	9.74546855518803e-12	2.13824307391247e-12	-2.13824307391247e-12
34497.310	53.676	-59.153	8.65975409276018e-12	1.96153317320436e-12	-1.96153317320436e-12
34589.588	61.690	-38.602	9.93881207627439e-12	2.23192695351552e-12	-2.23192695351552e-12
34754.147	95.209	-102.869	4.90139138220325e-12	1.1118256821531e-12	-1.1118256821531e-12
34918.039	51.669	-68.682	7.93092990103027e-12	1.78102362336749e-12	-1.78102362336749e-12
35035.252	59.821	-65.544	7.92835527434098e-12	1.78299702780035e-12	-1.78299702780035e-12
35140.730	42.099	-45.657	1.25026508633854e-11	2.75069912999663e-12	-2.75069912999663e-12
35252.381	68.338	-69.552	7.80530635856884e-12	1.75532468394213e-12	-1.75532468394213e-12
38552.942	83.922	-116.662	6.09423278527438e-12	1.33804044069616e-12	-1.33804044069616e-12
38726.914	75.433	-90.049	7.26022633247924e-12	1.58624891013281e-12	-1.58624891013281e-12
38861.999	98.308	-59.652	6.98451584945305e-12	1.56983750803575e-12	-1.56983750803575e-12
39044.900	90.919	-84.592	6.01377122202613e-12	1.35689860473131e-12	-1.35689860473131e-12
39249.868	66.478	-114.048	5.60038872918058e-12	1.25712100794155e-12	-1.25712100794155e-12
39379.427	74.821	-63.081	7.41262373605936e-12	1.62550787379193e-12	-1.62550787379193e-12
39557.143	87.661	-102.895	5.09342682205622e-12	1.14775511716068e-12	-1.14775511716068e-12
39701.452	63.702	-56.649	8.06728185778135e-12	1.81319878560885e-12	-1.81319878560885e-12
39849.483	111.242	-84.329	4.96735737982581e-12	1.1193460788557e-12	-1.1193460788557e-12
40036.431	47.153	-75.705	8.05285679444668e-12	1.80298563674341e-12	-1.80298563674341e-12
40174.313	72.246	-90.729	6.09400416596562e-12	1.37145346008031e-12	-1.37145346008031e-12
40323.141	63.827	-76.582	7.42557936570118e-12	1.67761786105822e-12	-1.67761786105822e-12
40444.868	80.003	-57.9	7.95300435399251e-12	1.78982087780708e-12	-1.78982087780708e-12
40602.941	77.383	-78.07	7.07041721533487e-12	1.59119476335488e-12	-1.59119476335488e-12
40767.436	60.820	-87.111	7.20317308345433e-12	1.62316579327371e-12	-1.62316579327371e-12
40968.234	135.813	-139.978	6.82933322287526e-12	1.14474626272684e-12	-1.14474626272684e-12
44348.969	97.762	-95.3	6.59082673646199e-12	1.45156509368566e-12	-1.45156509368566e-12
44553.117	96.707	-106.385	5.72225697561026e-12	1.28366090864662e-12	-1.28366090864662e-12
44748.204	124.770	-98.381	4.11560650578427e-12	1.03097256866234e-12	-1.03097256866234e-12
44988.532	107.593	-115.558	4.98173243276596e-12	1.12479367637066e-12	-1.12479367637066e-12
45237.862	119.024	-141.737	3.19262919354104e-12	8.34162591680278e-13	-8.34162591680278e-13
45490.585	122.047	-133.699	4.19216710759005e-12	9.68300447808947e-13	-9.68300447808947e-13
45730.687	118.648	-118.056	7.03157358397844e-12	1.57864926736432e-12	-1.57864926736432e-12
46007.380	197.085	-158.045	5.81295745362124e-12	1.31034422692308e-12	-1.31034422692308e-12
46427.816	163.440	-223.35	5.92758579381521e-12	1.33835177238531e-12	-1.33835177238531e-12
46753.472	136.165	-162.217	8.694423306603e-12	1.85908931579202e-12	-1.85908931579202e-12
50118.617	82.715	-105.27	6.52015344813434e-12	1.44268033095533e-12	-1.44268033095533e-12
50259.365	54.796	-58.033	9.47342924432293e-12	2.12952100475468e-12	-2.12952100475468e-12
50430.231	76.993	-116.07	5.1337844878194e-12	1.15861057350689e-12	-1.15861057350689e-12
50587.653	112.634	-80.429	4.10168736295999e-12	1.00412245967901e-12	-1.00412245967901e-12
50795.611	87.710	-95.324	3.85296848592446e-12	1.00185627870855e-12	-1.00185627870855e-12
50974.977	81.348	-91.657	4.14600675965957e-12	1.0818715043329e-12	-1.0818715043329e-12
51185.208	206.097	-128.883	4.91134144668834e-12	1.10988054561508e-12	-1.10988054561508e-12
51558.500	224.929	-167.194	5.54480673663435e-12	1.24476605841152e-12	-1.24476605841152e-12
52192.665	482.118	-409.236	6.60153670314831e-12	1.07912369835572e-12	-1.07912369835572e-12
56000.970	87.184	-166.434	6.87660306323836e-12	1.54769925518941e-12	-1.54769925518941e-12
56200.693	85.539	-112.539	4.25947464310252e-12	1.10939080824959e-12	-1.10939080824959e-12
56380.906	193.667	-94.674	3.49226599955604e-12	8.31377891611308e-13	-8.31377891611308e-13
56697.920	165.802	-123.347	5.69815142063592e-12	1.2835159559014e-12	-1.2835159559014e-12
57399.077	793.466	-535.355	2.64944671093748e-12	5.58754103564747e-13	-5.58754103564747e-13
71456.933	2639.833	-1905.793	3.54805370270573e-12	9.34774822182416e-13	-9.34774822182416e-13
74308.621	219.400	-211.855	2.39699102378334e-12	5.30154206389671e-13	-5.30154206389671e-13
79891.936	82.844	-130.278	3.52477528196299e-12	9.18126178751577e-13	-9.18126178751577e-13
80107.770	180.421	-132.991	2.89403593537332e-12	6.88404841883656e-13	-6.88404841883656e-13
85725.297	104.756	-153.498	2.91117827661979e-12	7.58377228408e-13	-7.58377228408e-13
85946.848	161.513	-116.796	3.62641936109243e-12	8.1699499381246e-13	-8.1699499381246e-13
91599.382	269.051	-262.496	1.97131306501876e-12	4.44705721977728e-13	-4.44705721977728e-13
99481.381	3874.166	-2388.101	1.69936879217856e-12	3.02404253153963e-13	-3.02404253153963e-13
288126.170	6301.205	-4833.473	7.02779734968395e-13	1.60989719047586e-13	-1.60989719047586e-13
322039.926	7727.351	-4987.315	4.6566882429637e-13	1.2025213244089e-13	-1.2025213244089e-13
339114.987	2653.654	-4541.963	3.83643039065179e-13	9.07542097283698e-14	-9.07542097283698e-14
350268.267	3138.188	-4116.103	2.87838820627435e-13	7.5003477263195e-14	-7.5003477263195e-14
363112.686	7634.683	-5438.616	3.17478733695098e-13	7.47594236427574e-14	-7.47594236427574e-14
382312.885	5773.886	-7240.547	2.80637678908864e-13	6.65127781024644e-14	-6.65127781024644e-14
398523.833	12124.739	-6110.365	3.55659663184877e-13	6.80278748670774e-14	-6.80278748670774e-14
517704.336	14382.887	-15373.707	1.83874123480029e-13	4.57341614343162e-14	-4.57341614343162e-14
551259.318	15507.476	-14246.04	1.7991774581575e-13	4.54093378928762e-14	-4.54093378928762e-14
575481.033	8566.077	-3788.055	3.76493890663827e-13	1.00722326150768e-13	-1.00722326150768e-13
855921.222	40422.237	-34888.97	9.52293424458676e-14	2.21426229824933e-14	-2.21426229824933e-14
1576387.923	303117.099	-120529.97	1.50270070070161e-14	8.08428636895078e-15	-6.26525545477661e-15
NO NO NO NO NO NO
! batSNR4flux
0.0409999829530716	0.04	-0.04	1.69046922457016e-08	4.45144036938733e-09	-4.45144036938733e-09
0.101000000238419	0.02	-0.02	2.68242681294235e-08	6.35937135494609e-09	-6.35937135494609e-09
0.160999987721443	0.04	-0.04	1.9800166615749e-08	4.315886883928e-09	-4.315886883928e-09
0.220999975204468	0.02	-0.02	3.60724359656421e-08	7.4706600125941e-09	-7.4706600125941e-09
0.26099999666214	0.02	-0.02	5.01082985436639e-08	9.66666592023743e-09	-9.66666592023743e-09
0.30099998831749	0.02	-0.02	4.42532083651181e-08	1.20718171661115e-08	-1.20718171661115e-08
0.340999979972839	0.02	-0.02	6.90785354210255e-08	1.37887463489271e-08	-1.37887463489271e-08
0.380999971628189	0.02	-0.02	6.43400267179776e-08	1.8051825313103e-08	-1.8051825313103e-08
0.420999993085861	0.02	-0.02	9.49276268476374e-08	2.11440585631408e-08	-2.11440585631408e-08
0.520999987125397	0.08	-0.08	7.4714299583241e-08	1.6776077987194e-08	-1.6776077987194e-08
0.620999981164932	0.02	-0.02	2.6300381549449e-07	6.14409713009739e-08	-6.14409713009739e-08
0.700999984343847	0.06	-0.06	2.17784103429144e-07	5.18852600255147e-08	-5.18852600255147e-08
0.780999977588654	0.02	-0.02	6.401616236943e-07	1.42943677917728e-07	-1.42943677917728e-07
0.840999994874001	0.04	-0.04	5.39959812859494e-07	1.17622769579416e-07	-1.17622769579416e-07
0.9209999781847	0.04	-0.04	6.46734883184345e-07	1.23951055657718e-07	-1.23951055657718e-07
1.00099999129772	0.04	-0.04	5.35047439344438e-07	1.18904311975426e-07	-1.18904311975426e-07
1.08099998950958	0.04	-0.04	5.09925509219694e-07	1.1246215813283e-07	-1.1246215813283e-07
1.14099999189377	0.02	-0.02	7.30007341507972e-07	1.69395685856156e-07	-1.69395685856156e-07
1.32099998414516	0.16	-0.16	2.20750266276008e-07	5.44739596910141e-08	-5.44739596910141e-08
1.5209999871254	0.04	-0.04	4.40732153983868e-07	1.05241711431316e-07	-1.05241711431316e-07
1.64099998444319	0.08	-0.08	3.14436091891446e-07	7.64904631373478e-08	-7.64904631373478e-08
1.96099998722474	0.24	-0.24	1.73200934707185e-07	4.47103599217616e-08	-4.47103599217616e-08
2.28099998503923	0.08	-0.08	3.31446923898675e-07	7.72849282192052e-08	-7.72849282192052e-08
2.58099998950958	0.06	-0.06	4.55952572106713e-07	9.71454435101418e-08	-9.71454435101418e-08
3.00099998633067	0.36	-0.36	1.38890476279152e-07	4.10689383951912e-08	-4.10689383951912e-08
3.72099998513858	0.36	-0.36	1.76975975206799e-07	4.31287819217494e-08	-4.31287819217494e-08
4.2009999893109	0.12	-0.12	3.39748710696118e-07	7.88959661978354e-08	-7.88959661978354e-08
5.10099998571934	0.78	-0.78	1.29341858487011e-07	3.44591876375962e-08	-3.44591876375962e-08
5.94099998394648	0.06	-0.06	6.35793928733687e-07	1.37950533989759e-07	-1.37950533989759e-07
6.36099998573462	0.36	-0.36	2.17163253366642e-07	5.33200849401657e-08	-5.33200849401657e-08
7.56099998587654	0.84	-0.84	1.43676927756188e-07	3.18387082133573e-08	-3.18387082133573e-08
10.9409999859802	2.54	-2.54	6.43817437833518e-08	1.43858254639818e-08	-1.43858254639818e-08
13.8209999867748	0.34	-0.34	1.3211749844287e-07	3.2813618568489e-08	-3.2813618568489e-08
15.0609999854035	0.9	-0.9	8.30770247689418e-08	1.86799581115623e-08	-1.86799581115623e-08
19.5609999860657	3.6	-3.6	3.30477897953858e-08	6.96181120333525e-09	-6.96181120333525e-09
23.1809999835491	0.02	-0.02	3.07845561348821e-07	7.47236013371756e-08	-7.47236013371756e-08
26.9409999858059	3.74	-3.74	1.66551291164687e-08	4.06374199028502e-09	-4.06374199028502e-09
34.4209999860737	3.74	-3.74	7.81359172303863e-09	2.21686625283942e-09	-2.21686625283942e-09
38.1809999835491	0.02	-0.02	9.15432362670738e-08	2.14261163763602e-08	-2.14261163763602e-08
46.920999985909	8.7199999999999	-8.7199999999999	2.92219773905703e-09	9.40771264880972e-10	-9.40771264880972e-10
60.0209999859009	4.37999999999999	-4.37999999999999	9.98664160604335e-09	2.45157896577276e-09	-2.45157896577276e-09
64.5009999883175	0.1	-0.1	8.80710883445616e-08	2.06311699283249e-08	-2.06311699283249e-08
73.2009999858921	8.59999999999991	-8.59999999999991	7.7299352132236e-09	3.64935791245013e-09	-3.64935791245013e-09
83.520999986086	1.72	-1.72	6.82960415042785e-08	1.48565586104578e-08	-1.48565586104578e-08
87.0809999859465	1.84	-1.84	8.07576071911025e-08	1.76571078512918e-08	-1.76571078512918e-08
89.6809999859019	0.76	-0.76	1.32794019981946e-07	3.1971518227993e-08	-3.1971518227993e-08
91.200999985651	0.76	-0.76	1.4918289533993e-07	3.55325200340029e-08	-3.55325200340029e-08
95.0809999860712	3.12	-3.12	1.49705048859824e-07	2.69978061204133e-08	-2.69978061204133e-08
186.080999985985	8.11999999999992	-8.11999999999992	7.6316679384044e-08	1.72511712240429e-08	-1.72511712240429e-08
