## BAT - batSNR4flux
2.4009999893109	2.4	-2.4	2.0161997021623e-08	3.95278104120576e-09	-3.95278104120576e-09
5.10099999030431	0.3	-0.3	4.48519058461672e-08	1.04537326174407e-08	-1.04537326174407e-08
5.74099998943946	0.34	-0.34	4.10670266868243e-08	9.94975377326444e-09	-9.94975377326444e-09
6.98099998950958	0.9	-0.9	2.91323409568532e-08	5.59678165400248e-09	-5.59678165400248e-09
8.78099998950958	0.9	-0.9	2.74623867174019e-08	5.48590861897601e-09	-5.48590861897601e-09
10.9009999896855	1.22	-1.22	2.36009547124945e-08	5.16887406711591e-09	-5.16887406711591e-09
13.3409999892555	1.22	-1.22	1.69643015743177e-08	5.67091918528932e-09	-5.67091918528932e-09
15.7809999898027	1.22	-1.22	2.80315315097479e-08	6.48844560586096e-09	-6.48844560586096e-09
17.1009999883175	0.1	-0.1	1.00707153594702e-07	2.48658837672883e-08	-2.48658837672883e-08
17.8009999912977	0.2	-0.2	8.00227278541769e-08	1.83840313471076e-08	-1.83840313471076e-08
18.2609999874922	0.26	-0.26	4.38225969931186e-08	1.62420551831946e-08	-1.62420551831946e-08
18.7809999913436	0.26	-0.26	6.49016550777107e-08	1.62238495837231e-08	-1.62238495837231e-08
19.5609999890969	0.52	-0.52	3.87668485904983e-08	1.1440660020137e-08	-1.1440660020137e-08
20.2609999900394	0.18	-0.18	8.43427602529562e-08	2.06269921272976e-08	-2.06269921272976e-08
22.5209999894179	2.08	-2.08	2.33177244286623e-08	6.37151835676181e-09	-6.37151835676181e-09
25.6409999896013	1.04	-1.04	4.25384689702848e-08	1.00163581820388e-08	-1.00163581820388e-08
28.840999989631	2.16	-2.16	2.82580339492507e-08	8.14769798545704e-09	-8.14769798545704e-09
31.8809999892386	0.88	-0.88	5.45840038428384e-08	1.19109842098435e-08	-1.19109842098435e-08
34.8409999911487	0.32	-0.32	8.18089502365406e-08	1.92812859265162e-08	-1.92812859265162e-08
35.6409999894102	0.48	-0.48	4.31374529690208e-08	1.5020103787555e-08	-1.5020103787555e-08
36.4009999887432	0.28	-0.28	8.41637319445862e-08	2.0178689259022e-08	-2.0178689259022e-08
37.6409999900311	0.32	-0.32	6.76317946365239e-08	1.67238477660007e-08	-1.67238477660007e-08
38.680999989344	0.72	-0.72	3.93012129449212e-08	1.02370946194901e-08	-1.02370946194901e-08
39.7609999900394	0.36	-0.36	5.48060724512842e-08	1.35457242586541e-08	-1.35457242586541e-08
41.0009999892657	0.88	-0.88	1.81502539237894e-08	8.77562229317338e-09	-8.77562229317338e-09
43.4200908983025	0.88	-0.88	3.0381934562057e-08	7.5528411370703e-09	-7.5528411370703e-09
45.5209999898347	0.88	-0.88	2.90198639895505e-08	6.8782566754437e-09	-6.8782566754437e-09
48.640999989499	2.24	-2.24	1.50536001702614e-08	3.73693537442364e-09	-3.73693537442364e-09
73.5209999896089	0.24	-0.24	4.90397569044635e-08	1.21479427852437e-08	-1.21479427852437e-08
80.6609999894927	6.89999999999994	-6.89999999999994	1.64120718311856e-08	3.59381272950389e-09	-3.59381272950389e-09
87.8609999907017	0.3	-0.3	1.01727385929555e-07	2.54252323658788e-08	-2.54252323658788e-08
88.700999988759	0.54	-0.54	5.11156654623694e-08	1.97411737383922e-08	-1.97411737383922e-08
89.4009999898076	0.16	-0.16	1.72371782518862e-07	3.80222090077452e-08	-3.80222090077452e-08
89.8609999907017	0.3	-0.3	1.01097985963758e-07	2.82859972347796e-08	-2.82859972347796e-08
90.4009999873241	0.24	-0.24	1.33414748480943e-07	2.92861095486948e-08	-2.92861095486948e-08
90.700999994278	0.06	-0.06	2.36840506702091e-07	5.81251566222762e-08	-5.81251566222762e-08
91.0009999888142	0.24	-0.24	8.14000203574234e-08	2.7179029076771e-08	-2.7179029076771e-08
91.480999990503	0.24	-0.24	1.16799155840067e-07	2.76618814790443e-08	-2.76618814790443e-08
98.020999989491	6.29999999999995	-6.29999999999995	1.12751581966994e-08	3.07954224411052e-09	-3.07954224411052e-09
106.420999989396	2.1	-2.1	1.13144718549983e-08	2.71411391732233e-09	-2.71411391732233e-09
110.62099998968	2.1	-2.1	7.25599550297059e-09	2.04306404277309e-09	-2.04306404277309e-09
113.140999989055	0.42	-0.42	1.82863907964832e-08	4.4381847252593e-09	-4.4381847252593e-09
120.060999989509	6.49999999999995	-6.49999999999995	5.07967781703523e-09	1.27702097697423e-09	-1.27702097697423e-09
127.06099998951	0.5	-0.5	2.38449981211828e-08	5.6951732510132e-09	-5.6951732510132e-09
127.720999990106	0.16	-0.16	4.60648981751802e-08	1.07327668662572e-08	-1.07327668662572e-08
127.920999993086	0.04	-0.04	8.71003070611006e-08	2.11266024748474e-08	-2.11266024748474e-08
128.040999990404	0.08	-0.08	3.56497916025747e-08	1.53281179645029e-08	-1.53281179645029e-08
128.200999986827	0.08	-0.08	6.02634783004356e-08	1.49529172209726e-08	-1.49529172209726e-08
128.520999989609	0.24	-0.24	4.02889987516128e-08	1.09834151347788e-08	-1.09834151347788e-08
128.840999987423	0.08	-0.08	9.96262499541593e-08	2.38677865256806e-08	-2.38677865256806e-08
129.020999993086	0.1	-0.1	1.04414714716515e-07	2.3399819568431e-08	-2.3399819568431e-08
129.420999989112	0.3	-0.3	7.05582144361493e-08	1.80812242910157e-08	-1.80812242910157e-08
129.760999981761	0.04	-0.04	2.61442616796256e-07	6.25620707784719e-08	-6.25620707784719e-08
130.300999988317	0.1	-0.1	2.47370725027594e-07	5.55486856669713e-08	-5.55486856669713e-08
131.600999989808	0.4	-0.4	2.57891279494487e-07	6.31304621436887e-08	-6.31304621436887e-08
133.840999989367	1.84	-1.84	1.63778293914357e-07	3.62555866276119e-08	-3.62555866276119e-08
136.600999989225	0.92	-0.92	2.83542938447896e-07	6.55213448444552e-08	-6.55213448444552e-08
139.440999988914	0.04	-0.04	1.74881542433057e-06	4.11674291328763e-07	-4.11674291328763e-07
150.0209999895	10.5399999999999	-10.5399999999999	3.17315223248628e-07	7.03340714080086e-08	-7.03340714080086e-08
160.900999989369	0.34	-0.34	2.03433357898973e-07	4.76249452080222e-08	-4.76249452080222e-08
163.960999989563	2.72	-2.72	3.18742465484322e-08	9.22160211765665e-09	-9.22160211765665e-09
167.020999988878	0.34	-0.34	5.79255389212342e-08	1.41479624301668e-08	-1.41479624301668e-08
168.420999989712	1.06	-1.06	1.21160660400279e-08	6.04495113582392e-09	-6.04495113582392e-09
169.58099998951	0.1	-0.1	6.52652657523263e-08	1.54858847164019e-08	-1.54858847164019e-08
170.940999989623	1.26	-1.26	1.25481124067082e-08	3.36445810936839e-09	-3.36445810936839e-09
172.340999988488	0.14	-0.14	3.66814909356331e-08	8.76124322995779e-09	-8.76124322995779e-09
173.68099998951	1.2	-1.2	1.42097242748278e-08	3.02672772590043e-09	-3.02672772590043e-09
176.08099998951	1.2	-1.2	9.6594593848259e-09	3.01231569010257e-09	-3.01231569010257e-09
177.520999989609	0.24	-0.24	2.69676457845422e-08	6.67302309591214e-09	-6.67302309591214e-09
178.880999989723	1.12	-1.12	1.4467288529123e-08	3.11496430645853e-09	-3.11496430645853e-09
182.240999989393	2.24	-2.24	9.23141993610142e-09	2.19226001903668e-09	-2.19226001903668e-09
184.720999990106	0.24	-0.24	2.79821608616832e-08	6.70938810801488e-09	-6.70938810801488e-09
192.72099998949	7.75999999999992	-7.75999999999992	5.13935137645865e-09	1.11901593823344e-09	-1.11901593823344e-09
202.420999989399	1.94	-1.94	9.3852926259304e-09	2.15232314521023e-09	-2.15232314521023e-09
209.540999989568	5.17999999999998	-5.17999999999998	3.97232451425675e-09	1.49573456890064e-09	-1.49573456890064e-09
219.90099998949	5.17999999999998	-5.17999999999998	1.99930730867063e-08	4.36558387841517e-09	-4.36558387841517e-09
235.660999989377	0.18	-0.18	4.73634597515339e-07	1.1812649038849e-07	-1.1812649038849e-07
247.780999989569	3.98	-3.98	3.57221622037253e-07	8.83449038387513e-08	-8.83449038387513e-08
272.660999989501	20.8999999999996	-20.8999999999996	4.60448084764606e-08	1.37272732796358e-08	-1.37272732796358e-08

## XRT - xrtwtflux
170.766	0.225	-0.291	2.33608443357237e-08	4.5300431482561e-09	-6.8260738881737e-09
171.284	0.294	-0.293	2.14749970321014e-08	4.33343602742213e-09	-6.53873722414404e-09
171.942	0.436	-0.364	1.73966263017333e-08	4.94756953107191e-09	-3.88488846610426e-09
172.821	0.430	-0.442	1.6953495038367e-08	6.32290067164317e-09	-2.52772573936161e-09
173.637	0.353	-0.387	1.87819322726932e-08	6.77817657775857e-09	-2.80761817043409e-09
174.383	0.502	-0.393	1.40388143661885e-08	3.86583365827986e-09	-3.32766749683516e-09
175.355	0.418	-0.469	1.44520702006206e-08	2.8043558935954e-09	-4.43271961644437e-09
176.192	0.393	-0.418	1.68956515305724e-08	3.6677090543281e-09	-3.94477383599494e-09
176.996	0.425	-0.411	1.5516443851767e-08	4.07167077822859e-09	-4.4923011892362e-09
177.825	0.329	-0.404	1.88016670470106e-08	1.35653916357357e-08	-3.52670264953604e-09
178.510	0.376	-0.357	1.78622929558722e-08	1.1160709566912e-08	-3.82476642408715e-09
179.161	0.325	-0.274	2.12988909693302e-08	5.69505922162174e-09	-5.31060515816193e-09
179.900	0.287	-0.414	1.72240979618476e-08	5.11611750166172e-09	-2.695262265348e-09
180.509	0.337	-0.322	1.77565670328797e-08	4.93124865494073e-09	-3.05185532280603e-09
181.180	0.406	-0.334	1.23105749607402e-08	2.62997103401787e-09	-3.21088155168251e-09
181.845	0.308	-0.26	1.59276891625847e-08	2.84273264987812e-09	-4.13431517977722e-09
182.491	0.321	-0.337	1.37272451737219e-08	2.03058518814348e-09	-2.06921518215455e-09
183.204	0.344	-0.393	1.17661864501982e-08	1.61226664117959e-09	-1.48287457383696e-09
183.931	0.372	-0.383	1.07067153262367e-08	1.43247657695291e-09	-1.34094848734713e-09
184.673	0.399	-0.371	1.05286992750799e-08	1.37505991520408e-09	-1.31871565729611e-09
185.425	0.373	-0.353	1.14322716121028e-08	1.44990315841664e-09	-1.39948802372716e-09
186.156	0.445	-0.358	1.00728214125712e-08	1.315107229941e-09	-1.24739947578971e-09
186.952	0.344	-0.352	1.11827771092807e-08	1.51897366845709e-09	-1.4007039868589e-09
187.589	0.305	-0.293	9.34283410745056e-09	1.20133932823451e-09	-1.17334467506318e-09
188.228	0.262	-0.334	8.04358521126746e-09	9.94481158218465e-10	-1.00889477551584e-09
188.771	0.239	-0.28	9.25450853778085e-09	1.13439365402465e-09	-1.15620279161434e-09
189.278	0.285	-0.268	9.15211368830385e-09	1.1223842824833e-09	-1.14374124961233e-09
189.837	0.279	-0.274	9.84678256072484e-09	1.2029885750048e-09	-1.22560321734496e-09
190.393	0.241	-0.277	1.04635578014354e-08	1.34553336433602e-09	-1.36817591190378e-09
190.901	0.235	-0.267	1.10493370583258e-08	1.36730788740716e-09	-1.39055058143965e-09
191.439	0.264	-0.303	9.75275520020565e-09	1.20685563581925e-09	-1.22749027075818e-09
191.982	0.321	-0.279	9.363031428211e-09	1.14391002096561e-09	-1.16412367807903e-09
192.551	0.254	-0.248	1.19660898662117e-08	1.41695947940981e-09	-1.44346594126269e-09
193.062	0.300	-0.257	9.65046839298221e-09	1.19429345618707e-09	-1.21535578386267e-09
193.636	0.321	-0.275	9.1833189435608e-09	1.13670696019997e-09	-1.15672714764332e-09
194.164	0.311	-0.206	1.2489597430339e-08	1.49494759733016e-09	-1.51877857521765e-09
194.788	0.312	-0.312	9.79766763192907e-09	1.24279570939179e-09	-1.25477922033055e-09
195.399	0.307	-0.3	9.38622724369486e-09	1.23555108895801e-09	-1.23541457738394e-09
195.959	0.253	-0.253	1.21720145782004e-08	1.47211762110803e-09	-1.46637385173027e-09
196.479	0.263	-0.267	9.88135404189418e-09	1.28035102723639e-09	-1.28371090086636e-09
197.027	0.234	-0.286	9.81099580366923e-09	1.27298712478637e-09	-1.26258392943997e-09
197.521	0.244	-0.26	1.14122886138589e-08	1.40461883783952e-09	-1.36991017844572e-09
198.031	0.289	-0.266	8.90094573305419e-09	1.17584117307228e-09	-1.13780617831629e-09
198.588	0.237	-0.268	1.19207195256085e-08	1.51914466346446e-09	-1.40317904584735e-09
199.064	0.275	-0.239	1.15139253026726e-08	1.50919020785404e-09	-1.39175309958921e-09
199.578	0.304	-0.239	1.04575582457485e-08	1.43561036643992e-09	-1.34646419775145e-09
200.170	0.247	-0.288	1.09266321484288e-08	1.48124136196371e-09	-1.40340805787874e-09
200.703	0.241	-0.286	1.0055840025992e-08	1.46409975455981e-09	-1.31329904938243e-09
201.206	0.295	-0.261	8.7137735592824e-09	1.26526926187861e-09	-1.13670745677519e-09
201.750	0.257	-0.249	1.01593365900181e-08	1.42360532996589e-09	-1.30141530736368e-09
202.266	0.249	-0.259	1.07004542597758e-08	1.47581876198894e-09	-1.35837917462698e-09
202.766	0.259	-0.251	1.28430651896411e-08	1.71396784329496e-09	-1.53687096686424e-09
203.278	0.256	-0.252	1.20866644470044e-08	1.70206357585127e-09	-1.51374949132524e-09
203.802	0.243	-0.268	1.30534743926021e-08	1.77162521002879e-09	-1.53301265687892e-09
204.337	0.217	-0.291	1.03382188149985e-08	1.51965869291482e-09	-1.35807105288601e-09
204.803	0.321	-0.249	9.49932485941329e-09	1.38493089526283e-09	-1.23429288141521e-09
205.374	0.255	-0.25	1.0834484831716e-08	1.68166432779655e-09	-1.43307746233575e-09
205.924	0.217	-0.295	1.28742323311704e-08	2.1697187805713e-09	-1.62313362509336e-09
206.420	0.232	-0.279	1.15392474251613e-08	2.02034040094256e-09	-1.47343665482124e-09
206.914	0.241	-0.262	1.05189424168484e-08	1.76380444967259e-09	-1.36399758348732e-09
207.405	0.266	-0.25	1.15916588228552e-08	1.73993502215524e-09	-1.4601136748551e-09
207.943	0.303	-0.272	9.3155714423023e-09	1.45607896333689e-09	-1.26003003119533e-09
208.522	0.254	-0.276	9.88085507304831e-09	1.56064923983568e-09	-1.33683235335339e-09
209.027	0.257	-0.251	9.67417074812919e-09	1.58253703061705e-09	-1.31840739674051e-09
209.543	0.257	-0.259	9.28543993685936e-09	1.4855022062766e-09	-1.25507258627753e-09
210.043	0.280	-0.243	8.85612571443997e-09	1.40868350576944e-09	-1.20239055085948e-09
210.582	0.254	-0.258	9.38009364935262e-09	1.49138442564361e-09	-1.26709451185933e-09
211.073	0.269	-0.237	1.15891960902351e-08	1.84934562923141e-09	-1.49590367473559e-09
211.604	0.245	-0.262	1.21479229207382e-08	2.09642833992073e-09	-1.57831675188997e-09
212.122	0.247	-0.274	1.19135108493045e-08	2.1107913682206e-09	-1.57014023862891e-09
212.692	0.272	-0.323	1.03500751254131e-08	1.85299147301248e-09	-1.39594428196332e-09
213.242	0.227	-0.278	1.25379112764289e-08	2.11633615826821e-09	-1.68830427279313e-09
213.727	0.251	-0.258	1.36367297380863e-08	2.33477681126789e-09	-1.75289556873053e-09
214.267	0.214	-0.289	1.27012481613878e-08	2.05362494022227e-09	-1.6784654089866e-09
214.727	0.258	-0.245	1.37142063229711e-08	2.04603238536386e-09	-1.70205181183965e-09
215.259	0.227	-0.274	1.30489472857054e-08	2.25325218452182e-09	-1.64143980111336e-09
215.744	0.267	-0.258	1.17698846785381e-08	1.68530279832904e-09	-1.48861088949024e-09
216.270	0.245	-0.258	1.32110187978016e-08	1.86159403541113e-09	-1.60269228816956e-09
216.755	0.266	-0.24	1.38347588615609e-08	1.95167229787254e-09	-1.65912223271523e-09
217.308	0.225	-0.288	1.45951757182022e-08	1.99526636639384e-09	-1.70313382498004e-09
217.783	0.253	-0.25	1.49972998471427e-08	2.0136032469883e-09	-1.70481013310549e-09
218.294	0.249	-0.258	1.19875685779659e-08	1.73426692865481e-09	-1.52143691724298e-09
218.787	0.265	-0.244	1.27509441978726e-08	1.87319461264151e-09	-1.65959478638536e-09
219.304	0.249	-0.252	1.66325036666231e-08	2.23457585114285e-09	-1.94430079584356e-09
219.819	0.247	-0.266	1.41414417359608e-08	1.93062849676058e-09	-1.68609063724566e-09
220.328	0.274	-0.262	9.93412200802931e-09	1.48000822493551e-09	-1.3211680547724e-09
220.865	0.240	-0.263	1.06861194776151e-08	1.6134447533719e-09	-1.399265631844e-09
221.411	0.242	-0.306	9.64056305905377e-09	1.44298582832084e-09	-1.2696937030624e-09
221.897	0.260	-0.244	1.21016318458732e-08	1.74582341551269e-09	-1.5298779790702e-09
222.537	0.329	-0.381	7.86744817636138e-09	1.26826453962473e-09	-1.03002662384123e-09
223.127	0.245	-0.26	1.09687820811219e-08	1.61840706156123e-09	-1.37445924761794e-09
223.642	0.252	-0.271	9.20854111929024e-09	1.34513000009668e-09	-1.20344106716945e-09
224.154	0.244	-0.26	1.09418180996771e-08	1.53548118205333e-09	-1.37803611081256e-09
224.677	0.230	-0.279	1.00682871175837e-08	1.48188563506309e-09	-1.32320724049305e-09
225.199	0.351	-0.292	7.36696787650087e-09	1.0846667945815e-09	-9.73405970087949e-10
225.867	0.310	-0.318	7.5045396608148e-09	1.08331625073467e-09	-9.7738141346065e-10
226.440	0.241	-0.262	1.06285978644713e-08	1.50459750576227e-09	-1.36488798844476e-09
226.971	0.278	-0.29	1.05100795781665e-08	1.47503447101415e-09	-1.34684823816905e-09
227.598	0.363	-0.349	8.07894050750985e-09	1.15232061594054e-09	-1.05878972661219e-09
228.308	0.305	-0.348	8.28035557063572e-09	1.19344326806522e-09	-1.10877718459813e-09
228.878	0.274	-0.265	9.74125767858153e-09	1.36765871345273e-09	-1.27225343945797e-09
229.452	0.294	-0.3	8.44758348961742e-09	1.17754732436284e-09	-1.09113981339833e-09
230.101	0.400	-0.355	6.44231218950434e-09	9.27758120838203e-10	-8.46332310990449e-10
230.849	0.316	-0.348	7.32723463948568e-09	1.00986857628369e-09	-9.47795699151273e-10
231.409	0.297	-0.245	8.96090225822107e-09	1.23661826828469e-09	-1.15507860708322e-09
232.072	0.322	-0.365	7.39821656710158e-09	1.0189550296275e-09	-9.53234147805176e-10
232.770	0.399	-0.376	6.74069770857168e-09	9.55243317410676e-10	-8.66065188286853e-10
233.417	0.273	-0.248	9.91955988550548e-09	1.38274745768935e-09	-1.27399166088087e-09
234.086	0.352	-0.396	6.66926472650722e-09	9.28209320810118e-10	-8.69622016163162e-10
234.839	0.515	-0.401	5.38324444558767e-09	7.18666189326455e-10	-7.03388373735934e-10
235.762	0.359	-0.408	6.3989873339803e-09	8.80078465412084e-10	-8.40606756711971e-10
236.480	0.376	-0.359	6.68006084142865e-09	8.89452699351518e-10	-8.46754090401218e-10
237.233	0.368	-0.378	6.36176051415676e-09	8.56123182930476e-10	-8.19122455367608e-10
237.948	0.354	-0.347	7.073779483457e-09	9.39503856978591e-10	-8.91188360876711e-10
238.689	0.321	-0.387	7.07240981223116e-09	9.96497096518279e-10	-9.24455438668578e-10
239.421	0.415	-0.411	6.21849502041906e-09	8.2132982124639e-10	-7.95044987072797e-10
240.179	0.306	-0.344	8.05671206390626e-09	1.02430726909166e-09	-1.0012307317526e-09
240.864	0.388	-0.379	6.85193081968769e-09	8.74176778886607e-10	-8.70274249609925e-10
241.612	0.350	-0.36	7.85914251169069e-09	1.02626561781962e-09	-1.00253208793906e-09
242.314	0.277	-0.352	8.87881864688065e-09	1.14010652695737e-09	-1.11805587180443e-09
242.896	0.350	-0.305	7.92899725875735e-09	1.03347915203955e-09	-1.0313679120887e-09
243.554	0.292	-0.307	8.59641978819517e-09	1.07342689423899e-09	-1.0766818733962e-09
244.232	0.289	-0.386	7.67040992248149e-09	9.57090586967661e-10	-9.60541747986787e-10
244.931	0.340	-0.411	6.78092175128128e-09	8.65813277351158e-10	-8.69745929313089e-10
245.550	0.328	-0.279	8.90197124796368e-09	1.15165903009277e-09	-1.16015778459892e-09
246.162	0.367	-0.284	8.97898738753254e-09	1.12322105972169e-09	-1.13553980473131e-09
246.892	0.375	-0.363	7.94608354439744e-09	9.98221052658292e-10	-1.00595387938032e-09
247.717	0.408	-0.45	6.57652605714692e-09	8.28802618635544e-10	-8.40729926803983e-10
248.452	0.280	-0.327	9.21144707560737e-09	1.12753338517713e-09	-1.14731604764634e-09
249.042	0.286	-0.31	8.89423316189519e-09	1.13191379708965e-09	-1.14987650438122e-09
249.691	0.306	-0.363	7.88928650166977e-09	9.97681842281504e-10	-1.00957316724429e-09
250.347	0.288	-0.351	8.23989913213533e-09	1.04115244866931e-09	-1.05418265047789e-09
251.032	0.372	-0.397	6.86117598487906e-09	8.44517783805263e-10	-8.56337966232411e-10
251.804	0.428	-0.401	6.01705058018614e-09	7.38930651880187e-10	-7.50456029097621e-10
252.644	0.371	-0.412	6.26935834582302e-09	7.78688141908037e-10	-7.91154003644558e-10
253.457	0.474	-0.442	5.52840087567791e-09	6.84612121877749e-10	-6.96615032818425e-10
254.338	0.428	-0.406	6.15993753154214e-09	7.52556796395072e-10	-7.65908583150094e-10
255.203	0.426	-0.437	5.74603676744558e-09	7.10960383443149e-10	-7.2320585586231e-10
256.026	0.338	-0.397	6.79715290338752e-09	8.30404316518859e-10	-8.4513665723775e-10
256.801	0.486	-0.437	5.7202495725193e-09	7.07813794199737e-10	-7.20006614106002e-10
257.627	0.310	-0.339	8.47136158431145e-09	1.04827988432752e-09	-1.06603722906444e-09
258.297	0.417	-0.361	6.66409209124145e-09	8.24652257775841e-10	-8.38630562691943e-10
259.021	0.345	-0.307	7.63845702909553e-09	9.33237567141475e-10	-9.4955644849492e-10
259.724	0.349	-0.359	6.95700759088803e-09	8.49976072555393e-10	-8.65171163571274e-10
260.412	0.394	-0.339	6.59396192107408e-09	8.15875081106552e-10	-8.3075036930059e-10
261.238	0.339	-0.432	6.95766988136625e-09	8.50014914246217e-10	-8.65762425817507e-10
261.929	0.359	-0.352	8.32799434550772e-09	1.03049440231121e-09	-1.04841090487898e-09
262.584	0.272	-0.296	1.05876595730317e-08	1.32686692627325e-09	-1.34913867066581e-09
263.174	0.313	-0.318	9.18105592782637e-09	1.1359893401238e-09	-1.15547499999163e-09
263.816	0.330	-0.328	8.66679398286604e-09	1.07243580696003e-09	-1.09082292954737e-09
264.418	0.329	-0.272	9.49574695410447e-09	1.20539993355072e-09	-1.22596511251885e-09
265.009	0.270	-0.262	1.14840770541661e-08	1.42094193235149e-09	-1.44630800461705e-09
265.550	0.245	-0.271	1.31052924927619e-08	1.61725407222631e-09	-1.64734948149583e-09
266.070	0.323	-0.275	1.1696850550824e-08	1.44783533171627e-09	-1.47546178818637e-09
266.689	0.263	-0.296	1.27285103937795e-08	1.59530452623767e-09	-1.62442144150739e-09
267.218	0.235	-0.267	1.66981695032565e-08	1.93252384105971e-09	-1.97163269784291e-09
267.719	0.240	-0.266	1.72567063691039e-08	1.91011885416132e-09	-1.95596019682063e-09
268.199	0.263	-0.241	1.68603563853258e-08	1.87713073947615e-09	-1.92084290961527e-09
268.678	0.305	-0.216	1.4767662094188e-08	1.69373019529304e-09	-1.72889332012858e-09
269.227	0.272	-0.244	1.47112428884331e-08	1.64321206774237e-09	-1.68036371035467e-09
269.798	0.242	-0.299	1.88725077983206e-08	2.58077871119317e-09	-2.37520827578304e-09
270.283	0.271	-0.244	2.02644438416549e-08	2.65790805276485e-09	-2.51250945832168e-09
270.807	0.260	-0.253	2.00315448267059e-08	2.59713643363868e-09	-2.48579496711282e-09
271.333	0.242	-0.267	2.34694400431336e-08	2.834914435424e-09	-2.66677883699454e-09
271.854	0.325	-0.278	1.72191115899133e-08	2.29884696051798e-09	-2.18798820619885e-09
272.410	0.278	-0.231	2.20861970768947e-08	2.94846702272642e-09	-2.77205408159358e-09
272.951	0.243	-0.264	2.2803322751307e-08	2.99393203419792e-09	-2.76432943011359e-09
273.460	0.261	-0.266	1.97383315505051e-08	2.70641536608315e-09	-2.47301200887287e-09
274.000	0.224	-0.279	2.38369532552906e-08	3.15531481917429e-09	-2.79138578204097e-09
274.490	0.242	-0.265	2.58521797272562e-08	3.45297139957519e-09	-3.03059462418176e-09
274.970	0.263	-0.239	2.51268208063889e-08	3.32249556704253e-09	-2.97596657121431e-09
275.538	0.266	-0.305	1.79442466722612e-08	2.42326150197037e-09	-2.27844579812906e-09
276.060	0.264	-0.256	2.01309290942444e-08	2.65492619707009e-09	-2.41185872936637e-09
276.605	0.225	-0.282	1.94413528691527e-08	2.65511923249654e-09	-2.36142360739225e-09
277.115	0.272	-0.285	1.68148710154346e-08	2.3610925089058e-09	-2.07960778513382e-09
277.655	0.264	-0.268	1.81543504917122e-08	2.50612532389082e-09	-2.33061497871322e-09
278.158	0.267	-0.238	2.06416471634954e-08	2.80255027145496e-09	-2.54542043986276e-09
278.694	0.238	-0.27	1.89694419673269e-08	2.65786067010741e-09	-2.32821376282142e-09
279.201	0.288	-0.269	1.57275677349665e-08	2.21307719698872e-09	-1.9689834895749e-09
279.770	0.231	-0.281	1.70534293943442e-08	2.33226357952801e-09	-2.09353578268303e-09
280.293	0.278	-0.291	1.49274236417393e-08	2.03108671218777e-09	-1.84677810706349e-09
280.821	0.263	-0.251	1.72547318878884e-08	2.34970869487225e-09	-2.11836791464329e-09
281.339	0.308	-0.254	1.59461583653674e-08	2.24619362519868e-09	-1.97207888951284e-09
281.917	0.237	-0.27	1.91704328450597e-08	2.60029924033208e-09	-2.25340591944553e-09
282.442	0.284	-0.288	1.49055721277981e-08	2.09541029889682e-09	-1.82114195624601e-09
283.053	0.294	-0.326	1.29560828260588e-08	1.85201317549356e-09	-1.64188674852222e-09
283.715	0.342	-0.368	1.14294598957075e-08	1.56073447591983e-09	-1.39677959492032e-09
284.372	0.326	-0.314	1.21968194015583e-08	1.68238150883512e-09	-1.52731750659159e-09
285.031	0.288	-0.333	1.23479608624046e-08	1.76507540268523e-09	-1.56482163131015e-09
285.722	0.400	-0.403	9.70443563734535e-09	1.34718427466541e-09	-1.20584602418165e-09
286.440	0.320	-0.318	1.17902507629012e-08	1.68443033202618e-09	-1.49425302146616e-09
287.134	0.505	-0.374	8.66782049944981e-09	1.22571259241516e-09	-1.0719276278097e-09
288.044	0.341	-0.405	1.02172728189811e-08	1.4145679089543e-09	-1.24846268639111e-09
288.608	0.278	-0.224	1.02203702426471e-08	1.31737851564972e-09	-1.29273922294501e-09
289.185	0.294	-0.299	7.98864399113668e-09	1.03334045537825e-09	-1.03325410747439e-09
289.842	0.332	-0.363	7.1948599914338e-09	9.17730645656441e-10	-9.18957160970529e-10
290.480	0.283	-0.306	8.68853651530742e-09	1.11435552421919e-09	-1.11520495915427e-09
291.058	0.317	-0.295	8.46120299424352e-09	1.04993074825627e-09	-1.05776616811676e-09
291.625	0.254	-0.25	1.07206217969103e-08	1.30780051957427e-09	-1.31878547864321e-09
292.230	0.309	-0.351	7.55257221743913e-09	9.70693393570829e-10	-9.66878448624582e-10
292.900	0.368	-0.361	6.67392022524173e-09	8.55102348079462e-10	-8.60726427256746e-10
293.541	0.229	-0.273	9.40242715020304e-09	1.20247354024649e-09	-1.21191806794771e-09
294.069	0.382	-0.299	6.74588365238457e-09	8.62608496455915e-10	-8.69460492204543e-10
294.851	0.366	-0.399	5.94362165644544e-09	7.53589056847434e-10	-7.57818112357581e-10
295.485	0.308	-0.269	7.9151960067371e-09	1.00767082184676e-09	-1.01045570536188e-09
296.087	0.350	-0.294	7.03856475119358e-09	9.10861867500173e-10	-9.10568382353101e-10
296.753	0.294	-0.317	7.44036683709946e-09	9.69003143870523e-10	-9.64257725243413e-10
297.410	0.281	-0.363	7.0317148588422e-09	9.21657175426318e-10	-9.12990504880776e-10
297.989	0.307	-0.297	7.72939681709105e-09	9.88817940631625e-10	-9.74998152858005e-10
298.649	0.346	-0.353	6.46226104056082e-09	8.60889546277465e-10	-8.43098968952744e-10
299.384	0.467	-0.389	5.35858344020334e-09	7.08619519862701e-10	-6.86233429540409e-10
300.225	0.407	-0.374	5.77514127941805e-09	7.56440458131099e-10	-7.37467482820515e-10
301.135	0.461	-0.503	4.68428933572069e-09	5.97943669731562e-10	-5.93416415333884e-10
301.984	0.500	-0.387	4.93576512942668e-09	6.51207843749859e-10	-6.42085144764561e-10
302.851	0.353	-0.367	6.1308770823439e-09	7.95911169075425e-10	-7.80523967797738e-10
303.700	0.435	-0.496	4.65721095585128e-09	6.18006233040217e-10	-6.01858770858289e-10
304.595	0.390	-0.46	5.1585037449881e-09	6.68651431765808e-10	-6.56565671269829e-10
305.465	0.483	-0.48	4.48186239706733e-09	6.05539410790761e-10	-5.87302827325915e-10
306.490	0.501	-0.542	4.15009570885251e-09	5.67731534234696e-10	-5.462173941809e-10
307.534	0.520	-0.544	4.11785917172818e-09	5.46831787375986e-10	-5.32329037308374e-10
308.422	0.397	-0.368	3.83672330210227e-09	6.16565970162875e-10	-6.01856807302738e-10
309.155	0.483	-0.336	3.64521345867751e-09	5.67845632673374e-10	-5.59308786121742e-10
310.022	0.443	-0.384	3.56398010900246e-09	5.58669619173846e-10	-5.54856267676667e-10
310.929	0.554	-0.464	4.37618068799105e-09	5.67418564080066e-10	-5.56928405920288e-10
311.999	0.465	-0.516	3.03582583911711e-09	4.68750724275904e-10	-4.64577685399088e-10
313.094	0.465	-0.631	2.66285646564121e-09	4.16244645800785e-10	-4.1426527787538e-10
314.027	0.541	-0.468	2.88862214323051e-09	4.58195554690374e-10	-4.51313433641809e-10
315.075	0.523	-0.507	2.86937663985684e-09	4.40562934343837e-10	-4.38372665908233e-10
316.097	0.479	-0.499	2.93429510664172e-09	4.70077777098261e-10	-4.65728373717177e-10
317.094	0.434	-0.518	3.10486899274374e-09	4.74021575297659e-10	-4.73595024632605e-10
318.024	0.598	-0.496	2.70107910133979e-09	4.19094471367469e-10	-4.13942562373868e-10
319.297	0.567	-0.675	2.31209739312665e-09	3.7118937050953e-10	-3.67227945424823e-10
320.441	0.528	-0.577	2.68187831440798e-09	4.14741006096691e-10	-4.1057942972221e-10
321.678	0.857	-0.709	1.9344822275823e-09	2.99582881814385e-10	-2.96323125583017e-10
323.372	0.649	-0.837	2.05719089585682e-09	3.16283809236726e-10	-3.14413305399891e-10
324.745	0.690	-0.724	2.14544086456963e-09	3.38267609792609e-10	-3.34619746520553e-10
326.199	0.734	-0.764	2.0707841986687e-09	3.15981297507297e-10	-3.15802204968441e-10
327.861	0.880	-0.928	1.70402527307959e-09	2.66761307070492e-10	-2.65205468545818e-10
329.688	0.680	-0.948	1.8803407435606e-09	2.95236600937924e-10	-2.92929382421535e-10
331.550	0.903	-1.182	1.40670447684942e-09	2.24656613123413e-10	-2.26031194374139e-10
333.584	0.867	-1.131	1.49382263937131e-09	2.29814320849749e-10	-2.3128013571934e-10
335.465	0.913	-1.014	1.53921320241667e-09	2.39276154072243e-10	-2.39061680013106e-10
337.649	1.187	-1.271	1.20198432096659e-09	1.87103864042517e-10	-1.86753559102346e-10
340.169	1.557	-1.332	1.0066408396445e-09	1.59829339108054e-10	-1.59374854168609e-10
343.056	0.999	-1.33	1.24591927393383e-09	1.93987952649965e-10	-1.93593141778865e-10
345.182	1.011	-1.127	1.37156698351133e-09	2.14020672402444e-10	-2.10564528175933e-10
347.216	0.801	-1.022	1.56984530202576e-09	2.53438930753208e-10	-2.49761437285863e-10
349.239	1.014	-1.222	1.30645140247561e-09	2.06821819961042e-10	-2.03981068025508e-10
351.437	1.371	-1.184	1.16743457511948e-09	1.80240634862509e-10	-1.78641296808279e-10
353.964	1.405	-1.156	1.19099038760211e-09	1.85674224277015e-10	-1.85126464636114e-10
357.098	1.442	-1.73	9.58456240527496e-10	1.48400619944241e-10	-1.48680353013935e-10
359.726	1.496	-1.185	1.14765951514299e-09	1.74250840141958e-10	-1.74757703681053e-10
363.121	2.367	-1.899	7.06702275695118e-10	1.09338052026048e-10	-1.09601963122593e-10
366.897	1.482	-1.409	1.02150203680206e-09	1.61323664516644e-10	-1.61458550190686e-10
370.761	1.657	-2.382	7.4063836128011e-10	1.14711145373716e-10	-1.14901972210943e-10
375.543	2.379	-3.125	5.1430801872917e-10	8.45729557009702e-11	-8.44525406357228e-11
379.821	1.963	-1.899	7.67274440449019e-10	1.20234673760486e-10	-1.1944165797835e-10
384.016	1.806	-2.231	7.42008351995081e-10	1.16604979567922e-10	-1.15602329193167e-10
388.074	1.803	-2.252	7.57837908700203e-10	1.16771520056887e-10	-1.15897255110615e-10
391.981	2.007	-2.105	7.5412880035877e-10	1.15911941106066e-10	-1.15247297746486e-10
395.635	1.276	-1.647	1.06787095730988e-09	1.67435631442433e-10	-1.66262314924813e-10
398.891	1.785	-1.98	8.45667474943835e-10	1.3135220144964e-10	-1.31310850252995e-10
402.586	1.657	-1.91	9.16744731487481e-10	1.38797755608412e-10	-1.39473882861257e-10
406.123	1.905	-1.881	8.71235318960442e-10	1.34984157029643e-10	-1.35176777075877e-10
410.187	1.957	-2.158	8.23688223128297e-10	1.2682181687482e-10	-1.27553412221028e-10
413.826	1.790	-1.682	9.87738296744832e-10	1.51132977608194e-10	-1.52621321822364e-10
418.281	2.061	-2.664	6.88034440849726e-10	1.09387232516008e-10	-1.10355838285923e-10
422.896	2.177	-2.554	7.08271746414471e-10	1.07416311942217e-10	-1.07813508081275e-10
427.405	2.478	-2.332	6.91911524148327e-10	1.06712585629995e-10	-1.07204014617755e-10
432.691	2.450	-2.807	6.4780606762216e-10	9.79701944252522e-11	-9.85232234038781e-11
436.739	2.061	-1.598	9.18005904065945e-10	1.39962105291606e-10	-1.39961721571545e-10
441.784	3.476	-2.984	4.84838392486209e-10	7.60219273895831e-11	-7.64664741415551e-11
448.193	3.652	-2.932	4.78217789454865e-10	7.30745782502744e-11	-7.38532800318661e-11
454.566	2.938	-2.722	5.61684660487133e-10	8.4976996159169e-11	-8.54344923942408e-11
460.442	2.902	-2.937	3.96763585530763e-10	7.06984673398838e-11	-7.08515181578444e-11
465.868	3.286	-2.525	3.4637427098153e-10	6.59987956822842e-11	-6.59999612104442e-11
472.764	3.519	-3.61	4.1004626865632e-10	6.42253787738424e-11	-6.38233975046708e-11
478.676	2.665	-2.393	3.88056646333349e-10	7.38147211484315e-11	-7.39107943112976e-11
484.486	3.865	-3.145	2.85172331816282e-10	5.40655152332253e-11	-5.4257459894048e-11

## XRT - xrtpcflux
500.137	8.583	-8.969	2.26637814950592e-10	4.74631407917505e-11	-4.74631407917505e-11
516.045	7.718	-7.326	2.42447775441549e-10	5.33287484978131e-11	-5.33287484978131e-11
532.769	8.545	-9.006	2.02573104416684e-10	4.55238320380171e-11	-4.55238320380171e-11
551.426	14.961	-10.112	1.42126368111362e-10	3.18864846867169e-11	-3.18864846867169e-11
583.614	17.876	-17.226	1.38045481975103e-10	2.66654123528998e-11	-2.66654123528998e-11
3890.679	23.974	-38.709	2.68325442048465e-11	6.00790866821157e-12	-6.00790866821157e-12
3945.225	34.619	-30.571	2.70633627771156e-11	5.92067230928267e-12	-5.92067230928267e-12
4008.887	23.610	-29.043	3.23968632977689e-11	7.07852063367349e-12	-7.07852063367349e-12
4060.047	22.596	-27.55	3.11006359192865e-11	6.96355199976363e-12	-6.96355199976363e-12
4127.288	38.097	-44.644	1.96994842931395e-11	4.3206173257123e-12	-4.3206173257123e-12
4203.461	29.621	-38.077	2.32287849688523e-11	5.21487009070627e-12	-5.21487009070627e-12
4263.526	34.746	-30.444	2.55722845111619e-11	5.59446823932943e-12	-5.59446823932943e-12
4328.049	47.949	-29.777	2.11584591855854e-11	4.76276932566848e-12	-4.76276932566848e-12
4406.414	42.297	-30.415	2.35971851931735e-11	5.31172646600244e-12	-5.31172646600244e-12
4481.789	44.648	-33.078	2.36744436616199e-11	5.1924286551453e-12	-5.1924286551453e-12
4570.605	36.066	-44.168	2.26900473916231e-11	4.96391794632444e-12	-4.96391794632444e-12
4642.137	37.246	-35.466	2.44809658061572e-11	5.36251411180114e-12	-5.36251411180114e-12
4722.337	37.280	-42.954	2.05912318704152e-11	4.64128415043523e-12	-4.64128415043523e-12
4796.931	32.891	-37.314	2.26354619596646e-11	5.07490963901896e-12	-5.07490963901896e-12
4861.490	38.537	-31.668	2.30738451004393e-11	5.17319387096786e-12	-5.17319387096786e-12
4944.669	43.114	-44.642	2.18166291470742e-11	4.56487994764097e-12	-4.56487994764097e-12
5021.069	46.947	-33.287	2.09679580853921e-11	4.70731278360714e-12	-4.70731278360714e-12
5116.333	41.947	-48.317	1.87439478726738e-11	4.21363534601099e-12	-4.21363534601099e-12
5225.421	33.151	-67.142	1.29638595336001e-11	2.91039108456605e-12	-2.91039108456605e-12
5305.155	38.666	-46.582	1.31213997548679e-11	2.95403068829327e-12	-2.95403068829327e-12
5410.979	75.759	-67.158	1.19077854233629e-11	2.6733022278492e-12	-2.6733022278492e-12
5519.709	37.234	-32.971	2.44735732742952e-11	5.34733020274676e-12	-5.34733020274676e-12
5590.514	31.619	-33.571	2.47830364598099e-11	5.54165622222335e-12	-5.54165622222335e-12
5659.877	37.476	-37.744	2.22632743447222e-11	4.85824424398069e-12	-4.85824424398069e-12
5740.540	47.076	-43.187	1.75321397252674e-11	3.93597133957016e-12	-3.93597133957016e-12
5822.939	34.882	-35.323	2.25532098255875e-11	5.05646730270508e-12	-5.05646730270508e-12
5897.534	30.492	-39.713	2.24664336454996e-11	5.0370138917831e-12	-5.0370138917831e-12
5991.653	41.680	-63.627	1.73804289538497e-11	3.65357354731496e-12	-3.65357354731496e-12
6087.434	36.163	-54.101	1.751476519351e-11	3.93731573517017e-12	-3.93731573517017e-12
6191.156	42.763	-67.559	1.49001757837557e-11	3.27215717053582e-12	-3.27215717053582e-12
6313.856	73.001	-79.938	2.00614862365331e-11	3.23220032032936e-12	-3.23220032032936e-12
9687.860	41.594	-55.963	1.30787974470949e-11	2.9444340263741e-12	-2.9444340263741e-12
9777.813	44.411	-48.359	1.01798250728463e-11	2.28245711078016e-12	-2.28245711078016e-12
9878.728	38.774	-56.504	1.07091958293749e-11	2.41755241283851e-12	-2.41755241283851e-12
9991.277	56.606	-73.775	9.22193224940714e-12	2.02282049137541e-12	-2.02282049137541e-12
10090.843	49.810	-42.961	1.15094033551546e-11	2.59465142037883e-12	-2.59465142037883e-12
10183.002	30.363	-42.349	1.3811849612066e-11	3.10946661155069e-12	-3.10946661155069e-12
10276.705	72.055	-63.34	1.17211648943493e-11	2.63498282838964e-12	-2.63498282838964e-12
10374.943	44.022	-26.183	2.50077210889523e-11	5.4848436193132e-12	-5.4848436193132e-12
10470.959	43.283	-51.994	1.17154724748888e-11	2.63384701938832e-12	-2.63384701938832e-12
10558.464	43.534	-44.222	1.04395411494716e-11	2.35025732515672e-12	-2.35025732515672e-12
10636.703	35.501	-34.704	1.29677315812643e-11	2.89967272575525e-12	-2.89967272575525e-12
10717.447	19.946	-45.244	1.41843565440343e-11	3.18032782849001e-12	-3.18032782849001e-12
10792.772	34.885	-55.378	1.01105456599531e-11	2.27619037075083e-12	-2.27619037075083e-12
10861.612	36.250	-33.955	1.30378894702815e-11	2.91931195486107e-12	-2.91931195486107e-12
10960.501	50.190	-62.64	7.94059141656104e-12	1.78766761298488e-12	-1.78766761298488e-12
11066.052	42.424	-55.361	1.30724575461295e-11	2.92309003540962e-12	-2.92309003540962e-12
11158.958	42.289	-50.481	9.92273598565958e-12	2.23086916331542e-12	-2.23086916331542e-12
11259.206	54.870	-57.959	9.04240988810471e-12	1.94943465469205e-12	-1.94943465469205e-12
11376.230	33.125	-62.153	1.04347732998902e-11	2.3396204460244e-12	-2.3396204460244e-12
11462.225	44.915	-52.87	1.06298995205109e-11	2.38985665354065e-12	-2.38985665354065e-12
11552.868	42.028	-45.728	1.19553089057943e-11	2.68054505852987e-12	-2.68054505852987e-12
11654.272	55.961	-59.375	1.15741930351737e-11	2.59862001203609e-12	-2.59862001203609e-12
11747.316	48.166	-37.083	1.2044315594398e-11	2.70417168254258e-12	-2.70417168254258e-12
11840.290	40.441	-44.808	1.22849781822281e-11	2.69120897012532e-12	-2.69120897012532e-12
11946.380	47.180	-65.649	8.50637244584363e-12	1.90724584021492e-12	-1.90724584021492e-12
12039.538	46.793	-45.978	1.01796078973616e-11	2.28550968863552e-12	-2.28550968863552e-12
12135.106	33.963	-48.775	1.37499647398922e-11	2.81942026884632e-12	-2.81942026884632e-12
15576.419	51.705	-101.241	6.04172831294454e-12	1.36019120252419e-12	-1.36019120252419e-12
15714.184	71.901	-86.06	5.8847882029702e-12	1.31945605747988e-12	-1.31945605747988e-12
15836.202	52.682	-50.118	9.01532010853964e-12	2.02136814888217e-12	-2.02136814888217e-12
15978.058	81.324	-89.173	5.36745409944104e-12	1.20674267871527e-12	-1.20674267871527e-12
16113.030	39.122	-53.648	1.04098618742224e-11	2.28045105184747e-12	-2.28045105184747e-12
16199.695	55.257	-47.543	1.02270354522758e-11	2.23749988157117e-12	-2.23749988157117e-12
16307.704	62.585	-52.751	9.71386508933831e-12	2.17799229166486e-12	-2.17799229166486e-12
16396.984	28.466	-26.695	2.05818235565334e-11	4.62102955256962e-12	-4.62102955256962e-12
16459.161	44.016	-33.711	1.36299226855882e-11	3.06436089740774e-12	-3.06436089740774e-12
16555.927	55.064	-52.75	8.89394043790813e-12	1.99415304316435e-12	-1.99415304316435e-12
16662.989	45.787	-51.998	9.90027083406582e-12	2.22280805898781e-12	-2.22280805898781e-12
16773.672	47.934	-64.895	8.72072697214346e-12	1.95797749364671e-12	-1.95797749364671e-12
16885.011	41.902	-63.405	9.45099358331845e-12	2.12772933794827e-12	-2.12772933794827e-12
16975.409	64.333	-48.496	9.25380880806251e-12	2.02195757312524e-12	-2.02195757312524e-12
17123.161	79.558	-83.418	6.00485660608908e-12	1.36305061585552e-12	-1.36305061585552e-12
17275.272	55.319	-72.554	7.77321621585707e-12	1.75479539878741e-12	-1.75479539878741e-12
17398.860	69.634	-68.268	7.2814291006777e-12	1.63260361887477e-12	-1.63260361887477e-12
17534.768	76.644	-66.273	7.06603258585786e-12	1.58430829973203e-12	-1.58430829973203e-12
17683.964	52.814	-72.553	7.97964387042335e-12	1.79893525587043e-12	-1.79893525587043e-12
17838.129	114.261	-101.351	5.75640199250021e-12	1.15755779160888e-12	-1.15755779160888e-12
21347.024	71.507	-86.454	5.70461504801287e-12	1.28424384824866e-12	-1.28424384824866e-12
21493.789	100.254	-75.258	5.13481964996403e-12	1.15440252099043e-12	-1.15440252099043e-12
21670.724	128.919	-76.681	3.69876317603981e-12	9.05696502392103e-13	-9.05696502392103e-13
21917.499	85.236	-117.856	4.7748804655506e-12	1.03063254755472e-12	-1.03063254755472e-12
22102.934	110.415	-100.199	4.19636001400224e-12	9.47269441054393e-13	-9.47269441054393e-13
22292.896	68.384	-79.547	6.40844824244903e-12	1.44858822796862e-12	-1.44858822796862e-12
22442.335	71.892	-81.054	6.7224532672645e-12	1.50521469439855e-12	-1.50521469439855e-12
22590.909	68.743	-76.682	7.52039106962096e-12	1.68843700541648e-12	-1.68843700541648e-12
22741.959	88.190	-82.307	6.4146125367164e-12	1.43822767972568e-12	-1.43822767972568e-12
22943.141	70.043	-112.992	4.40020688733867e-12	1.14642710116209e-12	-1.14642710116209e-12
23108.229	90.495	-95.046	4.6286948809548e-12	1.16305115642631e-12	-1.16305115642631e-12
23303.625	128.281	-104.9	3.40507600476473e-12	8.8715648948389e-13	-8.8715648948389e-13
23560.777	177.006	-128.871	5.01338182261001e-12	9.40576380317477e-13	-9.40576380317477e-13
27122.673	160.041	-128.299	2.71419942888516e-12	7.09036598082617e-13	-7.09036598082617e-13
27469.797	53.620	-187.082	3.25374230014425e-12	8.44032964546071e-13	-8.44032964546071e-13
27664.663	114.500	-141.246	2.99541491595981e-12	7.82498845897003e-13	-7.82498845897003e-13
27901.204	101.110	-122.041	3.35120451202354e-12	8.77504416157729e-13	-8.77504416157729e-13
28107.460	112.991	-105.146	3.37575906618531e-12	8.787603884136e-13	-8.787603884136e-13
28408.838	217.798	-188.388	1.84364362061463e-12	4.8105403419373e-13	-4.8105403419373e-13
28726.252	98.462	-99.616	3.71586984755894e-12	9.38159032890966e-13	-9.38159032890966e-13
28903.478	96.748	-78.764	3.92929787876641e-12	1.02645960043781e-12	-1.02645960043781e-12
29244.380	277.361	-244.154	2.54385359707998e-12	4.74376335962324e-13	-4.74376335962324e-13
33033.902	168.845	-247.369	1.78120961705714e-12	4.93006248729287e-13	-4.93006248729287e-13
33362.281	259.188	-159.534	1.77222020324903e-12	4.61864728069859e-13	-4.61864728069859e-13
33777.720	124.568	-156.251	2.56938223971023e-12	6.68053948835292e-13	-6.68053948835292e-13
34077.733	150.506	-175.445	2.13572020974924e-12	5.59869359158495e-13	-5.59869359158495e-13
34325.046	98.764	-96.807	3.53454161907261e-12	9.16862202387386e-13	-9.16862202387386e-13
34582.592	119.530	-158.782	2.40763185127827e-12	6.30408561054825e-13	-6.30408561054825e-13
34786.407	98.750	-84.285	3.704947001233e-12	9.61065663107072e-13	-9.61065663107072e-13
35062.128	244.242	-176.971	1.67649984729317e-12	4.31298564933979e-13	-4.31298564933979e-13
38773.702	148.778	-207.261	1.99577862748339e-12	5.19149785541896e-13	-5.19149785541896e-13
39157.157	296.873	-234.677	1.33823896263115e-12	3.47872224661993e-13	-3.47872224661993e-13
39642.469	242.820	-188.439	1.65093046374063e-12	4.30029273696855e-13	-4.30029273696855e-13
40546.205	542.596	-660.916	1.04231944448132e-12	2.0788500178306e-13	-2.0788500178306e-13
44565.966	222.103	-231.721	1.73806370447749e-12	4.51207232401921e-13	-4.51207232401921e-13
44980.038	179.113	-191.97	2.13126562653948e-12	5.56309649372704e-13	-5.56309649372704e-13
45383.911	156.353	-224.76	2.09590482433683e-12	5.44844860087797e-13	-5.44844860087797e-13
45807.222	267.100	-266.959	1.4848129006632e-12	3.88899702307993e-13	-3.88899702307993e-13
46510.805	363.335	-436.482	1.65134134862223e-12	3.33516010507501e-13	-3.33516010507501e-13
50468.226	397.422	-347.251	1.01454274597078e-12	2.64941198230669e-13	-2.64941198230669e-13
51020.423	261.439	-154.775	1.81604347884359e-12	4.74247948254743e-13	-4.74247948254743e-13
51904.885	753.478	-623.023	1.02041380375475e-12	1.95973561144271e-13	-1.95973561144271e-13
56541.208	345.008	-715.17	9.38405745410574e-13	2.4671430697677e-13	-2.4671430697677e-13
57244.097	271.455	-357.881	1.1873368736302e-12	3.11529058508074e-13	-3.11529058508074e-13
57991.429	449.309	-475.876	1.02479459719262e-12	2.37970560231487e-13	-2.37970560231487e-13
62840.352	1385.200	-1041.867	9.63681400502906e-13	2.30871744351385e-13	-2.30871744351385e-13
68094.771	404.409	-590.995	6.89454812477359e-13	1.85569998356849e-13	-1.85569998356849e-13
69305.452	703.116	-806.272	4.82443102411271e-13	1.25559343930208e-13	-1.25559343930208e-13
74258.930	1534.520	-1078.49	4.58658073593417e-13	1.22175057732927e-13	-1.22175057732927e-13
79915.652	486.424	-847.469	5.07372813203933e-13	1.36487494760809e-13	-1.36487494760809e-13
81052.086	525.905	-650.01	6.52604096282907e-13	1.62900555407283e-13	-1.62900555407283e-13
86148.017	1214.441	-1327.961	2.84318247563201e-13	7.56362419095658e-14	-7.56362419095658e-14
91745.492	1399.257	-1108.043	3.77778059659209e-13	8.83635799560592e-14	-8.83635799560592e-14
97811.505	1117.422	-1389.878	2.85139885937664e-13	7.65411072724442e-14	-7.65411072724442e-14
105735.402	4761.661	-3528.945	2.28602927446032e-13	4.9349941305577e-14	-4.9349941305577e-14
122468.203	26216.251	-8669.206	2.62299516750686e-13	5.1947718022641e-14	-5.1947718022641e-14
285289.831	193453.100	-90467.577	7.21980509306198e-14	1.32387239146439e-14	-1.32387239146439e-14
