READ TERR 1 2
! xrtwtslewflux
72.1543304685895	0.483059565712324	-0.984701507606175	2.81755858228235e-08	3.43470221972665e-09	-3.41759739418636e-09
73.0854398560818	0.240520200803019	-0.448049821779975	6.08163934629326e-08	8.00315103421356e-09	-1.12089770149711e-08
73.7024339351482	0.45260205423935	-0.376473878263354	5.11287438039326e-08	6.42436455101124e-09	-8.35796415944374e-09
74.4823621425972	0.286439920970892	-0.327326153209711	9.6950442013534e-08	1.01961166591607e-08	-1.01632678152462e-08
75.1518841672534	0.303678798719517	-0.383082103685283	6.73269091301846e-08	8.18588944607286e-09	-8.1645905535586e-09
75.85133375352	0.342568278958311	-0.395770787547093	6.35248750668667e-08	7.72579145650976e-09	-7.70355456486084e-09
76.5242039740018	0.329757033696296	-0.330301941523501	7.01850910371809e-08	8.52519460692222e-09	-8.511197731091e-09
77.1204039198036	0.292205078121242	-0.266442912105461	8.49156511370468e-08	1.03652332434012e-08	-1.029823604479e-08
77.7958100273854	0.335448953945473	-0.383201029460622	6.55342140152767e-08	7.96211014855638e-09	-7.94735332131901e-09
78.4862843767812	0.338866606655429	-0.355025395450269	7.00007257743939e-08	8.46254947363475e-09	-8.4282355908144e-09
79.1529809263419	0.319774045742093	-0.327829942905311	7.35679877803176e-08	9.01104287602951e-09	-8.92438630298332e-09
80.1189217689686	0.607254254514686	-0.646166796884614	5.59425446348907e-08	5.87989802355972e-09	-6.52301742681317e-09
NO NO NO NO NO NO
! xrtwtflux
85.921	0.367	-0.375	2.48886354139397e-08	3.26744938085894e-09	-3.04741090275758e-09
86.650	0.315	-0.362	2.68040549080496e-08	3.56903047873948e-09	-3.35472669238514e-09
87.240	0.265	-0.276	3.28858991029488e-08	4.45522807008284e-09	-4.2063830445611e-09
87.875	0.361	-0.371	2.47031949590603e-08	3.14409567867689e-09	-3.0830202700514e-09
88.599	0.372	-0.363	2.40366409212851e-08	3.10420978552466e-09	-3.03254619655484e-09
89.235	0.323	-0.264	2.94473614010381e-08	3.87712159443127e-09	-3.7573319426783e-09
89.936	0.346	-0.378	2.37905493917318e-08	3.09415195167576e-09	-3.03383365697092e-09
90.649	0.311	-0.367	2.59483946234298e-08	3.34067826690125e-09	-3.23987174808969e-09
91.286	0.344	-0.327	2.48879270744239e-08	3.44802461681543e-09	-3.28588762570144e-09
91.908	0.234	-0.277	3.30226301091206e-08	4.25190114933752e-09	-4.08254682807655e-09
92.442	0.206	-0.301	3.22696525201586e-08	4.25107054312217e-09	-3.99708710188074e-09
92.971	0.306	-0.322	2.61727503252722e-08	3.52756621663836e-09	-3.30748751147335e-09
93.731	0.449	-0.455	1.90388014757595e-08	2.55871507761285e-09	-2.38505523618873e-09
94.434	0.260	-0.254	3.46144547926788e-08	4.55862132905283e-09	-4.32263904209407e-09
95.047	0.294	-0.352	2.85724510537882e-08	3.6685520275623e-09	-3.56652594719285e-09
95.635	0.310	-0.295	2.96079369112194e-08	3.86558083789464e-09	-3.73582329390952e-09
96.311	0.326	-0.366	2.6557718492467e-08	3.43026468595269e-09	-3.24850313385094e-09
96.975	0.313	-0.338	2.72986455807218e-08	3.61659456415645e-09	-3.4072610982469e-09
97.668	0.332	-0.38	2.73822619292865e-08	3.55615338033883e-09	-3.38120556663512e-09
98.274	0.239	-0.274	5.59587638843763e-08	6.04740857197091e-09	-5.84789094116517e-09
98.834	0.236	-0.321	3.61326184618757e-08	4.58928904356937e-09	-4.46160099812713e-09
99.319	0.290	-0.249	3.56471059571228e-08	4.78258635723598e-09	-4.54673167786185e-09
99.925	0.274	-0.316	3.14820429429202e-08	4.22328322830541e-09	-3.97159097737749e-09
100.588	0.360	-0.389	2.35016047026135e-08	3.21799841818275e-09	-3.00769024128787e-09
101.274	0.359	-0.325	2.57224804048019e-08	3.4974156664592e-09	-3.29170060428581e-09
101.950	0.300	-0.317	2.94649581288738e-08	3.76805944459378e-09	-3.68066676073634e-09
102.608	0.366	-0.358	2.40194132039608e-08	3.18609299116893e-09	-3.13549363867553e-09
103.414	0.293	-0.44	2.34919499737907e-08	3.09364420281725e-09	-3.00440889521213e-09
104.082	0.371	-0.374	2.28364847877756e-08	2.97978030171702e-09	-2.8274264916951e-09
104.836	0.403	-0.383	2.02351851107819e-08	2.79344289244209e-09	-2.56092801486642e-09
105.692	0.514	-0.452	1.528611987176e-08	2.23238430152029e-09	-2.04361763745088e-09
106.808	0.484	-0.603	1.37876985179419e-08	1.94944871166065e-09	-1.80448807476876e-09
107.898	0.595	-0.605	1.26042749446411e-08	1.68473277488029e-09	-1.59252766533993e-09
109.148	0.506	-0.654	1.29607175129862e-08	1.67684021237748e-09	-1.65841636528409e-09
110.266	0.747	-0.612	1.08723190849633e-08	1.43033601976447e-09	-1.43075984336958e-09
111.671	0.729	-0.659	1.06483525268849e-08	1.64099195211885e-09	-1.41006419059883e-09
112.720	0.255	-0.319	9.86314475746701e-09	1.22450910332008e-09	-1.21554698954731e-09
113.210	0.288	-0.235	7.18961726476049e-09	9.60096539546363e-10	-9.62031529855414e-10
113.759	0.268	-0.261	7.51195455407793e-09	9.21038249044656e-10	-9.23259245589761e-10
114.339	0.283	-0.313	6.51153031655363e-09	7.98518704459231e-10	-8.00560558453581e-10
114.927	0.296	-0.305	6.26517732464567e-09	7.78575942432237e-10	-7.80966259123246e-10
115.496	0.274	-0.272	6.82885588372944e-09	8.59538696846143e-10	-8.62206993731958e-10
116.083	0.304	-0.313	6.09862240098683e-09	7.58080813972251e-10	-7.60595537940768e-10
116.688	0.301	-0.3	6.3182908146908e-09	7.75752319226765e-10	-7.78565850922554e-10
117.249	0.288	-0.26	6.92372756248115e-09	8.50102641540475e-10	-8.53200209123217e-10
117.844	0.315	-0.308	6.02501421645482e-09	7.49335108364183e-10	-7.52217231906102e-10
118.513	0.342	-0.353	5.45482769482649e-09	6.70045248968665e-10	-6.72783552371529e-10
119.195	0.355	-0.34	5.33028036333512e-09	6.80606925510373e-10	-6.83801919912911e-10
119.794	0.334	-0.244	6.63688236170533e-09	8.16757102997924e-10	-8.2180845417417e-10
120.503	0.352	-0.374	5.31523089784737e-09	6.53870324172697e-10	-6.57627405846027e-10
121.215	0.323	-0.36	3.75865546077362e-09	5.73369471131799e-10	-5.75263551633374e-10
121.805	0.339	-0.267	4.57281113526641e-09	6.79920217663875e-10	-6.82908749040002e-10
122.460	0.255	-0.316	4.51038671682472e-09	6.88656485935761e-10	-6.91668629887108e-10
123.041	0.306	-0.325	4.01820236674544e-09	6.37349294453366e-10	-6.40034629055021e-10
123.686	0.319	-0.339	3.93545856333182e-09	6.00866274691787e-10	-6.03484378947627e-10
124.521	0.390	-0.515	2.92919481379766e-09	4.34173577410509e-10	-4.36170659377204e-10
125.210	0.272	-0.299	4.54218905236327e-09	6.80665740902302e-10	-6.8378853579436e-10
125.998	0.531	-0.515	2.53664354308291e-09	3.76265181220674e-10	-3.78352023945767e-10
126.938	0.339	-0.41	3.46888682331639e-09	5.19947664149875e-10	-5.22486642991683e-10
127.620	0.313	-0.343	3.84458210812745e-09	5.98465077837203e-10	-6.01320013796047e-10
128.265	0.352	-0.331	3.58481647478376e-09	5.80006080759587e-10	-5.82792371677764e-10
128.963	0.421	-0.346	3.3860907410526e-09	5.07862911069391e-10	-5.10769882237016e-10
129.810	0.406	-0.426	3.02889510905116e-09	4.71915430226009e-10	-4.74732326281921e-10
130.618	0.469	-0.401	2.98518022514943e-09	4.48163667310108e-10	-4.51313652853048e-10
131.418	0.439	-0.331	3.3726141408586e-09	5.06503630088895e-10	-5.10301472438048e-10
132.383	0.572	-0.526	2.3342060674163e-09	3.57438395555833e-10	-3.60416082761607e-10
133.483	0.639	-0.528	2.23703073980119e-09	3.36130560524142e-10	-3.38887926213427e-10
134.728	0.764	-0.606	1.88869111836876e-09	2.89075503657485e-10	-2.91287979513767e-10
135.992	0.529	-0.501	2.56086780722973e-09	3.84210678246039e-10	-3.86568933581077e-10
137.155	0.735	-0.633	1.87684690397958e-09	2.92466896784937e-10	-2.94274814909635e-10
138.388	0.363	-0.498	3.0617118826098e-09	4.59363505370039e-10	-4.62197250701524e-10
139.462	0.550	-0.711	2.08537716072067e-09	3.1301969206965e-10	-3.15141741661236e-10
140.617	0.550	-0.605	2.20780799680261e-09	3.43925732259548e-10	-3.45896565263032e-10
141.754	0.791	-0.587	1.91510014791942e-09	2.87101440812943e-10	-2.88567470210287e-10
143.180	0.660	-0.634	2.04397774237766e-09	3.12244330284255e-10	-3.13822124743473e-10
144.515	0.636	-0.676	2.06125205889937e-09	3.09143118053644e-10	-3.10893911368851e-10
145.863	0.650	-0.712	1.97685167573699e-09	3.0193320227347e-10	-3.03385467350562e-10
147.364	0.791	-0.851	1.55034181172093e-09	2.50615473657352e-10	-2.51533791682788e-10
149.130	0.794	-0.974	1.50524183983766e-09	2.25564569929299e-10	-2.26596952196397e-10
150.601	0.641	-0.677	1.99723138604079e-09	2.99255978345168e-10	-3.00582394365148e-10
152.574	1.086	-1.332	1.06481746458933e-09	1.62473513998742e-10	-1.63056237998733e-10
154.367	0.760	-0.706	1.76039947390987e-09	2.63513926406548e-10	-2.6437780842766e-10
156.271	1.184	-1.144	1.04235639037542e-09	1.6514678813547e-10	-1.65618944734244e-10
158.586	1.118	-1.131	1.08595091066623e-09	1.72008043718903e-10	-1.72451068443521e-10
160.495	0.985	-0.791	1.40269643285646e-09	2.17874204892053e-10	-2.18362427481964e-10
162.596	0.711	-1.116	1.30942516044172e-09	2.1551672700521e-10	-2.15926179322398e-10
164.376	1.196	-1.069	1.01942918096801e-09	1.74569213246742e-10	-1.74866059090966e-10
166.710	1.235	-1.138	1.07255065795067e-09	1.60337062520122e-10	-1.60650398952398e-10
169.029	1.198	-1.084	1.07761527499419e-09	1.67269558941058e-10	-1.6754438056102e-10
171.614	1.300	-1.386	9.1483206334802e-10	1.44720464982492e-10	-1.44924355614195e-10
174.263	1.151	-1.349	1.04620185857086e-09	1.59332798251565e-10	-1.59601313746172e-10
176.973	1.305	-1.559	9.4405570586032e-10	1.41034001004368e-10	-1.41234050596237e-10
180.164	1.347	-1.886	7.75661326323685e-10	1.22670602955458e-10	-1.2281763039764e-10
183.480	1.774	-1.97	6.48485949440503e-10	1.02537647199384e-10	-1.02646779193665e-10
186.872	1.687	-1.618	7.48101009193303e-10	1.13813658235541e-10	-1.13919932510205e-10
190.825	1.676	-2.265	6.04631713269149e-10	9.55624203937712e-11	-9.5637664000662e-11
194.496	1.778	-1.996	4.10888608739983e-10	8.18586492832541e-11	-8.18978032467918e-11
198.034	1.838	-1.76	6.80643222712241e-10	1.0352684635332e-10	-1.03608781793389e-10
201.846	1.514	-1.975	4.74523348105377e-10	8.67030322426967e-11	-8.67478561315305e-11
205.487	2.352	-2.127	4.91271794065171e-10	8.57160293871328e-11	-8.57638388947205e-11
209.973	1.772	-2.135	4.66385407828355e-10	8.41848310556374e-11	-8.42252930438058e-11
214.489	2.256	-2.744	3.30157775751478e-10	6.20576893058419e-11	-6.2084546735586e-11
219.776	3.977	-3.031	2.42930658316248e-10	4.4388226193535e-11	-4.44117216467894e-11
226.037	2.361	-2.284	3.29979417926035e-10	6.97841424659824e-11	-6.98117395457761e-11
231.194	2.027	-2.796	3.27558007008385e-10	6.72156626489738e-11	-6.72429778140552e-11
234.988	2.201	-1.767	3.950545332546e-10	8.10665933942186e-11	-8.10998245870925e-11
239.211	1.922	-2.022	4.32629004122131e-10	7.90551995261122e-11	-7.91002869896016e-11
244.886	1.919	-3.753	2.94434339199441e-10	5.53538756938664e-11	-5.53842875790388e-11
249.134	2.489	-2.329	3.45457794716766e-10	6.4948009752214e-11	-6.49847134175745e-11
254.932	2.414	-3.309	2.61512446045994e-10	5.53091679602123e-11	-5.53337201621656e-11
260.034	2.144	-2.688	3.49058612558547e-10	6.37850997378048e-11	-6.38220141694961e-11
266.781	4.375	-4.602	1.77162372930647e-10	3.5296096898039e-11	-3.53137332204271e-11
NO NO NO NO NO NO
! xrtpcflux
292.876	11.829	-15.752	1.46876982563407e-10	3.14530026588633e-11	-3.14530026588633e-11
318.298	11.480	-13.594	1.49589253557193e-10	3.29988046264982e-11	-3.29988046264982e-11
339.261	10.575	-9.483	1.7972142842718e-10	4.01869298727362e-11	-4.01869298727362e-11
369.468	22.993	-19.631	8.36584715037791e-11	1.88898871564724e-11	-1.88898871564724e-11
403.545	16.497	-11.084	1.39695290091491e-10	3.0531035809116e-11	-3.0531035809116e-11
434.035	8.573	-13.993	1.75211279313438e-10	3.91784304584289e-11	-3.91784304584289e-11
459.081	13.615	-16.473	1.36853752273314e-10	3.07506252129035e-11	-3.07506252129035e-11
494.489	13.310	-21.793	1.24228637512094e-10	2.67213338208875e-11	-2.67213338208875e-11
518.650	16.729	-10.852	1.39389874961454e-10	3.13204802494717e-11	-3.13204802494717e-11
550.412	15.055	-15.033	1.36134458081018e-10	2.98448775421101e-11	-2.98448775421101e-11
583.923	19.153	-18.457	1.08434336682124e-10	2.43648614053469e-11	-2.43648614053469e-11
622.843	15.337	-19.766	1.26154500407297e-10	2.75716343746234e-11	-2.75716343746234e-11
651.075	12.178	-12.895	1.7396389620065e-10	3.80205988783948e-11	-3.80205988783948e-11
682.616	20.753	-19.364	1.11358871238543e-10	2.37767520837765e-11	-2.37767520837765e-11
718.855	19.618	-15.485	1.12470378093725e-10	2.46188853083462e-11	-2.46188853083462e-11
750.671	12.875	-12.199	1.52498284110188e-10	3.34323369163928e-11	-3.34323369163928e-11
780.495	15.645	-16.95	1.17091189141321e-10	2.55908126178029e-11	-2.55908126178029e-11
814.888	13.848	-18.748	1.09603005108295e-10	2.46675419255873e-11	-2.46675419255873e-11
862.405	36.529	-33.669	9.15606729260544e-11	1.53566926706247e-11	-1.53566926706247e-11
11755.043	24.833	-27.82	4.6509122092146e-11	1.04591117262833e-11	-1.04591117262833e-11
11820.980	31.609	-41.104	3.21020438570561e-11	7.21920678880185e-12	-7.21920678880185e-12
11875.925	16.781	-23.336	5.66657293302251e-11	1.23877968521335e-11	-1.23877968521335e-11
11928.923	31.481	-36.217	3.07168483388994e-11	6.90770198234038e-12	-6.90770198234038e-12
11986.719	26.338	-26.316	4.0884329815124e-11	8.97017489423254e-12	-8.97017489423254e-12
12038.542	22.155	-25.484	4.49150338842761e-11	9.85452933086729e-12	-9.85452933086729e-12
12091.522	36.872	-30.825	2.96023382888348e-11	6.65706512392906e-12	-6.65706512392906e-12
12145.816	15.173	-17.422	6.02890854066486e-11	1.35579929121834e-11	-1.35579929121834e-11
12192.541	31.132	-31.552	3.31188484486937e-11	7.14698879042586e-12	-7.14698879042586e-12
12259.779	26.576	-36.107	3.26037317473039e-11	7.17938703981917e-12	-7.17938703981917e-12
12311.190	22.805	-24.834	4.61784861978498e-11	9.86225061655351e-12	-9.86225061655351e-12
12356.554	20.059	-22.559	6.16226993882812e-11	1.21381997802302e-11	-1.21381997802302e-11
17134.626	22.871	-32.29	3.73891946434138e-11	8.17374175319885e-12	-8.17374175319885e-12
17195.215	37.502	-37.718	2.63742545946322e-11	5.95385961731262e-12	-5.95385961731262e-12
17273.950	36.494	-41.233	2.78895521999602e-11	6.26001550138802e-12	-6.26001550138802e-12
17339.033	29.080	-28.589	4.05666884758114e-11	8.96560574366411e-12	-8.96560574366411e-12
17416.274	29.566	-48.161	3.02320318610558e-11	6.68155434866743e-12	-6.68155434866743e-12
17469.403	31.598	-23.563	3.98840669416975e-11	8.93528161722468e-12	-8.93528161722468e-12
17532.087	46.641	-31.086	2.94091429940937e-11	6.4642584029112e-12	-6.4642584029112e-12
17607.681	21.194	-28.953	4.19916099804511e-11	9.40743345378501e-12	-9.40743345378501e-12
17657.953	31.098	-29.078	2.46189557151369e-11	5.6123247782547e-12	-5.6123247782547e-12
17717.377	24.327	-28.327	2.35514097617369e-11	5.26625573684591e-12	-5.26625573684591e-12
17775.704	36.203	-34	2.79019914688199e-11	5.03631936315457e-12	-5.03631936315457e-12
23200.250	45.919	-31.808	1.6118078606186e-11	3.53520883419691e-12	-3.53520883419691e-12
23281.796	37.084	-35.628	1.97045407841422e-11	4.33280001250576e-12	-4.33280001250576e-12
23376.021	58.196	-57.141	1.82145543429249e-11	4.11606023141701e-12	-4.11606023141701e-12
23476.205	38.247	-41.987	2.66205926628771e-11	5.97604529051322e-12	-5.97604529051322e-12
23571.471	48.289	-57.019	2.02202772863421e-11	4.54522457168833e-12	-4.54522457168833e-12
23682.792	52.304	-63.033	1.98008831134336e-11	4.47453345098138e-12	-4.47453345098138e-12
23786.974	70.980	-51.878	1.733044551292e-11	3.18390154089968e-12	-3.18390154089968e-12
27446.109	1717.308	-343.181	1.97499357788894e-11	4.72580907355876e-12	-4.72580907355876e-12
29246.121	72.750	-82.705	1.34812083968785e-11	3.0382655297111e-12	-3.0382655297111e-12
29361.362	30.221	-42.491	2.27328934550128e-11	5.10319718063192e-12	-5.10319718063192e-12
29429.062	25.205	-37.479	1.83996576070589e-11	4.119774263145e-12	-4.119774263145e-12
29490.113	39.373	-35.847	1.51021291504152e-11	3.39502054774822e-12	-3.39502054774822e-12
29559.272	37.910	-29.786	1.76428649907809e-11	3.85977838415537e-12	-3.85977838415537e-12
32904.258	47.481	-75.378	1.08158537552912e-11	2.36621925629691e-12	-2.36621925629691e-12
33008.391	51.162	-56.653	1.19532139669017e-11	2.69798834906949e-12	-2.69798834906949e-12
33097.695	32.064	-38.141	1.90629508435814e-11	4.18110440182624e-12	-4.18110440182624e-12
33165.479	47.021	-35.72	1.54723854737431e-11	3.468977324483e-12	-3.468977324483e-12
33256.990	48.281	-44.49	1.39891584688996e-11	3.12807053337544e-12	-3.12807053337544e-12
33333.850	31.597	-28.578	2.18496885763513e-11	4.91851346328816e-12	-4.91851346328816e-12
33419.907	50.842	-54.461	1.97051202528066e-11	3.55135894251092e-12	-3.55135894251092e-12
35169.707	55.555	-49.753	1.13588539399282e-11	2.54688246377421e-12	-2.54688246377421e-12
35278.855	56.727	-53.593	1.35242418899433e-11	2.72271829163451e-12	-2.72271829163451e-12
38699.483	60.320	-70.061	1.0589820434457e-11	2.3774722445207e-12	-2.3774722445207e-12
38809.816	50.280	-50.013	1.3596331746076e-11	3.04836729282112e-12	-3.04836729282112e-12
38944.548	53.450	-84.453	9.45451282179586e-12	2.07633621675789e-12	-2.07633621675789e-12
39068.306	60.072	-70.308	8.78460074285079e-12	1.97483708017454e-12	-1.97483708017454e-12
39178.853	39.789	-50.475	1.37859937749984e-11	2.94991936577572e-12	-2.94991936577572e-12
39253.737	42.632	-35.095	1.46134562852568e-11	3.29403980877055e-12	-3.29403980877055e-12
39343.372	58.305	-47.003	1.08434386614722e-11	2.43441198970239e-12	-2.43441198970239e-12
39435.396	31.471	-33.719	1.764431648265e-11	3.95594603207867e-12	-3.95594603207867e-12
39528.281	63.944	-61.414	1.42291836859191e-11	2.57559121687141e-12	-2.57559121687141e-12
44436.274	61.330	-91.616	8.40885448091705e-12	1.87061834604815e-12	-1.87061834604815e-12
44606.469	56.617	-108.864	1.01015756998325e-11	1.9673845837376e-12	-1.9673845837376e-12
91982.804	82.675	-112.896	5.13213295241787e-12	1.33275305105645e-12	-1.33275305105645e-12
92253.895	152.581	-188.416	2.91985038900922e-12	7.65310635689052e-13	-7.65310635689052e-13
92584.264	148.155	-177.788	4.24403130976178e-12	9.43117824390127e-13	-9.43117824390127e-13
97183.379	59.096	-113.909	5.1616719802061e-12	1.33734761809937e-12	-1.33734761809937e-12
97380.101	118.122	-137.625	3.45137076095452e-12	9.06765072928936e-13	-9.06765072928936e-13
97607.650	88.651	-109.428	5.93957703660083e-12	1.33042309197318e-12	-1.33042309197318e-12
97852.658	61.781	-156.356	3.94102153098369e-12	1.03059115331984e-12	-1.03059115331984e-12
98029.276	108.315	-114.837	4.05790818004886e-12	1.02664013547327e-12	-1.02664013547327e-12
98319.518	154.040	-181.927	4.60374598233315e-12	8.91110385323992e-13	-8.91110385323992e-13
103238.948	101.233	-104.368	4.36149520953654e-12	1.14475472479015e-12	-1.14475472479015e-12
103426.837	88.857	-86.656	5.14923240255108e-12	1.34357705838142e-12	-1.34357705838142e-12
103649.318	69.469	-133.625	4.50125719647078e-12	1.16901173412359e-12	-1.16901173412359e-12
103809.456	87.351	-90.669	5.12372079997759e-12	1.3291169815834e-12	-1.3291169815834e-12
104285.116	4961.858	-388.309	3.52321056654074e-12	7.23750638925728e-13	-7.23750638925728e-13
125394.098	297.562	-269.088	2.51653658683964e-12	5.52457316811805e-13	-5.52457316811805e-13
144013.714	276.532	-234.957	2.32849005460974e-12	5.71069841969605e-13	-5.71069841969605e-13
155564.263	247.944	-318.705	2.33760383613003e-12	5.25819570131947e-13	-5.25819570131947e-13
164991.710	2280.491	-4032.307	1.54387345181731e-12	3.20218709920655e-13	-3.20218709920655e-13
188821.235	7129.672	-5031.464	1.40345241661525e-12	2.205566679008e-13	-2.205566679008e-13
260054.370	9224.554	-3127.371	9.80957485585694e-13	2.06068962133997e-13	-2.06068962133997e-13
327354.745	5275.690	-7306.979	6.09675579934388e-13	1.19050790556214e-13	-1.19050790556214e-13
409375.068	27475.589	-26081.1	4.01827712388809e-13	1.01538512108395e-13	-1.01538512108395e-13
445644.898	8066.229	-4426.359	4.27086149833963e-13	9.59525976993223e-14	-9.59525976993223e-14
473812.513	2878.817	-4650.504	7.01800860969383e-13	1.76132510304572e-13	-1.76132510304572e-13
574167.126	10345.406	-18861.723	3.1929057080391e-13	6.6010755502488e-14	-6.6010755502488e-14
901558.590	16852.915	-30266.012	1.56489827616741e-13	4.06156759313184e-14	-4.06156759313184e-14
1005255.318	28294.847	-35977.942	2.39577091679855e-13	6.28058772764396e-14	-6.28058772764396e-14
1266786.188	409364.805	-131143.644	3.27733089977138e-14	1.29820009246879e-14	-1.0604367969604e-14
NO NO NO NO NO NO
! batSNR4flux
0.421000022888184	0.02	-0.02	4.23560778320212e-08	1.01529940599812e-08	-1.01529940599812e-08
0.481000025272369	0.04	-0.04	1.84570745710221e-08	8.25463917791378e-09	-8.25463917791378e-09
0.561000008583069	0.04	-0.04	4.77743397305233e-08	9.94200996659225e-09	-9.94200996659225e-09
0.621000070571899	0.02	-0.02	7.84045811964317e-08	1.73279923429657e-08	-1.73279923429657e-08
0.72100000500679	0.08	-0.08	5.13403642377807e-08	1.12001638677644e-08	-1.12001638677644e-08
0.820999999046326	0.02	-0.02	1.39696668468272e-07	2.86935172659574e-08	-2.86935172659574e-08
0.90100000222524	0.06	-0.06	8.0052216902723e-08	2.02495209900144e-08	-2.02495209900144e-08
0.980999965667725	0.02	-0.02	2.19686059589847e-07	4.70759563564116e-08	-4.70759563564116e-08
1.04100002765656	0.04	-0.04	6.27589899209452e-08	2.84230500311694e-08	-2.84230500311694e-08
1.1009999704361	0.02	-0.02	2.15610854590066e-07	4.40808980614348e-08	-4.40808980614348e-08
1.20100002408028	0.08	-0.08	1.05855569894566e-07	2.16896342058384e-08	-2.16896342058384e-08
1.32099999904633	0.04	-0.04	1.21799517437355e-07	2.71117453675351e-08	-2.71117453675351e-08
1.42100002288818	0.06	-0.06	9.4503095679344e-08	2.24145959266917e-08	-2.24145959266917e-08
1.50100006580353	0.02	-0.02	1.49994415949224e-07	3.40307312911787e-08	-3.40307312911787e-08
1.58100002924601	0.06	-0.06	6.37086391915943e-08	1.46469428571369e-08	-1.46469428571369e-08
1.70099999427795	0.06	-0.06	3.06875203296043e-08	9.19726804173276e-09	-9.19726804173276e-09
1.80100001811981	0.04	-0.04	3.77329368077334e-08	7.79985518040731e-09	-7.79985518040731e-09
1.88100000143051	0.04	-0.04	2.71877570776607e-08	5.66621854336193e-09	-5.66621854336193e-09
1.96099998474121	0.04	-0.04	1.66621347655757e-08	4.1702597545994e-09	-4.1702597545994e-09
2.04100002765656	0.04	-0.04	1.71774937547331e-08	3.64310894233112e-09	-3.64310894233112e-09
2.12100001096725	0.04	-0.04	1.22566701365985e-08	3.13088468354613e-09	-3.13088468354613e-09
2.18100001335144	0.02	-0.02	2.11752194514301e-08	4.45398711691381e-09	-4.45398711691381e-09
2.24100001573563	0.04	-0.04	1.55365733218503e-08	3.1568256530773e-09	-3.1568256530773e-09
2.32099999904633	0.04	-0.04	1.06056383194329e-08	2.95357163102398e-09	-2.95357163102398e-09
2.38100006103516	0.02	-0.02	1.96981673912398e-08	4.39255004370613e-09	-4.39255004370613e-09
2.42100002288818	0.02	-0.02	1.87539096077636e-08	4.37694612545894e-09	-4.37694612545894e-09
2.46099998474121	0.02	-0.02	1.47373852370153e-08	4.05168218126511e-09	-4.05168218126511e-09
2.50100006580353	0.02	-0.02	1.7247041497117e-08	3.65606930474423e-09	-3.65606930474423e-09
2.54100002765656	0.02	-0.02	1.60557161570078e-08	3.73693476973509e-09	-3.73693476973509e-09
2.58099998950958	0.02	-0.02	1.53614593071739e-08	3.7133506698561e-09	-3.7133506698561e-09
2.6210000705719	0.02	-0.02	1.24980630730356e-08	3.7074723183437e-09	-3.7074723183437e-09
2.66100003242493	0.02	-0.02	1.62954472073863e-08	3.99534320789262e-09	-3.99534320789262e-09
2.70099999427795	0.02	-0.02	2.17233449738192e-08	4.69960319686747e-09	-4.69960319686747e-09
2.76099999666214	0.04	-0.04	1.67675303305258e-08	4.47025710797037e-09	-4.47025710797037e-09
2.82099999904633	0.02	-0.02	3.36801011609766e-08	7.69403480020907e-09	-7.69403480020907e-09
2.86099996089935	0.02	-0.02	4.21451542863557e-08	9.26406055780899e-09	-9.26406055780899e-09
2.90100004196167	0.02	-0.02	4.46889574490924e-08	9.8048873856313e-09	-9.8048873856313e-09
2.9410000038147	0.02	-0.02	5.90896698579096e-08	1.17706416743923e-08	-1.17706416743923e-08
2.98099996566772	0.02	-0.02	5.42502037576959e-08	1.37087110568422e-08	-1.37087110568422e-08
3.02100004673004	0.02	-0.02	6.33143751356429e-08	1.57760493180343e-08	-1.57760493180343e-08
3.08099998950958	0.04	-0.04	5.64367182784006e-08	1.39509808840947e-08	-1.39509808840947e-08
3.16100003242493	0.04	-0.04	6.75129820985936e-08	1.75902897854815e-08	-1.75902897854815e-08
3.24100001573563	0.04	-0.04	1.09168159510549e-07	2.25901770984956e-08	-2.25901770984956e-08
3.30100001811981	0.02	-0.02	1.51529331477141e-07	3.71237077928305e-08	-3.71237077928305e-08
3.361000020504	0.04	-0.04	8.89771168330263e-08	2.48429094204472e-08	-2.48429094204472e-08
3.4410000038147	0.04	-0.04	1.65254406636858e-07	3.20904929338548e-08	-3.20904929338548e-08
3.54100002765656	0.06	-0.06	1.28148312621515e-07	3.08252492264711e-08	-3.08252492264711e-08
3.66100003242493	0.06	-0.06	1.2681842924243e-07	3.85081902249118e-08	-3.85081902249118e-08
3.80099998831749	0.08	-0.08	1.78792947984832e-07	3.47938755783577e-08	-3.47938755783577e-08
3.9410000038147	0.06	-0.06	1.31009385708583e-07	2.57119335359563e-08	-2.57119335359563e-08
4.02100004673004	0.02	-0.02	1.36097734539448e-07	3.24749145729243e-08	-3.24749145729243e-08
4.12100001096725	0.08	-0.08	5.44431263713066e-08	1.34138199814102e-08	-1.34138199814102e-08
4.28100000739098	0.08	-0.08	2.2262574470351e-08	8.04915756744116e-09	-8.04915756744116e-09
4.38100006103516	0.02	-0.02	5.08951565529256e-08	1.15199411008767e-08	-1.15199411008767e-08
4.48100002527237	0.08	-0.08	1.81735592816384e-08	4.45444914594571e-09	-4.45444914594571e-09
4.60100003004074	0.04	-0.04	1.98207070408064e-08	4.44083752312034e-09	-4.44083752312034e-09
4.70099999427795	0.06	-0.06	7.24308277327856e-09	2.57320116164702e-09	-2.57320116164702e-09
4.82099999904633	0.06	-0.06	8.47390538510504e-09	1.84795162690452e-09	-1.84795162690452e-09
4.9410000038147	0.06	-0.06	9.88463184080896e-09	2.13250864207726e-09	-2.13250864207726e-09
5.14100001743862	0.14	-0.14	7.00050133999896e-09	1.89451380500487e-09	-1.89451380500487e-09
5.32099999904633	0.04	-0.04	1.92707638962531e-08	4.65178119087101e-09	-4.65178119087101e-09
5.44100003361702	0.08	-0.08	1.65088135430598e-08	3.75827132971484e-09	-3.75827132971484e-09
5.64100001176198	0.12	-0.12	1.82376508336863e-08	4.17516036015758e-09	-4.17516036015758e-09
5.88100000143051	0.12	-0.12	2.3249053985589e-08	5.83437442158361e-09	-5.83437442158361e-09
6.04100002765655	0.04	-0.04	5.84838529347769e-08	1.33063505839978e-08	-1.33063505839978e-08
6.20100001414617	0.12	-0.12	3.22259617746581e-08	9.23560469358438e-09	-9.23560469358438e-09
6.38100002129873	0.06	-0.06	5.62989626163362e-08	1.3885501150632e-08	-1.3885501150632e-08
6.58100002356938	0.14	-0.14	3.66941851713085e-08	8.73776744168376e-09	-8.73776744168376e-09
6.74099995613098	0.02	-0.02	1.04590367190921e-07	2.3451286676472e-08	-2.3451286676472e-08
6.80100001811981	0.04	-0.04	5.45546832775306e-08	1.66097145576077e-08	-1.66097145576077e-08
6.88100000143051	0.04	-0.04	6.54641366113668e-08	1.58025424024051e-08	-1.58025424024051e-08
7.16100001255671	0.24	-0.24	3.08123570090027e-08	6.4220666024118e-09	-6.4220666024118e-09
7.64100001176198	0.24	-0.24	2.14250676437066e-08	5.88297513159722e-09	-5.88297513159722e-09
7.9410000038147	0.06	-0.06	6.57274985853247e-08	1.47039709792742e-08	-1.47039709792742e-08
8.24100001573562	0.24	-0.24	3.84016907114321e-08	9.06520408823843e-09	-9.06520408823843e-09
8.56100003838539	0.08	-0.08	9.27173571333491e-08	2.03089542740537e-08	-2.03089542740537e-08
8.72100000500679	0.08	-0.08	1.13103526679879e-07	2.26636335971863e-08	-2.26636335971863e-08
9.00100000619888	0.2	-0.2	4.24224630877033e-08	9.11568453953653e-09	-9.11568453953653e-09
9.30100001811981	0.1	-0.1	3.2733326357679e-08	7.99893746063747e-09	-7.99893746063747e-09
9.50100001811981	0.1	-0.1	2.73906935449157e-08	7.13765227749086e-09	-7.13765227749086e-09
9.70100001811981	0.1	-0.1	3.58686610759793e-08	8.91700247320856e-09	-8.91700247320856e-09
9.84099997997284	0.04	-0.04	7.28514599081063e-08	1.76406529830716e-08	-1.76406529830716e-08
9.92100002288818	0.04	-0.04	7.4720719036125e-08	1.95712513953265e-08	-1.95712513953265e-08
10.0010000061989	0.04	-0.04	8.58787788238962e-08	2.12886473481647e-08	-2.12886473481647e-08
10.0809999895096	0.04	-0.04	9.08088521495194e-08	2.32896155652038e-08	-2.32896155652038e-08
10.1610000324249	0.04	-0.04	8.20805541241438e-08	1.98149258108676e-08	-1.98149258108676e-08
10.2610000165304	0.06	-0.06	6.97918201408507e-08	1.23638305895961e-08	-1.23638305895961e-08
10.3409999799728	0.02	-0.02	8.35012441361593e-08	1.8641548135263e-08	-1.8641548135263e-08
10.3810000610352	0.02	-0.02	7.06899600398777e-08	1.73811221391751e-08	-1.73811221391751e-08
10.4210000228882	0.02	-0.02	6.7143842821186e-08	1.58529269723604e-08	-1.58529269723604e-08
10.4609999847412	0.02	-0.02	4.08925459267685e-08	1.38332111580057e-08	-1.38332111580057e-08
10.5010000658035	0.02	-0.02	6.47509321813116e-08	1.43318719332314e-08	-1.43318719332314e-08
10.5410000276566	0.02	-0.02	5.85221220332044e-08	1.4233754770742e-08	-1.4233754770742e-08
10.5809999895096	0.02	-0.02	7.13093968321391e-08	1.37315272031175e-08	-1.37315272031175e-08
10.6210000705719	0.02	-0.02	5.88990719983592e-08	1.3361826046465e-08	-1.3361826046465e-08
10.6610000324249	0.02	-0.02	5.74631330985644e-08	1.23932177351232e-08	-1.23932177351232e-08
10.700999994278	0.02	-0.02	4.25953353171602e-08	1.36251392052105e-08	-1.36251392052105e-08
10.740999956131	0.02	-0.02	7.03832784152947e-08	1.64164310341605e-08	-1.64164310341605e-08
10.7810000371933	0.02	-0.02	6.71677612716245e-08	1.9425170736605e-08	-1.9425170736605e-08
10.8209999990463	0.02	-0.02	1.29342968722338e-07	2.45386522853546e-08	-2.45386522853546e-08
10.8609999608994	0.02	-0.02	1.13420136920459e-07	2.76970721612194e-08	-2.76970721612194e-08
10.9210000228882	0.04	-0.04	1.31029046141263e-07	2.44192736913974e-08	-2.44192736913974e-08
10.9809999656677	0.02	-0.02	2.10322103888674e-07	4.27585693056353e-08	-4.27585693056353e-08
11.02100004673	0.02	-0.02	1.71818656524628e-07	4.09707210046562e-08	-4.09707210046562e-08
11.0809999895096	0.04	-0.04	6.20851185029574e-08	1.9486121186535e-08	-1.9486121186535e-08
11.1410000514984	0.02	-0.02	1.33391491420444e-07	2.3868388295376e-08	-2.3868388295376e-08
11.200999994278	0.04	-0.04	6.106174737002e-08	1.20486140774067e-08	-1.20486140774067e-08
11.2610000562668	0.02	-0.02	6.15434382416081e-08	1.41079085530628e-08	-1.41079085530628e-08
11.3010000181198	0.02	-0.02	6.43143069739779e-08	1.2826232817741e-08	-1.2826232817741e-08
11.3810000212987	0.06	-0.06	5.61105078791545e-08	1.12624848795333e-08	-1.12624848795333e-08
11.4609999847412	0.02	-0.02	1.40480301675329e-07	2.7663504072785e-08	-2.7663504072785e-08
11.5010000658035	0.02	-0.02	8.68664130814584e-08	2.98986363400805e-08	-2.98986363400805e-08
11.5410000276566	0.02	-0.02	1.75066532467725e-07	3.20194094053925e-08	-3.20194094053925e-08
11.6010000300407	0.04	-0.04	8.77410547679653e-08	1.58736707534213e-08	-1.58736707534213e-08
11.6610000324249	0.02	-0.02	7.43026833445266e-08	1.50525606901414e-08	-1.50525606901414e-08
11.700999994278	0.02	-0.02	2.67864612865528e-08	1.17373607810162e-08	-1.17373607810162e-08
11.740999956131	0.02	-0.02	4.27076886640527e-08	1.03739443279899e-08	-1.03739443279899e-08
11.8010000181198	0.04	-0.04	1.88022177200955e-08	4.76824033373333e-09	-4.76824033373333e-09
11.8609999608994	0.02	-0.02	5.79362221553118e-08	1.03921002547155e-08	-1.03921002547155e-08
11.9010000419617	0.02	-0.02	2.98857093534012e-08	1.14644231345084e-08	-1.14644231345084e-08
11.9410000038147	0.02	-0.02	5.68686262161693e-08	1.3401122231011e-08	-1.3401122231011e-08
12.0010000061989	0.04	-0.04	6.3792471160439e-08	1.3253364413226e-08	-1.3253364413226e-08
12.0809999895096	0.04	-0.04	9.60639894820865e-08	1.97273599858876e-08	-1.97273599858876e-08
12.1410000514984	0.02	-0.02	8.75122280618329e-08	1.90974736922393e-08	-1.90974736922393e-08
12.200999994278	0.04	-0.04	3.55092349379382e-08	7.84152188091658e-09	-7.84152188091658e-09
12.2810000371933	0.04	-0.04	1.85135418097077e-08	4.35866674655354e-09	-4.35866674655354e-09
12.361000020504	0.04	-0.04	7.09418342654551e-09	2.10203604047491e-09	-2.10203604047491e-09
12.4410000038147	0.04	-0.04	1.17001474731643e-08	2.22236846804037e-09	-2.22236846804037e-09
12.5410000276566	0.06	-0.06	2.13582594391519e-08	5.27929496453217e-09	-5.27929496453217e-09
12.6210000705719	0.02	-0.02	9.04859809978727e-08	2.18808493835821e-08	-2.18808493835821e-08
12.6610000324249	0.02	-0.02	1.36558370482919e-07	3.21432442638101e-08	-3.21432442638101e-08
12.700999994278	0.02	-0.02	1.67637642004868e-07	5.17691898578864e-08	-5.17691898578864e-08
12.740999956131	0.02	-0.02	2.37448611051301e-07	5.32661855223401e-08	-5.32661855223401e-08
12.7810000371933	0.02	-0.02	1.52625867276749e-07	4.26404571150049e-08	-4.26404571150049e-08
12.8209999990463	0.02	-0.02	1.60218094455487e-07	3.68697167624759e-08	-3.68697167624759e-08
12.8810000014305	0.04	-0.04	7.57191378428179e-08	2.01780790277704e-08	-2.01780790277704e-08
12.9810000054042	0.06	-0.06	4.73288857390401e-08	1.1824402307275e-08	-1.1824402307275e-08
13.0610000085831	0.02	-0.02	7.04699754538429e-08	1.73112884653103e-08	-1.73112884653103e-08
13.1210000109673	0.04	-0.04	3.48116968469021e-08	1.03807614447517e-08	-1.03807614447517e-08
13.200999994278	0.04	-0.04	4.1164794534973e-08	9.51663126401057e-09	-9.51663126401057e-09
13.2810000371933	0.04	-0.04	3.96236377742882e-08	7.84351850732572e-09	-7.84351850732572e-09
13.361000020504	0.04	-0.04	3.26327799665649e-08	7.71995339338349e-09	-7.71995339338349e-09
13.4610000244776	0.06	-0.06	2.97587701548032e-08	6.37002217213222e-09	-6.37002217213222e-09
13.581000029246	0.06	-0.06	2.74098161399162e-08	6.53423540282837e-09	-6.53423540282837e-09
13.6810000133514	0.04	-0.04	3.85459062444303e-08	7.65228995883421e-09	-7.65228995883421e-09
13.7609999966621	0.04	-0.04	4.14557202573818e-08	9.2457680570049e-09	-9.2457680570049e-09
13.8409999799728	0.04	-0.04	5.70569896621265e-08	1.281444965565e-08	-1.281444965565e-08
13.9210000228882	0.04	-0.04	8.9299881236685e-08	1.78506253722552e-08	-1.78506253722552e-08
14.0409999978542	0.08	-0.08	7.18028029273092e-08	2.0208198391156e-08	-2.0208198391156e-08
14.1410000514984	0.02	-0.02	2.76012361296093e-07	6.37293975267723e-08	-6.37293975267723e-08
14.200999994278	0.04	-0.04	2.44588486915408e-07	5.80515171676074e-08	-5.80515171676074e-08
14.361000020504	0.12	-0.12	1.67558046394056e-07	3.65823182042837e-08	-3.65823182042837e-08
14.52100004673	0.04	-0.04	1.66514862094898e-07	3.98010999735907e-08	-3.98010999735907e-08
14.6410000216961	0.08	-0.08	8.10092332160065e-08	1.91630613295787e-08	-1.91630613295787e-08
14.8009999883175	0.08	-0.08	5.07970720631861e-08	1.185930228582e-08	-1.185930228582e-08
14.9210000228882	0.04	-0.04	4.89428261718222e-08	1.11625647802929e-08	-1.11625647802929e-08
15.0010000061989	0.04	-0.04	3.61236505388107e-08	8.90938076597341e-09	-8.90938076597341e-09
15.0809999895096	0.04	-0.04	3.11106920731653e-08	6.91298887291902e-09	-6.91298887291902e-09
15.2210000228882	0.1	-0.1	1.12933500866519e-08	2.88254366785581e-09	-2.88254366785581e-09
15.3409999799728	0.02	-0.02	3.10263306388947e-08	7.3499773262568e-09	-7.3499773262568e-09
15.4810000252724	0.12	-0.12	1.63669516681258e-08	3.97201159607971e-09	-3.97201159607971e-09
15.6610000324249	0.06	-0.06	3.52992799723422e-08	8.34416387291095e-09	-8.34416387291095e-09
15.8609999949591	0.14	-0.14	4.3265125263401e-08	9.22441512443498e-09	-9.22441512443498e-09
16.1610000175238	0.16	-0.16	6.24640661676966e-08	1.7365385227402e-08	-1.7365385227402e-08
16.3810000212987	0.06	-0.06	1.99360631983839e-07	4.79292386557192e-08	-4.79292386557192e-08
16.5410000276566	0.1	-0.1	1.43897271689958e-07	5.70571002568038e-08	-5.70571002568038e-08
16.7609999966621	0.12	-0.12	3.08379264913207e-07	6.88614236220678e-08	-6.88614236220678e-08
16.9210000228882	0.04	-0.04	5.28432586720809e-07	1.31344371478091e-07	-1.31344371478091e-07
17.1610000085831	0.2	-0.2	3.11650201500952e-07	7.05381726565598e-08	-7.05381726565598e-08
17.561000020504	0.2	-0.2	2.79287974662952e-07	9.64544404277191e-08	-9.64544404277191e-08
17.921000007987	0.16	-0.16	6.57466375932591e-07	1.42277722989748e-07	-1.42277722989748e-07
18.1210000109673	0.04	-0.04	1.20736990134827e-06	2.78978292919354e-07	-2.78978292919354e-07
18.2410000157356	0.08	-0.08	5.10525565631378e-07	1.60543925948434e-07	-1.60543925948434e-07
18.4010000121593	0.08	-0.08	5.32463287541632e-07	1.29509565213305e-07	-1.29509565213305e-07
18.6810000133514	0.2	-0.2	2.53084494081696e-07	5.98111555430922e-08	-5.98111555430922e-08
19.0810000133514	0.2	-0.2	1.26435521291841e-07	3.51836326903548e-08	-3.51836326903548e-08
19.5010000224547	0.22	-0.22	9.36566040076525e-08	2.23038802295306e-08	-2.23038802295306e-08
19.7809999974569	0.06	-0.06	1.78591369390232e-07	4.05359790186548e-08	-4.05359790186548e-08
19.9010000022252	0.06	-0.06	1.66743392893163e-07	4.08396989943977e-08	-4.08396989943977e-08
20.1210000109673	0.16	-0.16	1.09170358912016e-07	2.37006591972732e-08	-2.37006591972732e-08
20.6010000151396	0.32	-0.32	5.65030295332084e-08	1.55351284474534e-08	-1.55351284474534e-08
20.9810000054042	0.06	-0.06	1.33492267896663e-07	3.24072062414646e-08	-3.24072062414646e-08
21.4010000154707	0.36	-0.36	5.17264145357969e-08	1.26933959728302e-08	-1.26933959728302e-08
21.9410000038147	0.18	-0.18	6.72172936277563e-08	1.61824557093821e-08	-1.61824557093821e-08
22.8410000097752	0.24	-0.24	5.1413503862869e-08	1.19631251764318e-08	-1.19631251764318e-08
24.0410000127554	0.960000000000001	-0.960000000000001	2.8960884133881e-08	5.61675215910775e-09	-5.61675215910775e-09
25.2410000157356	0.24	-0.24	4.63198534115536e-08	1.10879079417782e-08	-1.10879079417782e-08
26.0810000173251	0.6	-0.6	2.74689870620604e-08	7.01388211147458e-09	-7.01388211147458e-09
26.9810000054042	0.3	-0.3	4.35364105030671e-08	9.93764462537475e-09	-9.93764462537475e-09
28.2610000124756	0.980000000000001	-0.980000000000001	2.00280110378531e-08	5.37744651271913e-09	-5.37744651271913e-09
30.2210000141299	0.980000000000001	-0.980000000000001	2.20437601798994e-08	5.20892541888026e-09	-5.20892541888026e-09
31.461000021421	0.26	-0.26	4.23168575556009e-08	1.00989952271166e-08	-1.00989952271166e-08
32.4210000092643	0.7	-0.7	2.57023011902005e-08	5.9541036304581e-09	-5.9541036304581e-09
33.3410000233217	0.22	-0.22	4.26473314394961e-08	1.01932324798727e-08	-1.01932324798727e-08
34.1810000133514	0.62	-0.62	1.78848619170193e-08	5.72529840213565e-09	-5.72529840213565e-09
34.9609999996424	0.16	-0.16	4.65885844781075e-08	1.05020373329363e-08	-1.05020373329363e-08
37.8410000141579	2.72	-2.72	1.1875369348375e-08	2.15793297522951e-09	-2.15793297522951e-09
41.2410000122295	0.68	-0.68	1.43638451304878e-08	3.50725894414913e-09	-3.50725894414913e-09
43.3610000138812	1.44	-1.44	9.46035160370888e-09	2.09504634019361e-09	-2.09504634019361e-09
46.2410000140799	1.44	-1.44	8.63406778470534e-09	2.35646629738472e-09	-2.35646629738472e-09
47.7209999752045	0.04	-0.04	8.03672129498387e-08	1.88139877392327e-08	-1.88139877392327e-08
48.4810000120269	0.72	-0.72	2.05725318964819e-08	5.1108959396865e-09	-5.1108959396865e-09
49.9210000162654	0.72	-0.72	2.29248060242836e-08	7.03439957934011e-09	-7.03439957934011e-09
50.7609999966621	0.12	-0.12	9.45859317965375e-08	2.0741997203099e-08	-2.0741997203099e-08
51.0810000133514	0.2	-0.2	5.77911241035824e-08	1.73293993581438e-08	-1.73293993581438e-08
51.361000020504	0.08	-0.08	1.24378128994081e-07	2.91429793173677e-08	-2.91429793173677e-08
51.6410000157356	0.2	-0.2	7.67798398342883e-08	1.86351846946843e-08	-1.86351846946843e-08
52.0410000038147	0.2	-0.2	6.48599110507449e-08	2.01696656337333e-08	-2.01696656337333e-08
52.4410000276565	0.2	-0.2	8.8574531808981e-08	2.16727690493134e-08	-2.16727690493134e-08
53.3210000095648	0.68	-0.68	3.70649678500851e-08	9.63769713138075e-09	-9.63769713138075e-09
54.1610000175238	0.16	-0.16	3.86839436927917e-08	9.16455642170135e-09	-9.16455642170135e-09
54.5610000185172	0.24	-0.24	2.11319121420163e-08	5.33141071880736e-09	-5.33141071880736e-09
54.9410000038147	0.14	-0.14	2.26447658885315e-08	5.18916905901643e-09	-5.18916905901643e-09
55.361000020504	0.28	-0.28	8.64287753988382e-09	2.38481410995112e-09	-2.38481410995112e-09
55.9410000038147	0.3	-0.3	6.81816291262846e-09	1.55631968661922e-09	-1.55631968661922e-09
56.3810000269754	0.14	-0.14	1.08799560411916e-08	2.09395926253348e-09	-2.09395926253348e-09
56.6210000228882	0.1	-0.1	1.32078819059876e-08	2.50924950633433e-09	-2.50924950633433e-09
56.7809999974569	0.06	-0.06	1.68281984016267e-08	3.10339983153666e-09	-3.10339983153666e-09
56.8609999608994	0.02	-0.02	2.31067804222637e-08	5.69470876602635e-09	-5.69470876602635e-09
56.9410000038147	0.06	-0.06	1.47982858512421e-08	2.99773877715682e-09	-2.99773877715682e-09
57.0610000085831	0.06	-0.06	9.9784072207427e-09	2.85237160953512e-09	-2.85237160953512e-09
57.1610000324249	0.04	-0.04	1.3183382829428e-08	3.21758129624574e-09	-3.21758129624574e-09
57.281000007391	0.08	-0.08	1.03947711922449e-08	2.19504380408757e-09	-2.19504380408757e-09
57.4010000419617	0.04	-0.04	1.31108129708413e-08	3.19497865290966e-09	-3.19497865290966e-09
57.4810000252724	0.04	-0.04	1.35983304650687e-08	3.22649729457239e-09	-3.22649729457239e-09
57.581000029246	0.06	-0.06	9.30086488531414e-09	2.81125889706899e-09	-2.81125889706899e-09
57.700999994278	0.06	-0.06	1.4066099920385e-08	3.0009391162612e-09	-3.0009391162612e-09
57.8610000085831	0.1	-0.1	8.876154066305e-09	2.82647891652739e-09	-2.82647891652739e-09
57.9809999656677	0.02	-0.02	3.02510818575767e-08	7.31472183169094e-09	-7.31472183169094e-09
58.0410000276566	0.04	-0.04	1.9223452870233e-08	5.48942358504845e-09	-5.48942358504845e-09
58.1210000109673	0.04	-0.04	2.62146721218721e-08	5.93302030052693e-09	-5.93302030052693e-09
58.2210000149409	0.06	-0.06	2.53398309259683e-08	5.3643467133131e-09	-5.3643467133131e-09
58.3410000197093	0.06	-0.06	2.56400240578349e-08	5.70516050848566e-09	-5.70516050848566e-09
58.4810000252724	0.08	-0.08	2.40936955640332e-08	5.55474238956483e-09	-5.55474238956483e-09
58.6610000085831	0.1	-0.1	2.33904635568906e-08	5.81434639709076e-09	-5.81434639709076e-09
58.9810000090165	0.22	-0.22	1.87437547498454e-08	4.36015966960366e-09	-4.36015966960366e-09
59.2209999752045	0.02	-0.02	7.06279533278489e-08	1.5412562649356e-08	-1.5412562649356e-08
59.3810000269754	0.14	-0.14	2.38646856114846e-08	5.87426323306319e-09	-5.87426323306319e-09
59.9210000109672	0.4	-0.4	1.61484743095054e-08	3.66675047606964e-09	-3.66675047606964e-09
60.5210000228882	0.2	-0.2	2.17969769659866e-08	5.42416644352355e-09	-5.42416644352355e-09
61.4010000104063	0.68	-0.68	1.18691396519682e-08	3.24094328175117e-09	-3.24094328175117e-09
62.7610000141929	0.68	-0.68	1.74795723741162e-08	3.90241749680037e-09	-3.90241749680037e-09
63.5410000276566	0.1	-0.1	4.48683262035567e-08	1.11452293324614e-08	-1.11452293324614e-08
65.5610000123085	1.92	-1.92	7.00802945472316e-09	1.88966035865718e-09	-1.88966035865718e-09
67.6410000216961	0.16	-0.16	1.643551385468e-08	4.01103985439173e-09	-4.01103985439173e-09
68.3210000128012	0.52	-0.52	4.77244626834594e-09	1.94108349533894e-09	-1.94108349533894e-09
68.9209999930859	0.08	-0.08	1.69948763087058e-08	4.16042516179303e-09	-4.16042516179303e-09
69.4010000181198	0.4	-0.4	5.69254600562455e-09	1.80546409002354e-09	-1.80546409002354e-09
70.0010000061989	0.2	-0.2	9.67655184334129e-09	2.22438814339909e-09	-2.22438814339909e-09
70.6610000116929	0.46	-0.46	1.92338131795696e-08	5.09948457448137e-09	-5.09948457448137e-09
71.2210000228882	0.1	-0.1	1.48572212635233e-07	3.28736401944611e-08	-3.28736401944611e-08
71.3810000212987	0.06	-0.06	2.68888552660052e-07	6.10855249968134e-08	-6.10855249968134e-08
71.4609999847412	0.02	-0.02	4.74391691037513e-07	1.17131319555674e-07	-1.17131319555674e-07
71.5010000658035	0.02	-0.02	3.98706521453933e-07	1.33174611508851e-07	-1.33174611508851e-07
71.5410000276566	0.02	-0.02	6.43719836150401e-07	1.5065562555136e-07	-1.5065562555136e-07
71.5809999895096	0.02	-0.02	7.07989272091793e-07	1.61538958776997e-07	-1.61538958776997e-07
71.6210000705719	0.02	-0.02	8.22908302339374e-07	1.6296221676463e-07	-1.6296221676463e-07
71.6610000324249	0.02	-0.02	7.56019387815135e-07	1.8015475707558e-07	-1.8015475707558e-07
71.700999994278	0.02	-0.02	6.98502439805001e-07	1.62685521890785e-07	-1.62685521890785e-07
71.7609999966621	0.04	-0.04	3.82686160291213e-07	9.32341285504742e-08	-9.32341285504742e-08
71.8810000014305	0.08	-0.08	1.88784094167339e-07	4.00565048080969e-08	-4.00565048080969e-08
72.0010000061989	0.04	-0.04	1.26068420474783e-07	3.02323458240071e-08	-3.02323458240071e-08
72.0809999895096	0.04	-0.04	9.64438837952603e-08	1.79927870593437e-08	-1.79927870593437e-08
72.1610000324249	0.04	-0.04	4.72960072303664e-08	1.02863434087931e-08	-1.02863434087931e-08
72.2410000157356	0.04	-0.04	3.42867059606694e-08	6.34328341196128e-09	-6.34328341196128e-09
72.3209999990463	0.04	-0.04	1.52352638104831e-08	3.70687055479944e-09	-3.70687055479944e-09
72.4210000228882	0.06	-0.06	1.89231566419766e-08	3.9053611187942e-09	-3.9053611187942e-09
72.5010000658035	0.02	-0.02	4.10353492261673e-08	1.01906181222655e-08	-1.01906181222655e-08
72.581000029246	0.06	-0.06	5.15892891721378e-08	8.58349998778815e-09	-8.58349998778815e-09
72.6610000324249	0.02	-0.02	1.23911893853115e-07	2.50672772543245e-08	-2.50672772543245e-08
72.7209999752045	0.04	-0.04	1.16642120488465e-07	2.11894536961591e-08	-2.11894536961591e-08
72.8010000181198	0.04	-0.04	1.56292230007159e-07	2.86677765507965e-08	-2.86677765507965e-08
72.8609999608993	0.02	-0.02	2.43696160122485e-07	5.02670746360031e-08	-5.02670746360031e-08
72.9010000419617	0.02	-0.02	2.14822523700786e-07	4.41812879002442e-08	-4.41812879002442e-08
72.9410000038147	0.02	-0.02	1.70412775913706e-07	2.67005811128094e-08	-2.67005811128094e-08
72.9809999656677	0.02	-0.02	5.55153126693513e-08	1.78364768573153e-08	-1.78364768573153e-08
73.02100004673	0.02	-0.02	6.10577998967155e-08	1.17671907012478e-08	-1.17671907012478e-08
73.0610000085831	0.02	-0.02	4.80862619227409e-08	1.00980809894452e-08	-1.00980809894452e-08
73.1009999704361	0.02	-0.02	5.74385386229254e-08	1.32330206663974e-08	-1.32330206663974e-08
73.1410000514984	0.02	-0.02	7.23889769898561e-08	2.11651435115756e-08	-2.11651435115756e-08
73.1810000133514	0.02	-0.02	1.26971318398935e-07	2.75194278469478e-08	-2.75194278469478e-08
73.2209999752045	0.02	-0.02	1.80883622535079e-07	3.74225016601754e-08	-3.74225016601754e-08
73.2810000371933	0.04	-0.04	1.61370887831658e-07	3.16910493783471e-08	-3.16910493783471e-08
73.361000020504	0.04	-0.04	1.30687812797606e-07	2.71492856821478e-08	-2.71492856821478e-08
73.4210000228882	0.02	-0.02	1.80731295014666e-07	3.4448612459854e-08	-3.4448612459854e-08
73.4609999847412	0.02	-0.02	7.05446088182837e-08	3.23424287367488e-08	-3.23424287367488e-08
73.5010000658035	0.02	-0.02	1.38476814640651e-07	2.88977822202518e-08	-2.88977822202518e-08
73.581000029246	0.06	-0.06	1.03534216458859e-07	2.29517747347033e-08	-2.29517747347033e-08
73.6610000324249	0.02	-0.02	2.77198194265381e-07	5.60436594147387e-08	-5.60436594147387e-08
73.7609999966621	0.08	-0.08	1.97284096175595e-07	4.54977559665927e-08	-4.54977559665927e-08
73.9209999930859	0.08	-0.08	3.13306141349258e-07	7.08241023402094e-08	-7.08241023402094e-08
74.0610000085831	0.06	-0.06	2.87085115184179e-07	5.49189830615455e-08	-5.49189830615455e-08
74.1410000514984	0.02	-0.02	3.43973405298532e-07	7.30201759151439e-08	-7.30201759151439e-08
74.2210000149409	0.06	-0.06	1.54782188987426e-07	3.07393894743822e-08	-3.07393894743822e-08
74.3410000197093	0.06	-0.06	6.94441795126794e-08	1.98319760167026e-08	-1.98319760167026e-08
74.4610000244776	0.06	-0.06	6.30397217324646e-08	1.21989762764839e-08	-1.21989762764839e-08
74.5410000276566	0.02	-0.02	1.14544414468144e-07	2.62898454053716e-08	-2.62898454053716e-08
74.6010000300407	0.04	-0.04	1.29619710687295e-07	2.46420317364768e-08	-2.46420317364768e-08
74.6610000324249	0.02	-0.02	2.56717019768466e-07	4.47696889770683e-08	-4.47696889770683e-08
74.700999994278	0.02	-0.02	2.15660528813893e-07	4.39190124562887e-08	-4.39190124562887e-08
74.740999956131	0.02	-0.02	1.26088069507775e-07	2.73035828547969e-08	-2.73035828547969e-08
74.7810000371933	0.02	-0.02	6.90204368038261e-08	1.59884479602502e-08	-1.59884479602502e-08
74.8610000006358	0.06	-0.06	2.47609472701836e-08	4.41387032017985e-09	-4.41387032017985e-09
74.9410000038147	0.02	-0.02	2.55903332374962e-08	5.59186762304542e-09	-5.59186762304542e-09
74.9809999656677	0.02	-0.02	3.39940661666469e-08	6.04152012817415e-09	-6.04152012817415e-09
75.02100004673	0.02	-0.02	1.52506344765933e-08	7.21660432676528e-09	-7.21660432676528e-09
75.0610000085831	0.02	-0.02	3.82711478518197e-08	8.02272781062594e-09	-8.02272781062594e-09
75.1009999704361	0.02	-0.02	5.38608884059693e-08	8.8444463792018e-09	-8.8444463792018e-09
75.1410000514984	0.02	-0.02	5.35929999756515e-08	1.04820841019925e-08	-1.04820841019925e-08
75.1810000133514	0.02	-0.02	5.53579174405111e-08	1.05368610252361e-08	-1.05368610252361e-08
75.2209999752045	0.02	-0.02	6.38213089857215e-08	1.04981283956653e-08	-1.04981283956653e-08
75.2610000562668	0.02	-0.02	4.8053970646966e-08	1.07145217600286e-08	-1.07145217600286e-08
75.3010000181198	0.02	-0.02	7.21178325522811e-08	1.10853757654545e-08	-1.10853757654545e-08
75.3409999799728	0.02	-0.02	5.07180773899852e-08	8.06911620182594e-09	-8.06911620182594e-09
75.3810000610352	0.02	-0.02	4.15542239036142e-08	6.02281535686063e-09	-6.02281535686063e-09
75.4210000228882	0.02	-0.02	1.80516921034785e-08	3.53886458100102e-09	-3.53886458100102e-09
75.4609999847412	0.02	-0.02	1.60338341596304e-08	2.5629002796701e-09	-2.5629002796701e-09
75.5010000658035	0.02	-0.02	1.81887819107287e-08	2.56924585175905e-09	-2.56924585175905e-09
75.5410000276566	0.02	-0.02	3.46653046107981e-08	5.3833268556949e-09	-5.3833268556949e-09
75.5809999895096	0.02	-0.02	7.33879955011183e-08	1.00424547547152e-08	-1.00424547547152e-08
75.6210000705719	0.02	-0.02	1.25129401574974e-07	1.84173860518594e-08	-1.84173860518594e-08
75.6610000324249	0.02	-0.02	1.63200237754868e-07	2.67186187433097e-08	-2.67186187433097e-08
75.700999994278	0.02	-0.02	3.79104906815648e-07	4.42923776972297e-08	-4.42923776972297e-08
75.740999956131	0.02	-0.02	1.85202063380874e-07	2.43099878017535e-08	-2.43099878017535e-08
75.7810000371933	0.02	-0.02	1.14040742154331e-07	1.33504543778916e-08	-1.33504543778916e-08
75.8209999990463	0.02	-0.02	6.18054538571611e-08	7.02592820505998e-09	-7.02592820505998e-09
75.8609999608993	0.02	-0.02	1.45851568444562e-07	1.65995045998354e-08	-1.65995045998354e-08
75.9010000419617	0.02	-0.02	3.02345441378171e-07	4.15367827516069e-08	-4.15367827516069e-08
75.9410000038147	0.02	-0.02	4.93017032101073e-07	6.14343379575234e-08	-6.14343379575234e-08
75.9809999656677	0.02	-0.02	4.08028828408284e-07	4.69221171122405e-08	-4.69221171122405e-08
76.02100004673	0.02	-0.02	1.77160195566291e-07	2.27960052838283e-08	-2.27960052838283e-08
76.0610000085831	0.02	-0.02	6.37019285402813e-08	1.03660879166376e-08	-1.03660879166376e-08
76.1009999704361	0.02	-0.02	1.09944300912635e-07	1.44445826284864e-08	-1.44445826284864e-08
76.1410000514984	0.02	-0.02	1.64740803859714e-07	2.20620756365474e-08	-2.20620756365474e-08
76.1810000133514	0.02	-0.02	1.16867610190651e-07	1.62376475782209e-08	-1.62376475782209e-08
76.2209999752045	0.02	-0.02	9.71247570336075e-08	1.34810105296834e-08	-1.34810105296834e-08
76.2610000562668	0.02	-0.02	7.64448109533172e-08	9.98795210730927e-09	-9.98795210730927e-09
76.3010000181198	0.02	-0.02	3.89114030210757e-08	7.4979114947186e-09	-7.4979114947186e-09
76.3409999799728	0.02	-0.02	3.33985615111167e-08	5.83314906684412e-09	-5.83314906684412e-09
76.3810000610352	0.02	-0.02	7.13329398596952e-08	1.35527901759328e-08	-1.35527901759328e-08
76.4210000228882	0.02	-0.02	2.11113580749179e-07	3.48821406409661e-08	-3.48821406409661e-08
76.4609999847412	0.02	-0.02	6.442619110081e-07	9.14780532366194e-08	-9.14780532366194e-08
76.5010000658035	0.02	-0.02	3.55380894928715e-07	6.92773831094397e-08	-6.92773831094397e-08
76.5410000276566	0.02	-0.02	1.66551217962754e-07	4.98742483898871e-08	-4.98742483898871e-08
76.5809999895096	0.02	-0.02	2.38065566122865e-07	3.58256131149097e-08	-3.58256131149097e-08
76.6210000705719	0.02	-0.02	1.97790370360725e-07	4.01243022568052e-08	-4.01243022568052e-08
76.6610000324249	0.02	-0.02	3.12771714730741e-07	5.65441948972491e-08	-5.65441948972491e-08
76.700999994278	0.02	-0.02	2.91806003529601e-07	6.10008986489876e-08	-6.10008986489876e-08
76.740999956131	0.02	-0.02	3.72113755018424e-07	7.6538951848671e-08	-7.6538951848671e-08
76.8010000181198	0.04	-0.04	2.29472365216472e-07	5.64152544324489e-08	-5.64152544324489e-08
76.8609999608993	0.02	-0.02	3.32354341727814e-07	7.76635129729072e-08	-7.76635129729072e-08
76.9010000419617	0.02	-0.02	2.28099668872636e-07	7.43566566516965e-08	-7.43566566516965e-08
76.9410000038147	0.02	-0.02	3.78591010163447e-07	7.53746142791612e-08	-7.53746142791612e-08
76.9809999656677	0.02	-0.02	2.36073093871706e-07	6.01746982785756e-08	-6.01746982785756e-08
77.02100004673	0.02	-0.02	2.85341642402428e-07	5.23100525814502e-08	-5.23100525814502e-08
77.0610000085831	0.02	-0.02	1.56607924331694e-07	4.63684379029157e-08	-4.63684379029157e-08
77.1009999704361	0.02	-0.02	2.06530716838856e-07	4.00992156539036e-08	-4.00992156539036e-08
77.1410000514984	0.02	-0.02	1.47265992942719e-07	3.43072215987301e-08	-3.43072215987301e-08
77.1810000133514	0.02	-0.02	6.95645808606833e-08	3.04255619182532e-08	-3.04255619182532e-08
77.2209999752045	0.02	-0.02	1.2450958929072e-07	2.39135619550428e-08	-2.39135619550428e-08
77.2610000562668	0.02	-0.02	5.87244219983194e-08	1.81638037865273e-08	-1.81638037865273e-08
77.3010000181198	0.02	-0.02	7.01236740118574e-08	1.59512621979287e-08	-1.59512621979287e-08
77.361000020504	0.04	-0.04	4.98644011015833e-08	1.07153259244584e-08	-1.07153259244584e-08
77.4210000228882	0.02	-0.02	1.23067701350275e-07	2.43275493754373e-08	-2.43275493754373e-08
77.4609999847412	0.02	-0.02	1.48795931741136e-07	3.37276064658036e-08	-3.37276064658036e-08
77.52100004673	0.04	-0.04	1.96307526023291e-07	3.94348336468415e-08	-3.94348336468415e-08
77.6010000300407	0.04	-0.04	3.35079734274096e-07	6.89960608559736e-08	-6.89960608559736e-08
77.6610000324249	0.02	-0.02	6.02089806102781e-07	1.47205995608105e-07	-1.47205995608105e-07
77.7209999752045	0.04	-0.04	6.7643344755414e-07	1.48530141900019e-07	-1.48530141900019e-07
77.8010000181198	0.04	-0.04	4.22012959684203e-07	8.6459338461966e-08	-8.6459338461966e-08
77.8810000014305	0.04	-0.04	2.31346403683366e-07	4.62201567506268e-08	-4.62201567506268e-08
77.9609999847412	0.04	-0.04	2.07016899482157e-07	3.75490251257693e-08	-3.75490251257693e-08
78.0410000276566	0.04	-0.04	2.97588327345371e-07	5.53220672136538e-08	-5.53220672136538e-08
78.1210000109673	0.04	-0.04	3.95529669332982e-07	7.9496369054655e-08	-7.9496369054655e-08
78.2810000173251	0.12	-0.12	3.22218956361528e-07	7.90601874191126e-08	-7.90601874191126e-08
78.4210000228882	0.02	-0.02	6.95455131139735e-07	1.34790499729954e-07	-1.34790499729954e-07
78.5210000169277	0.08	-0.08	2.19748898152751e-07	4.74385412823754e-08	-4.74385412823754e-08
78.7010000181198	0.1	-0.1	1.01918200777743e-07	2.40235190941558e-08	-2.40235190941558e-08
78.8610000006358	0.06	-0.06	8.43100846024008e-08	1.92673529408756e-08	-1.92673529408756e-08
79.0410000077883	0.12	-0.12	2.1461415030961e-08	8.10999518687706e-09	-8.10999518687706e-09
79.2210000149409	0.06	-0.06	3.3509540249223e-08	7.71038954269095e-09	-7.71038954269095e-09
79.4610000244776	0.18	-0.18	2.36913353688828e-08	5.59684868872827e-09	-5.59684868872827e-09
79.6810000133514	0.04	-0.04	5.80239354853628e-08	1.40853201450539e-08	-1.40853201450539e-08
79.8009999883175	0.08	-0.08	3.36376969092856e-08	1.17717523137297e-08	-1.17717523137297e-08
79.9610000145435	0.08	-0.08	5.44934186663361e-08	1.34393112937231e-08	-1.34393112937231e-08
80.3410000197093	0.3	-0.3	4.34223309901576e-08	1.01342135123855e-08	-1.01342135123855e-08
80.7810000031335	0.14	-0.14	7.9372164641874e-08	1.66806580323837e-08	-1.66806580323837e-08
80.9810000054042	0.06	-0.06	1.10141891993873e-07	2.66849905137728e-08	-2.66849905137728e-08
81.2010000091791	0.16	-0.16	6.76154654359867e-08	1.58042228760768e-08	-1.58042228760768e-08
81.7010000153149	0.34	-0.34	4.45389456017667e-08	1.0783569525828e-08	-1.0783569525828e-08
82.7410000140326	0.7	-0.7	3.01912580782714e-08	7.17233067920704e-09	-7.17233067920704e-09
84.1610000125567	0.72	-0.72	1.60791399000148e-08	6.8847048553177e-09	-6.8847048553177e-09
85.1010000137849	0.22	-0.22	4.93163040148039e-08	1.17075745659406e-08	-1.17075745659406e-08
86.7610000132191	1.44	-1.44	1.15989991333635e-08	4.4445988456819e-09	-4.4445988456819e-09
89.6410000134178	1.44	-1.44	1.74589967432593e-08	4.06357776347405e-09	-4.06357776347405e-09
