READ TERR 1 2
! xrtwtslewflux
168.693327640086	0.255386334969529	-0.305026641978458	8.70282610746446e-09	1.05542738903609e-09	-1.05541676844226e-09
169.255275361088	0.29121365602515	-0.306561386031831	8.31979115076738e-09	1.00893457962155e-09	-1.00893491914025e-09
169.7949699528	0.253234068756711	-0.248480935687297	6.94324909450289e-09	1.03671249041429e-09	-1.03620103905847e-09
170.468240240021	0.499739744364831	-0.420036218464162	9.48830470680855e-09	1.36188773826157e-09	-1.29858325096248e-09
171.343043034209	0.397111964196483	-0.375063049822529	8.79931621977834e-09	1.21043239470519e-09	-1.26735384905783e-09
172.073224154495	0.33766381891698	-0.333069156090005	8.90347250662999e-09	1.15261026280374e-09	-1.2095714096748e-09
172.738688290672	0.282427684810756	-0.327800317260255	9.80777483492166e-09	1.2878999813203e-09	-1.36188392129838e-09
173.379881745184	0.359974276323015	-0.358765769700994	7.87222036522702e-09	1.01797614902544e-09	-1.06738922880021e-09
174.051841521555	0.43702846031411	-0.311985500047882	7.48834953782014e-09	9.4036564596611e-10	-9.6494694075925e-10
174.858123558599	0.383275448348002	-0.369253576729989	7.4510839381787e-09	9.17624800769948e-10	-9.2452987954713e-10
175.618615483675	0.284593504141185	-0.377216476727824	8.62787941911094e-09	1.05648150017555e-09	-1.05920886358698e-09
176.174268740043	0.330275236844386	-0.27105975222662	9.77183599588222e-09	1.19470613321807e-09	-1.19654152796629e-09
176.787989188815	0.239729789215716	-0.283445211928267	1.16455522716315e-08	1.42099182051449e-09	-1.42175461051884e-09
177.554224906681	0.415551068070442	-0.526505928649584	1.02113275482554e-08	1.00888467497085e-09	-1.0090506618743e-09
NO NO NO NO NO NO
! xrtwtflux
185.305	0.406	-0.301	7.04362042138908e-09	9.04690175570442e-10	-9.04612570180286e-10
186.038	0.302	-0.328	8.19948418275184e-09	1.00480643084764e-09	-1.00478489934855e-09
186.586	0.331	-0.246	5.76897751175078e-09	8.61875077688773e-10	-8.61840886357593e-10
187.266	0.317	-0.35	7.04466661835635e-09	8.64189561638367e-10	-8.64007682559917e-10
187.863	0.301	-0.279	5.23280272604432e-09	7.82610113578893e-10	-7.8243289221911e-10
188.491	0.329	-0.327	6.55302628128496e-09	8.14765403810919e-10	-8.14480732735695e-10
189.143	0.320	-0.322	5.37343371648167e-09	7.20969776480762e-10	-7.20767492024821e-10
189.939	0.365	-0.476	3.09129172295101e-09	4.62532593502906e-10	-4.62397292061984e-10
190.553	0.267	-0.249	5.41226750725792e-09	8.10145224769408e-10	-8.09865156377217e-10
191.103	0.294	-0.283	5.22441449957721e-09	7.82477864692834e-10	-7.82156541340314e-10
191.676	0.300	-0.28	5.48816938690889e-09	8.37670998952287e-10	-8.37326455224321e-10
192.329	0.288	-0.352	5.30884785790096e-09	7.96189250279101e-10	-7.95787536270107e-10
192.875	0.276	-0.258	6.5558364497065e-09	1.00234509020381e-09	-1.00184101301722e-09
193.471	0.310	-0.32	5.38984597871733e-09	8.24233231866426e-10	-8.23817700140877e-10
194.105	0.250	-0.324	5.31926293743717e-09	7.97716763996187e-10	-7.9731590755832e-10
194.648	0.326	-0.293	4.39558705855306e-09	6.71709906132316e-10	-6.71381586987356e-10
195.461	0.394	-0.487	3.43224499615681e-09	5.25340126244079e-10	-5.25078078004225e-10
196.200	0.375	-0.345	4.71669889705246e-09	7.22023979280948e-10	-7.21665436172386e-10
196.846	0.275	-0.271	6.40349132848281e-09	9.61787484689276e-10	-9.61283420119989e-10
197.440	0.266	-0.318	5.56253422463307e-09	8.51320946689481e-10	-8.50893506352089e-10
197.978	0.300	-0.273	5.44374814528338e-09	8.17929057971455e-10	-8.17507806046718e-10
198.588	0.386	-0.31	5.48641452600135e-09	7.63512053252764e-10	-7.63082153810619e-10
199.327	0.371	-0.353	6.04751782917992e-09	7.90831886570291e-10	-7.90401868731124e-10
199.944	0.321	-0.246	5.78893452581284e-09	8.87783958861744e-10	-8.87441113127431e-10
200.664	0.317	-0.398	4.42619737536199e-09	6.91958660848389e-10	-6.91732750042079e-10
201.306	0.287	-0.325	5.06951688653916e-09	7.93566311190014e-10	-7.93433941635226e-10
201.934	0.255	-0.341	5.41369451728932e-09	8.31969204632553e-10	-8.3185388854277e-10
202.566	0.381	-0.377	4.31209446969643e-09	6.75008236476204e-10	-6.74895423706411e-10
203.256	0.294	-0.309	5.60006558650591e-09	8.60630449932728e-10	-8.60518778162455e-10
203.989	0.391	-0.44	3.94462309656539e-09	6.31316140831151e-10	-6.31578093266252e-10
204.713	0.292	-0.333	5.47911673361237e-09	8.29349864095797e-10	-8.29715349069206e-10
205.319	0.238	-0.314	5.85140561142773e-09	8.86027378201736e-10	-8.86486405246902e-10
205.938	0.332	-0.381	6.09578177368019e-09	7.82492698727379e-10	-7.83400904964062e-10
206.629	0.383	-0.359	4.11781276960551e-09	6.2418160497891e-10	-6.24644948210897e-10
207.277	0.308	-0.265	5.7565403675222e-09	8.73780870418293e-10	-8.74707320947925e-10
207.911	0.250	-0.327	5.79743617327311e-09	9.16415917086064e-10	-9.1819393797045e-10
208.440	0.319	-0.279	5.43910601106601e-09	8.58898891213084e-10	-8.6033872590259e-10
209.071	0.430	-0.312	5.85670913188588e-09	7.82123183749439e-10	-7.84061520017993e-10
209.775	0.390	-0.274	6.02274010138939e-09	8.36553343876179e-10	-8.37390961821361e-10
210.528	0.325	-0.363	5.06764752800152e-09	7.81322099276697e-10	-7.81661000533849e-10
211.208	0.442	-0.355	6.88899252857635e-09	8.82637288550067e-10	-8.83298082275249e-10
211.965	0.261	-0.315	6.99100567125903e-09	1.07988242939575e-09	-1.08078639890449e-09
212.629	0.341	-0.403	8.6374728709335e-09	1.11135447345641e-09	-1.11324752714228e-09
213.289	0.306	-0.319	5.99495716283626e-09	9.42940979444255e-10	-9.43622508655028e-10
213.880	0.275	-0.285	5.54631340802625e-09	8.56781358415145e-10	-8.57513607752144e-10
214.479	0.279	-0.324	4.3366893984239e-09	6.59346073202587e-10	-6.60304439834612e-10
215.070	0.318	-0.312	4.65844266889691e-09	7.19916611364094e-10	-7.20605610648374e-10
215.702	0.300	-0.314	6.30782012290735e-09	9.00708647643766e-10	-9.01598353927853e-10
216.267	0.279	-0.265	5.87315599240242e-09	9.26128210028056e-10	-9.27350910037807e-10
216.933	0.266	-0.387	4.59833512936103e-09	7.13910151106115e-10	-7.15406965759035e-10
217.473	0.303	-0.274	5.21762903721852e-09	7.97292962562119e-10	-7.99497884378384e-10
218.084	0.293	-0.309	5.84617885122377e-09	8.82248936905395e-10	-8.85073637465682e-10
218.761	0.364	-0.385	4.6510778792692e-09	7.79826923283967e-10	-7.81760535113202e-10
219.444	0.267	-0.318	6.38038388574443e-09	9.92974146114601e-10	-9.95695525785411e-10
220.006	0.321	-0.295	6.7090203414161e-09	9.84246502384035e-10	-9.87113032668906e-10
220.548	0.394	-0.221	6.47560565131823e-09	9.59666568220866e-10	-9.62495677517227e-10
221.266	0.265	-0.324	5.56923365237931e-09	8.51345216102001e-10	-8.53787635916951e-10
221.867	0.316	-0.335	4.51669254483503e-09	6.90495718526034e-10	-6.92489070081494e-10
222.619	0.351	-0.437	3.98837958488665e-09	6.03618350474035e-10	-6.05458215100935e-10
223.341	0.346	-0.371	4.53489200697194e-09	7.20959234125673e-10	-7.2346962150868e-10
224.066	0.275	-0.378	5.23874370223085e-09	8.08092406316356e-10	-8.12414569305813e-10
224.755	0.326	-0.414	4.40132731768736e-09	6.85243884113264e-10	-6.87190943311533e-10
225.484	0.467	-0.403	3.64562831681636e-09	5.56502479005794e-10	-5.57886813248952e-10
226.273	0.428	-0.323	3.6954023110687e-09	5.82053148555312e-10	-5.82660463666875e-10
227.020	0.354	-0.319	3.84674505332227e-09	5.85418739578349e-10	-5.86410885483078e-10
227.687	0.356	-0.313	4.29712092013916e-09	6.4802153225476e-10	-6.49378819580705e-10
228.457	0.365	-0.414	4.02709901502183e-09	6.24703787490189e-10	-6.25877291761724e-10
229.259	0.513	-0.437	3.50052027089549e-09	5.43042827488793e-10	-5.4406957801264e-10
230.186	0.380	-0.414	4.18263412838334e-09	6.47698612995125e-10	-6.48627924201783e-10
230.873	0.388	-0.308	4.83273346542714e-09	7.36569673101272e-10	-7.38100350783824e-10
231.714	0.426	-0.453	3.76283398513761e-09	5.84151949923027e-10	-5.8536492924573e-10
232.470	0.371	-0.33	4.70914728799468e-09	7.31980078612016e-10	-7.33743679751097e-10
233.348	0.387	-0.507	3.728628564923e-09	5.68832476842521e-10	-5.70157257164469e-10
234.132	0.340	-0.398	4.47829380116951e-09	6.83608096726891e-10	-6.853086320246e-10
235.012	0.387	-0.54	3.43495860419099e-09	5.32601376219007e-10	-5.33539330699027e-10
235.743	0.356	-0.343	4.21458238382953e-09	6.51819270860284e-10	-6.52553022326963e-10
236.494	0.395	-0.395	3.49617627096522e-09	5.30858617602394e-10	-5.31462897737489e-10
237.379	0.407	-0.49	3.33830507389155e-09	5.06601266454096e-10	-5.07108870406916e-10
238.274	0.436	-0.489	3.42875706716418e-09	5.29183759094526e-10	-5.29528375799177e-10
239.215	0.442	-0.505	3.24725797003158e-09	5.20406890643189e-10	-5.20772182862071e-10
240.084	0.431	-0.427	3.61762290822891e-09	5.58917184764141e-10	-5.59411073674249e-10
240.929	0.390	-0.414	3.79900130468153e-09	5.76662121442471e-10	-5.77274343307675e-10
241.886	0.482	-0.568	2.66403138214922e-09	4.12103897172965e-10	-4.12589274774899e-10
242.902	0.463	-0.533	2.60760530729577e-09	4.01727060461654e-10	-4.01842208687878e-10
243.802	0.279	-0.437	4.09236170486304e-09	6.18638332212959e-10	-6.18755272095674e-10
244.464	0.372	-0.382	4.20805788660799e-09	6.37446692804926e-10	-6.37836332689123e-10
245.386	0.405	-0.55	3.35607404549281e-09	5.08651611842214e-10	-5.090150037596e-10
246.231	0.498	-0.439	3.2672855042017e-09	5.0415040792004e-10	-5.0445639309466e-10
247.013	0.314	-0.284	5.19519994552455e-09	7.85146105452128e-10	-7.85256540090567e-10
247.794	0.347	-0.468	4.12402372353618e-09	6.23324829851108e-10	-6.23424365353504e-10
248.497	0.444	-0.355	4.12751794434119e-09	6.98347409132951e-10	-6.98364952532558e-10
249.409	0.498	-0.468	3.47072996990655e-09	5.23989765353093e-10	-5.2397757718206e-10
250.438	0.529	-0.532	2.68863495881608e-09	4.05248317593303e-10	-4.05140678583735e-10
251.424	0.361	-0.457	3.26645047042903e-09	4.92529771434188e-10	-4.9242292958137e-10
252.157	0.369	-0.372	3.85678202981828e-09	5.81104080880938e-10	-5.80924906052965e-10
252.898	0.304	-0.373	4.49266907166082e-09	6.76810696769879e-10	-6.76589313523974e-10
253.738	0.474	-0.536	3.15769430050822e-09	4.75384461833763e-10	-4.75197555695646e-10
254.663	0.480	-0.451	3.6203435613507e-09	5.4565248740629e-10	-5.45508512492863e-10
255.479	0.320	-0.336	4.95340839969079e-09	7.46768644139363e-10	-7.46590114237485e-10
256.090	0.412	-0.291	4.2642258024165e-09	6.42852447770838e-10	-6.42696910756661e-10
256.870	0.351	-0.368	3.65007738527651e-09	5.70609562128055e-10	-5.7042891149644e-10
257.668	0.424	-0.447	2.95391634556612e-09	4.79293372804685e-10	-4.7911391403971e-10
258.473	0.438	-0.38	3.43367153054694e-09	5.17256362416994e-10	-5.17085130876989e-10
259.300	0.368	-0.39	3.80402836057063e-09	5.84028049523855e-10	-5.83871991465864e-10
260.061	0.469	-0.392	3.50708266316626e-09	5.28039965557597e-10	-5.27838097024959e-10
260.866	0.365	-0.336	4.38812960681947e-09	6.72993617791654e-10	-6.72738216292082e-10
261.621	0.394	-0.39	3.98761870749075e-09	6.11324818474367e-10	-6.11071672918812e-10
262.422	0.355	-0.407	4.2437956249148e-09	6.3871448606327e-10	-6.38446933912297e-10
263.126	0.277	-0.35	5.08225032183145e-09	7.64848790986141e-10	-7.64523617134197e-10
263.763	0.384	-0.36	4.21971321608774e-09	6.34979385878347e-10	-6.34704662715589e-10
264.481	0.218	-0.334	5.56265923720052e-09	8.37269789029255e-10	-8.36924300663531e-10
265.067	0.375	-0.369	4.02631484256761e-09	6.06056052895751e-10	-6.05808704894533e-10
265.798	0.259	-0.356	4.58708678375027e-09	7.16329263251045e-10	-7.16027331828864e-10
266.372	0.347	-0.315	4.11772258261684e-09	6.55148949049984e-10	-6.54871591212207e-10
267.065	0.313	-0.346	4.21846680251205e-09	6.34539093201654e-10	-6.34246950316203e-10
267.738	0.434	-0.361	3.60804066644154e-09	5.42496578266114e-10	-5.42232793887035e-10
268.793	0.478	-0.62	2.70412262754446e-09	4.22206635781021e-10	-4.22024378018049e-10
269.628	0.342	-0.357	4.44364856403446e-09	6.80975526561005e-10	-6.80675049793294e-10
270.358	0.430	-0.388	3.84589934609444e-09	5.99603824668653e-10	-5.99312350211362e-10
271.273	0.442	-0.485	3.53214471159812e-09	5.30959203558635e-10	-5.30697720558229e-10
272.077	0.437	-0.362	3.47134707712541e-09	5.52283336241003e-10	-5.52048455550777e-10
272.903	0.463	-0.389	2.95635910847066e-09	4.52605976045583e-10	-4.52382850289255e-10
273.799	0.535	-0.432	2.59689210007448e-09	3.90199087323764e-10	-3.89998824032117e-10
274.926	0.491	-0.592	2.38227562071474e-09	3.64804530643209e-10	-3.64629224799439e-10
276.012	0.512	-0.595	2.35479429419406e-09	3.60413345670958e-10	-3.60233549759595e-10
277.013	0.632	-0.488	2.30552559538886e-09	3.52717119885827e-10	-3.52538237773728e-10
278.175	0.572	-0.53	2.3041524721556e-09	3.45876772378209e-10	-3.45694687813387e-10
279.157	0.416	-0.411	2.94144964784744e-09	4.41518445320607e-10	-4.41286001188099e-10
280.233	0.725	-0.659	1.68939554279306e-09	2.53686225022171e-10	-2.53552979380237e-10
281.605	0.580	-0.648	1.72242648538968e-09	2.68431657359035e-10	-2.68301421341714e-10
282.729	0.534	-0.544	1.96133914682848e-09	2.94214951094282e-10	-2.94063809934615e-10
283.897	0.494	-0.634	1.81259406579128e-09	2.87736656361837e-10	-2.87604815233395e-10
285.026	0.662	-0.635	1.66291216330591e-09	2.49431234372231e-10	-2.49303970739277e-10
286.242	0.573	-0.553	1.97936986149568e-09	2.96735474885415e-10	-2.96591653147763e-10
287.620	0.727	-0.805	1.51160555474187e-09	2.30996444356869e-10	-2.3088422527231e-10
289.113	0.409	-0.767	2.09403617286796e-09	3.26323680303285e-10	-3.26164673046743e-10
290.056	0.510	-0.534	2.51844054634026e-09	3.922906383097e-10	-3.92102395960534e-10
291.291	0.487	-0.724	2.33476566786712e-09	3.50390085089575e-10	-3.50206653488884e-10
292.391	0.556	-0.613	2.21275004169727e-09	3.32243546321219e-10	-3.32068954146917e-10
293.466	0.616	-0.519	2.05229819821463e-09	3.13682252467357e-10	-3.13526716433146e-10
294.848	0.837	-0.766	1.43635303534844e-09	2.19416038956028e-10	-2.19312835637296e-10
296.176	0.705	-0.49	1.94465147627373e-09	2.91488881692923e-10	-2.9135014605682e-10
297.624	0.908	-0.743	1.48189290335767e-09	2.22406242214496e-10	-2.22290721189854e-10
299.338	0.754	-0.806	1.65019114225619e-09	2.56818342556406e-10	-2.56707749718375e-10
301.111	0.922	-1.019	1.27849635613164e-09	1.98902886101645e-10	-1.98821153820094e-10
302.789	0.808	-0.756	1.43994497397024e-09	2.19974968626182e-10	-2.19870665549346e-10
304.316	0.719	-0.719	1.42553127765957e-09	2.2618051104818e-10	-2.26083183475012e-10
305.962	1.063	-0.928	1.0442770397966e-09	1.62503958263933e-10	-1.62433957332347e-10
307.954	0.850	-0.929	1.2023090663185e-09	1.80172327163316e-10	-1.8008979487394e-10
309.629	0.645	-0.824	1.47471103148224e-09	2.25244359694999e-10	-2.25139909559525e-10
311.360	1.106	-1.086	1.03463503617976e-09	1.55100767388758e-10	-1.55025842953177e-10
313.428	0.959	-0.962	1.22252651197162e-09	1.83310658434644e-10	-1.8322137824373e-10
315.345	1.158	-0.958	1.14167668669852e-09	1.7120153228906e-10	-1.71116333265147e-10
317.859	1.199	-1.356	9.46394591282665e-10	1.41884017371533e-10	-1.41815993029763e-10
320.553	1.576	-1.495	7.49877253418523e-10	1.12421371510689e-10	-1.12366830790828e-10
323.122	0.862	-0.994	1.16632832865055e-09	1.81636050038286e-10	-1.81551081825565e-10
325.327	1.209	-1.343	8.68943112844334e-10	1.32695644627257e-10	-1.32635687487158e-10
328.060	1.080	-1.525	8.77954055048581e-10	1.31621962040508e-10	-1.31558253636061e-10
330.649	1.314	-1.509	7.58101485245033e-10	1.15802315900381e-10	-1.1574846167124e-10
333.008	0.864	-1.045	1.04967340676488e-09	1.63701195881709e-10	-1.63622565399681e-10
335.652	1.718	-1.779	5.40571766574001e-10	8.58127207091032e-11	-8.57736947231522e-11
339.269	1.883	-1.899	5.21879564344827e-10	7.82078569147346e-11	-7.8172153123889e-11
342.773	2.195	-1.621	5.02037197894467e-10	7.81072459688534e-11	-7.80749702001398e-11
347.040	1.437	-2.071	5.56396462181676e-10	8.66343180060326e-11	-8.65944015156212e-11
350.840	2.325	-2.363	4.31695009956902e-10	6.59702462310955e-11	-6.59380692246145e-11
355.138	1.818	-1.973	3.53782062670886e-10	6.86253759600155e-11	-6.86060449593314e-11
359.112	2.332	-2.155	4.52654844896117e-10	7.05111319365569e-11	-7.04773871542892e-11
363.102	1.666	-1.659	6.24765799574821e-10	9.37736691919229e-11	-9.37245731138394e-11
366.336	2.153	-1.568	3.68448231100638e-10	6.75594547420208e-11	-6.75359816441941e-11
371.395	1.991	-2.907	2.66223141448928e-10	5.02018376532514e-11	-5.01856832033826e-11
376.419	2.273	-3.032	2.12457617135134e-10	4.64517734150056e-11	-4.64402554944961e-11
381.246	2.134	-2.554	2.82565870792814e-10	5.17995848304221e-11	-5.17822688113502e-11
385.607	1.966	-2.227	3.31725704023092e-10	6.25395739319532e-11	-6.25201684529604e-11
390.255	1.736	-2.681	3.10972493969042e-10	6.5941869466631e-11	-6.59246062445104e-11
393.974	1.958	-1.983	4.22797149780056e-10	7.97610043952287e-11	-7.97344816541086e-11
396.935	0.771	-1.003	1.82419794265903e-09	2.788741088898e-10	-2.78734272908236e-10
398.440	0.780	-0.734	2.4233100508187e-09	3.70405384941699e-10	-3.70221117633375e-10
399.882	0.428	-0.662	3.73119882667482e-09	5.59641698111504e-10	-5.59356538421939e-10
400.899	0.541	-0.589	3.37583485680831e-09	5.35777900000906e-10	-5.35536791873123e-10
401.935	0.562	-0.495	3.63756241997022e-09	5.55744711292669e-10	-5.55478419005231e-10
403.075	0.430	-0.578	3.77475832849351e-09	5.65928630158754e-10	-5.65651659401307e-10
403.921	0.420	-0.416	4.10995954798696e-09	6.2781908670165e-10	-6.27523418488998e-10
404.990	0.585	-0.648	2.49419338642598e-09	3.81038060947291e-10	-3.80856674249886e-10
406.332	0.762	-0.758	1.8616565919419e-09	2.79168004529601e-10	-2.79028302172939e-10
407.586	0.419	-0.492	3.16697023672789e-09	4.74961223770882e-10	-4.747212467585e-10
408.689	0.540	-0.684	2.33001214201729e-09	3.62832826653258e-10	-3.62662345911621e-10
409.655	0.382	-0.426	4.03322620718919e-09	6.04829874697344e-10	-6.04526284691415e-10
410.499	0.406	-0.462	4.05038272865841e-09	6.18796669390786e-10	-6.1850108312736e-10
411.278	0.397	-0.373	7.03036419665118e-09	8.83779064055689e-10	-8.83162862449937e-10
411.982	0.319	-0.307	7.12056559448449e-09	9.75546064814456e-10	-9.74980000418612e-10
412.700	0.319	-0.398	5.09097185099458e-09	7.77556104116374e-10	-7.77196953821586e-10
413.338	0.289	-0.319	6.86962982123141e-09	9.67913078307721e-10	-9.67393226384395e-10
413.922	0.310	-0.295	5.98786390554331e-09	9.14518293505663e-10	-9.1409743930963e-10
414.518	0.349	-0.286	5.68106294776079e-09	8.6774103178256e-10	-8.67336593832625e-10
415.201	0.383	-0.334	6.36783646187838e-09	8.37501406815862e-10	-8.36968328827133e-10
415.900	0.259	-0.316	5.36233329371436e-09	8.04058761849813e-10	-8.03658885739355e-10
416.413	0.393	-0.255	5.18181652948532e-09	7.55063837539001e-10	-7.54663236506071e-10
417.136	0.331	-0.329	5.16448801695179e-09	7.89183242208845e-10	-7.88797824593877e-10
417.833	0.304	-0.367	8.57566766466785e-09	1.08935022422182e-09	-1.08857295968377e-09
418.526	0.363	-0.389	7.73117753404111e-09	9.53362299904099e-10	-9.52636674096102e-10
419.179	0.336	-0.29	6.22554966990918e-09	9.33888644983675e-10	-9.33408266605441e-10
419.996	0.345	-0.48	4.35072215556998e-09	6.90640830429453e-10	-6.90324662564002e-10
420.660	0.258	-0.319	6.13102721402789e-09	9.19643799914634e-10	-9.19173270578281e-10
421.250	0.294	-0.332	6.18336254156397e-09	8.63610546881005e-10	-8.63101754471906e-10
421.889	0.349	-0.345	7.01248610998045e-09	8.75400817119192e-10	-8.74756790846496e-10
422.650	0.278	-0.412	4.77004660574344e-09	7.2893652192906e-10	-7.28579309899485e-10
423.216	0.338	-0.288	5.6784797144074e-09	8.70573671181895e-10	-8.70151072312808e-10
423.876	0.273	-0.322	5.63934855521052e-09	8.2501526639631e-10	-8.24574851606579e-10
424.450	0.431	-0.302	5.89717390562219e-09	7.36171744552247e-10	-7.35630097102078e-10
425.195	0.343	-0.313	5.75465750256309e-09	7.81842265814019e-10	-7.81355092890285e-10
425.830	0.339	-0.292	5.05524362689635e-09	7.7262291497476e-10	-7.72240990345995e-10
426.434	0.288	-0.264	5.98160982592929e-09	8.87625790548705e-10	-8.87158795483625e-10
426.992	0.304	-0.271	6.01525119340775e-09	8.80222055285848e-10	-8.79744823361785e-10
427.700	0.375	-0.404	4.03610737530862e-09	6.16944798525894e-10	-6.16637411816489e-10
428.376	0.288	-0.301	5.39538441096764e-09	8.15514137994299e-10	-8.15097487936756e-10
429.005	0.431	-0.341	3.97910005997477e-09	6.08238002423287e-10	-6.07934721797824e-10
429.753	0.283	-0.317	4.95911733499956e-09	7.57997366772253e-10	-7.57620760526537e-10
430.440	0.377	-0.404	3.74203175150398e-09	5.61343570095625e-10	-5.61054780225264e-10
431.199	0.356	-0.382	3.91535691495525e-09	5.87310354927204e-10	-5.87009263743634e-10
431.885	0.335	-0.33	4.3139779227592e-09	6.59280822855417e-10	-6.58956228788537e-10
432.572	0.371	-0.351	4.08103267743131e-09	6.12097640060396e-10	-6.11786645692151e-10
433.220	0.333	-0.278	4.87140656341643e-09	7.58583982268292e-10	-7.58227567398852e-10
433.902	0.437	-0.349	4.04716734741461e-09	6.06986473765454e-10	-6.06678955153443e-10
434.862	0.475	-0.523	3.23778978109552e-09	4.85613811646235e-10	-4.85367130793374e-10
435.690	0.377	-0.353	4.37298195987086e-09	6.55892362599165e-10	-6.5555829136925e-10
436.496	0.494	-0.429	3.36308061770043e-09	5.13955964318632e-10	-5.13703425149046e-10
437.415	0.499	-0.424	3.3921093477345e-09	5.08806935028812e-10	-5.08546679366609e-10
438.400	0.387	-0.486	3.5636265432636e-09	5.34571968898096e-10	-5.34297248810688e-10
439.132	0.340	-0.345	4.03046697257356e-09	6.27840047199726e-10	-6.27538048993015e-10
439.800	0.352	-0.328	3.62057281212941e-09	5.4333097704819e-10	-5.4304674519575e-10
440.522	0.352	-0.37	2.87462902621505e-09	4.39624030632458e-10	-4.39400986299218e-10
441.247	0.344	-0.373	3.26851863143047e-09	4.90738979736222e-10	-4.90480362891333e-10
442.095	0.396	-0.504	3.01944849584923e-09	4.53482739409859e-10	-4.53244893570065e-10
442.927	0.412	-0.435	3.30442314875698e-09	5.05786264016103e-10	-5.05533821646761e-10
443.778	0.394	-0.44	3.11680937540497e-09	4.6829565756498e-10	-4.68054000808527e-10
444.580	0.459	-0.408	2.76894301982842e-09	4.23784671771656e-10	-4.2357222786272e-10
445.489	0.356	-0.45	2.87576618353218e-09	4.5699418417644e-10	-4.56779944907775e-10
446.309	0.358	-0.464	2.97657858612154e-09	4.46941066705234e-10	-4.46705640126905e-10
447.040	0.386	-0.373	3.37177844903394e-09	5.25535003608486e-10	-5.25278095585814e-10
447.811	0.388	-0.384	3.58924122431595e-09	5.59331630573518e-10	-5.59058600004147e-10
448.820	0.516	-0.621	2.360656080899e-09	3.5422810165132e-10	-3.54043302471558e-10
449.929	0.606	-0.593	2.07270118752102e-09	3.1090295702222e-10	-3.10743897178e-10
451.037	0.445	-0.502	2.63206955600775e-09	4.09784958895548e-10	-4.09596255415312e-10
451.790	0.299	-0.309	4.37162015726962e-09	6.55338915116605e-10	-6.55022378393662e-10
452.544	0.475	-0.454	2.85964644026753e-09	4.28595215551416e-10	-4.28393945326223e-10
453.501	0.439	-0.483	2.78309125309863e-09	4.24925270903182e-10	-4.24738984640011e-10
454.355	0.416	-0.415	3.10300738218751e-09	4.73843251629025e-10	-4.73630149260205e-10
455.075	0.410	-0.304	3.66758218431816e-09	5.60150098520323e-10	-5.59891809816923e-10
455.807	0.380	-0.323	3.79743566170291e-09	5.80106080009473e-10	-5.79831715220961e-10
456.514	0.287	-0.327	4.51021553693311e-09	6.763439581392e-10	-6.7600485055325e-10
457.079	0.295	-0.278	5.384539210748e-09	7.74335704680768e-10	-7.73908070064286e-10
457.607	0.314	-0.234	5.47485307132256e-09	8.21253546466619e-10	-8.20832405298369e-10
458.249	0.341	-0.328	4.67088091900121e-09	7.27597476351262e-10	-7.27247401654511e-10
458.930	0.342	-0.339	6.90835201480006e-09	8.84686543992067e-10	-8.84058048757181e-10
459.603	0.281	-0.331	4.99938506570755e-09	7.49918733317976e-10	-7.49534515056112e-10
460.140	0.351	-0.256	4.84284418530836e-09	7.40052723742272e-10	-7.39691051661562e-10
460.805	0.289	-0.314	5.17829988770456e-09	7.91185685636193e-10	-7.90804276227288e-10
461.366	0.294	-0.272	5.89592430819954e-09	8.84018267313826e-10	-8.83581433157491e-10
461.991	0.325	-0.332	7.63711033513621e-09	9.40865256645272e-10	-9.40188551731822e-10
462.680	0.328	-0.364	6.91399715786994e-09	8.73213127685832e-10	-8.72626980471499e-10
463.369	0.314	-0.361	7.08088378522785e-09	8.71999301800461e-10	-8.71394170814937e-10
463.954	0.316	-0.271	8.2751568285757e-09	1.01916556192582e-09	-1.01845186978277e-09
464.603	0.380	-0.333	6.8762368368063e-09	8.577088225322e-10	-8.57111120941106e-10
465.331	0.383	-0.348	6.67665201145868e-09	8.2271649887455e-10	-8.22115387943961e-10
466.064	0.298	-0.35	7.1151917355188e-09	8.7698228337279e-10	-8.76330410834179e-10
466.603	0.280	-0.241	5.65161936016566e-09	8.63655739318725e-10	-8.63232601301152e-10
467.179	0.271	-0.296	5.12967394737981e-09	7.9893541148138e-10	-7.98555519456057e-10
467.780	0.338	-0.329	6.70680132205483e-09	8.27225424301955e-10	-8.26590682794551e-10
468.456	0.354	-0.338	6.38402825929646e-09	7.87583026618527e-10	-7.86974521596566e-10
469.139	0.341	-0.329	6.4583452642075e-09	7.96775979253491e-10	-7.96160366820355e-10
469.727	0.296	-0.246	5.1784005529052e-09	7.77046990265335e-10	-7.76641060716548e-10
470.382	0.348	-0.359	5.58033880577342e-09	6.97045549946709e-10	-6.96520599270132e-10
471.004	0.338	-0.274	4.38333581674507e-09	6.70125915020418e-10	-6.69789296708311e-10
471.678	0.300	-0.337	4.36159212787433e-09	6.6679226851567e-10	-6.66457241700733e-10
472.320	0.273	-0.341	4.3257212230462e-09	6.49053082329154e-10	-6.48714971602181e-10
472.936	0.269	-0.343	3.955624756308e-09	6.04707978637883e-10	-6.04404656478301e-10
473.466	0.272	-0.262	4.53698590240371e-09	6.8070600886474e-10	-6.80352699466522e-10
473.977	0.354	-0.239	4.16211621084126e-09	6.24392483095166e-10	-6.24070357425144e-10
474.649	0.308	-0.318	4.14392665270684e-09	6.33270248669231e-10	-6.32959395115734e-10
475.286	0.270	-0.329	4.80708585939316e-09	7.20865434174557e-10	-7.20504519681178e-10
475.888	0.297	-0.331	4.87072415589676e-09	7.4407642905859e-10	-7.43723217215217e-10
476.446	0.258	-0.262	6.19225436328523e-09	9.4582685753562e-10	-9.45385402507482e-10
477.076	0.283	-0.372	5.2756977989408e-09	7.90743678500164e-10	-7.9036921393221e-10
477.603	0.309	-0.244	6.04226447857418e-09	9.96221857682678e-10	-9.95840617151714e-10
478.224	0.302	-0.312	8.55202023480148e-09	1.05283042451827e-09	-1.05212460880027e-09
478.897	0.378	-0.371	6.58090455782677e-09	8.33039930715472e-10	-8.32510432900235e-10
479.607	0.355	-0.332	6.95216738277436e-09	8.66789150681119e-10	-8.66211029716419e-10
480.253	0.287	-0.291	7.51972199383869e-09	9.42318515002158e-10	-9.41685461147577e-10
480.853	0.277	-0.313	7.08655131900119e-09	8.7284601156379e-10	-8.72229922933638e-10
481.434	0.341	-0.303	6.56887192306027e-09	8.09209011290597e-10	-8.08630252184725e-10
482.062	0.288	-0.287	7.6646007591074e-09	9.56195026598705e-10	-9.55520285688218e-10
482.687	0.244	-0.338	8.29254630733533e-09	1.03469770725138e-09	-1.03395864197634e-09
483.178	0.296	-0.247	6.52712289076973e-09	9.86066551326816e-10	-9.8558171210561e-10
483.726	0.250	-0.252	1.05062012683045e-08	1.2674655003105e-09	-1.26647843001501e-09
484.282	0.323	-0.307	7.45641570638306e-09	9.42531489401719e-10	-9.4185715387305e-10
484.936	0.276	-0.331	7.3870704576524e-09	9.22301933667772e-10	-9.21618522250963e-10
485.508	0.251	-0.297	7.79628357680091e-09	9.85826454473621e-10	-9.85109636452396e-10
486.104	0.343	-0.344	6.31270451110052e-09	7.88420485051452e-10	-7.87828838015304e-10
486.814	0.401	-0.368	6.0126205877608e-09	7.60586362637131e-10	-7.6002669822804e-10
487.523	0.265	-0.308	8.65572636249095e-09	1.08150990313808e-09	-1.08069045955749e-09
488.032	0.293	-0.244	6.43208669758972e-09	9.9073770644452e-10	-9.902428251262e-10
488.577	0.279	-0.251	9.99702785536433e-09	1.22512196114009e-09	-1.22415275957894e-09
489.193	0.275	-0.337	7.82982728389442e-09	9.66626382783817e-10	-9.65872371993002e-10
489.760	0.272	-0.292	5.12252070597196e-09	7.98465248996785e-10	-7.98075204406565e-10
490.314	0.289	-0.282	7.50177508667427e-09	9.37879496700035e-10	-9.37166481880811e-10
490.949	0.342	-0.347	6.2440056442031e-09	7.65497038955791e-10	-7.64892248463573e-10
491.661	0.317	-0.37	6.10797256980005e-09	7.63782253923623e-10	-7.63202148711519e-10
492.275	0.264	-0.297	5.0975139096888e-09	7.65526172006419e-10	-7.65124054909329e-10
492.854	0.268	-0.316	7.45196938008797e-09	9.20526275607394e-10	-9.19812289347624e-10
493.435	0.395	-0.313	6.26251427377645e-09	7.83308599632538e-10	-7.82716691576763e-10
494.207	0.328	-0.377	6.23476833267546e-09	7.7979219931833e-10	-7.79202470313652e-10
494.843	0.300	-0.308	6.80117375448543e-09	8.50560063408642e-10	-8.49915198129708e-10
495.474	0.388	-0.331	5.55601764105608e-09	7.03532227340566e-10	-7.03011456337085e-10
496.166	0.247	-0.304	5.00280925448772e-09	7.65374287787756e-10	-7.64986309741025e-10
496.745	0.337	-0.332	6.20472012747375e-09	7.85551342115196e-10	-7.84969145057471e-10
497.366	0.282	-0.283	4.99044551720129e-09	7.63404595326321e-10	-7.63016935717736e-10
497.985	0.266	-0.337	4.71636242478161e-09	7.21442199185748e-10	-7.21076012430286e-10
498.519	0.305	-0.268	5.06401406861221e-09	7.60239078692176e-10	-7.59838084333299e-10
499.110	0.262	-0.286	5.44380073050196e-09	8.0831340461639e-10	-8.07878679030468e-10
499.606	0.287	-0.235	5.39864412759737e-09	8.25492598214584e-10	-8.25074966113156e-10
500.160	0.297	-0.267	4.71193768960738e-09	7.34100567944254e-10	-7.33745040529606e-10
500.713	0.308	-0.256	4.70243196222439e-09	7.18816573127754e-10	-7.1845811728007e-10
501.354	0.328	-0.332	5.32499459808914e-09	7.2141586507813e-10	-7.20962228780189e-10
501.924	0.311	-0.243	5.27117107315329e-09	7.87734287794817e-10	-7.87332093323084e-10
502.588	0.324	-0.354	5.75177917052912e-09	7.17780610178941e-10	-7.17262376087765e-10
503.184	0.308	-0.272	5.2169304281859e-09	7.62941997185414e-10	-7.62547399880444e-10
503.893	0.224	-0.401	5.11690969955996e-09	8.11958378993093e-10	-8.11600135861145e-10
504.447	0.368	-0.33	7.58124166702684e-09	9.34434760130541e-10	-9.33740068345703e-10
505.146	0.332	-0.331	7.75180985069245e-09	9.55734787548833e-10	-9.55012882864091e-10
505.845	0.295	-0.367	7.43622429199596e-09	9.286292108595e-10	-9.27935538004668e-10
506.350	0.329	-0.21	5.72780321877785e-09	8.75644244616433e-10	-8.75204998856497e-10
506.997	0.322	-0.318	4.50941838984517e-09	6.76765972687313e-10	-6.76410899892615e-10
507.627	0.295	-0.308	4.36450477540641e-09	6.80195628688629e-10	-6.79863557066217e-10
508.259	0.339	-0.337	5.65839994342991e-09	7.07368760316745e-10	-7.06830580758441e-10
508.928	0.307	-0.33	6.11266769327799e-09	7.54532198632096e-10	-7.53944505876779e-10
509.536	0.240	-0.301	5.02105458773201e-09	7.97366227908902e-10	-7.96993466431871e-10
510.112	0.284	-0.335	4.6405764033703e-09	7.36775942080036e-10	-7.36435188850009e-10
510.680	0.239	-0.284	5.48221930229578e-09	8.2229282275578e-10	-8.21873093374294e-10
511.232	0.297	-0.313	6.79506797039684e-09	8.3138753490905e-10	-8.30763958150507e-10
511.836	0.392	-0.307	5.07433943626721e-09	6.76933704547592e-10	-6.76517791844539e-10
512.540	0.275	-0.312	4.7599658400632e-09	7.13395271181389e-10	-7.13060830241418e-10
513.120	0.287	-0.305	4.1999662135407e-09	6.41240478819637e-10	-6.40960697236071e-10
513.756	0.343	-0.349	3.26277196044743e-09	4.88892791951182e-10	-4.88672443558153e-10
514.495	0.282	-0.396	3.69590316455154e-09	5.53900855105857e-10	-5.53642917472965e-10
515.062	0.326	-0.284	4.62995278562201e-09	6.93983131768748e-10	-6.93653152067558e-10
515.720	0.349	-0.333	4.33570409789937e-09	6.74949571901395e-10	-6.74642139034388e-10
516.417	0.338	-0.348	4.26297933414837e-09	6.51335194591292e-10	-6.51021569016411e-10
517.094	0.323	-0.339	4.24294219413428e-09	6.60755808915373e-10	-6.60443888787199e-10
517.742	0.383	-0.325	3.67670354315583e-09	5.62005289509491e-10	-5.61725370471466e-10
518.480	0.336	-0.354	3.40350318052739e-09	5.20341061348767e-10	-5.20079283705081e-10
519.201	0.330	-0.385	3.43858437925867e-09	5.10424351736436e-10	-5.10151786799466e-10
519.834	0.259	-0.303	4.39393050967321e-09	6.59344280794946e-10	-6.58999796792755e-10
520.401	0.378	-0.307	3.50165240798614e-09	5.45550593886835e-10	-5.45286078636579e-10
521.147	0.367	-0.369	4.52378440732478e-09	5.87613860123873e-10	-5.87203983322238e-10
521.859	0.286	-0.344	3.99723174401332e-09	5.99807560535522e-10	-5.99494257101508e-10
522.497	0.436	-0.352	3.28935538936087e-09	4.93584724572734e-10	-4.93327011884624e-10
523.273	0.388	-0.34	3.57700717498231e-09	5.5728455630674e-10	-5.57014505908758e-10
524.014	0.388	-0.354	3.67328413361104e-09	5.61628987203654e-10	-5.61345549985171e-10
524.787	0.345	-0.385	3.44948514052209e-09	5.17710527319496e-10	-5.17438524952084e-10
525.346	0.332	-0.214	4.45244079711502e-09	6.54115065954218e-10	-6.53755875670498e-10
526.085	0.411	-0.407	2.85139294478642e-09	4.28027487982233e-10	-4.27801997906941e-10
526.879	0.318	-0.383	3.47823332726753e-09	5.32029336512732e-10	-5.31759201451034e-10
527.521	0.354	-0.324	3.67261584050772e-09	5.51428574636073e-10	-5.51137985897647e-10
528.251	0.451	-0.376	2.87927981420971e-09	4.4048923127465e-10	-4.40265760813332e-10
529.172	0.285	-0.469	3.10226735265669e-09	4.65759905812296e-10	-4.65514235686647e-10
529.839	0.321	-0.382	3.26876319348498e-09	4.90648107558887e-10	-4.90389700310736e-10
530.520	0.408	-0.36	2.87287497614066e-09	4.47639826672315e-10	-4.47422236535345e-10
531.340	0.456	-0.412	2.61475914598472e-09	4.07331911444987e-10	-4.07135480030358e-10
532.192	0.331	-0.395	3.25205691529817e-09	4.97036418299438e-10	-4.96790557965048e-10
532.864	0.314	-0.342	3.56498540265926e-09	5.34665605959809e-10	-5.34395122475038e-10
533.502	0.312	-0.323	3.68553220305773e-09	5.46709039032332e-10	-5.46429383665679e-10
534.192	0.380	-0.378	2.98373641968182e-09	4.55858482582798e-10	-4.55639743265181e-10
534.980	0.417	-0.409	2.79877917198248e-09	4.19649474450966e-10	-4.19441730336908e-10
535.696	0.317	-0.298	3.69058987750631e-09	5.53337974437574e-10	-5.5306534629825e-10
536.292	0.356	-0.28	3.42099748708441e-09	5.22585455621403e-10	-5.22338767188495e-10
536.961	0.414	-0.313	2.93052498897162e-09	4.393421709098e-10	-4.39127867086229e-10
537.745	0.385	-0.37	3.0626723015719e-09	4.67803705061748e-10	-4.67585400629723e-10
538.596	0.427	-0.466	2.91954305796536e-09	4.3764264378686e-10	-4.37432445104732e-10
539.380	0.390	-0.357	3.31191393366215e-09	5.0579920823665e-10	-5.05567797946311e-10
540.103	0.410	-0.332	3.11874053233512e-09	4.76268173370731e-10	-4.76052269435064e-10
540.873	0.434	-0.361	2.81634337439285e-09	4.30053040180268e-10	-4.29860675925013e-10
541.588	0.315	-0.281	3.78905480123897e-09	5.67809679822901e-10	-5.6754905318362e-10
542.215	0.400	-0.312	3.16271316228492e-09	4.7391980966858e-10	-4.73704502713506e-10
542.932	0.347	-0.316	3.39373658611921e-09	5.08501065572314e-10	-5.08272543016027e-10
543.627	0.342	-0.348	3.26870809719334e-09	4.89767929558318e-10	-4.89547713112501e-10
544.322	0.374	-0.353	3.09103780342425e-09	4.71986329036056e-10	-4.71776006292602e-10
544.975	0.349	-0.278	3.68202387943054e-09	5.51864519719724e-10	-5.51604199105871e-10
545.693	0.408	-0.37	2.92697984842755e-09	4.47077488110734e-10	-4.46868852903309e-10
546.480	0.352	-0.379	3.11046804462255e-09	4.75196141632496e-10	-4.74969615421204e-10
547.158	0.396	-0.327	3.09205087907498e-09	4.72467679725794e-10	-4.72238209978398e-10
547.962	0.409	-0.408	2.700379051755e-09	4.0506331738207e-10	-4.04855674634982e-10
548.851	0.463	-0.48	2.40440236587694e-09	3.60720349672615e-10	-3.605337137504e-10
549.733	0.308	-0.419	3.7344391363392e-09	5.54231666711647e-10	-5.53938114512197e-10
550.476	0.430	-0.435	3.51486776882719e-09	5.27347012696375e-10	-5.27073384624146e-10
551.170	0.314	-0.264	4.62899684583662e-09	6.94517234787028e-10	-6.94156279165334e-10
551.754	0.300	-0.27	4.41755438832988e-09	6.42034164139287e-10	-6.41678562533154e-10
552.326	0.251	-0.272	4.47228287681767e-09	6.71029848531749e-10	-6.70681071530785e-10
552.926	0.376	-0.35	3.40655573887588e-09	5.30692863911864e-10	-5.30436758337082e-10
553.691	0.419	-0.389	3.34096716831326e-09	5.1076958626016e-10	-5.10512993024544e-10
554.534	0.354	-0.423	3.47494006322506e-09	5.4140055268626e-10	-5.41137857653161e-10
555.286	0.388	-0.398	3.57264677079515e-09	5.46260183029297e-10	-5.45984440152022e-10
555.938	0.270	-0.264	5.65763929475023e-09	8.49095768743319e-10	-8.48650193116884e-10
556.478	0.283	-0.27	5.6431804059101e-09	8.62933867011808e-10	-8.6249693476893e-10
557.091	0.367	-0.33	4.09532168236177e-09	6.1468414635809e-10	-6.14361056974281e-10
557.723	0.269	-0.265	4.57821149950059e-09	6.87206489571838e-10	-6.86844522367524e-10
558.348	0.406	-0.356	4.39172785819238e-09	5.5020742361028e-10	-5.49791531857037e-10
559.068	0.306	-0.315	4.11460829422667e-09	6.17645389738727e-10	-6.1731975459469e-10
559.659	0.403	-0.284	4.93545857054314e-09	6.48392016053552e-10	-6.479462242405e-10
560.405	0.349	-0.344	4.99214468494065e-09	6.2387518909343e-10	-6.23400894247311e-10
561.078	0.369	-0.325	4.88738221685064e-09	6.0321335802153e-10	-6.02743964336784e-10
561.713	0.297	-0.265	6.60360144223125e-09	8.15005087631456e-10	-8.14370882343409e-10
562.342	0.244	-0.332	6.79167140233117e-09	8.48682419910126e-10	-8.48038304005811e-10
562.959	0.388	-0.373	5.1852297021675e-09	6.47922210688904e-10	-6.4743063873039e-10
563.611	0.310	-0.263	4.69466094306405e-09	7.17842223988628e-10	-7.17479777812193e-10
564.216	0.260	-0.295	5.0252180690678e-09	7.5403029577053e-10	-7.53637226448905e-10
564.741	0.268	-0.266	5.13339883238302e-09	7.8466800699046e-10	-7.84276865647453e-10
565.313	0.258	-0.304	4.66158356301351e-09	7.25989481910038e-10	-7.25645112915878e-10
565.877	0.250	-0.305	6.96318421540164e-09	8.8007688982352e-10	-8.79451544302437e-10
566.472	0.357	-0.346	5.53946949827518e-09	6.99963055091967e-10	-6.99473131790632e-10
567.061	0.329	-0.232	4.48423399834932e-09	6.84978414017598e-10	-6.84656894407765e-10
567.689	0.293	-0.299	3.91167384466027e-09	5.974189806142e-10	-5.97144633965081e-10
568.211	0.316	-0.229	4.39656766043552e-09	6.44907634091639e-10	-6.44592626998224e-10
568.901	0.398	-0.375	4.60443301684974e-09	5.629007396304e-10	-5.62504805142895e-10
569.658	0.311	-0.359	3.46035862242159e-09	5.18658067282188e-10	-5.18412569097548e-10
570.281	0.288	-0.311	3.77099807527838e-09	5.65269402216662e-10	-5.64998017354645e-10
570.885	0.330	-0.316	4.3964475652149e-09	6.06078425570081e-10	-6.0573108296674e-10
571.504	0.273	-0.29	4.66599487101302e-09	6.91980830257697e-10	-6.9163522994078e-10
572.150	0.354	-0.373	5.63536968400397e-09	7.03121832721291e-10	-7.02620887159573e-10
572.824	0.353	-0.32	6.11536442053022e-09	7.53665294332715e-10	-7.53108625433815e-10
573.487	0.261	-0.31	4.80505763943843e-09	7.2058356964838e-10	-7.20221944503005e-10
574.089	0.287	-0.341	6.47473342691684e-09	7.92387060131501e-10	-7.91784093309743e-10
574.658	0.273	-0.282	4.73110510440649e-09	7.09631561575141e-10	-7.09269787590384e-10
575.235	0.244	-0.304	4.64234022942057e-09	7.09526775458222e-10	-7.09175743894013e-10
575.830	0.295	-0.351	5.84350997437504e-09	7.29725019620599e-10	-7.29180170895355e-10
576.417	0.250	-0.292	5.01438457549549e-09	7.49670259108803e-10	-7.4927790919408e-10
577.034	0.359	-0.367	5.63944148320908e-09	7.04454038874854e-10	-7.03922936936526e-10
577.761	0.346	-0.368	5.47922434260822e-09	6.84569406865579e-10	-6.84051524180703e-10
578.388	0.386	-0.281	3.86557142189776e-09	5.80183850426299e-10	-5.79878767710302e-10
579.073	0.279	-0.299	4.5415614721315e-09	6.81592934770692e-10	-6.81235232706751e-10
579.621	0.346	-0.269	5.14655149303903e-09	7.12471893038977e-10	-7.12034002090358e-10
580.301	0.357	-0.333	5.43701882687275e-09	7.13881272834601e-10	-7.1339612985912e-10
580.978	0.221	-0.32	5.50764406938037e-09	8.41869907626201e-10	-8.41450293786696e-10
581.480	0.322	-0.281	5.74011673295115e-09	8.22951656919037e-10	-8.22488126908739e-10
582.138	0.374	-0.336	4.49392621456475e-09	6.74064295758447e-10	-6.7371963154061e-10
582.712	0.328	-0.2	6.00233966885215e-09	9.34684436350435e-10	-9.34245561279585e-10
583.348	0.315	-0.307	7.27737152729051e-09	8.96965251346649e-10	-8.96298802838517e-10
583.922	0.264	-0.259	5.46223233080764e-09	8.19048329033685e-10	-8.18640625230884e-10
584.542	0.235	-0.356	4.4857541860666e-09	6.85268942665844e-10	-6.84943849752568e-10
585.033	0.290	-0.256	5.32128537501333e-09	7.94924845579186e-10	-7.94533635722269e-10
585.672	0.402	-0.349	5.72351571714029e-09	7.24938001259251e-10	-7.24447302484452e-10
586.409	0.291	-0.336	4.39630077710573e-09	6.84228439514128e-10	-6.83926610225716e-10
587.078	0.353	-0.378	5.07118164987254e-09	6.24517456729614e-10	-6.24083374669863e-10
587.695	0.289	-0.264	4.32558172016272e-09	6.48244035704569e-10	-6.47943506603921e-10
588.222	0.305	-0.237	4.51753137003503e-09	6.69636200037596e-10	-6.69323073350106e-10
588.829	0.321	-0.302	3.78809317206051e-09	5.78390707779752e-10	-5.78135394848304e-10
589.504	0.388	-0.354	4.51302808188076e-09	5.75879979372052e-10	-5.7551222178961e-10
590.178	0.372	-0.286	4.51695082737058e-09	6.13070674021251e-10	-6.12720725109049e-10
590.879	0.316	-0.328	3.9239193317271e-09	5.88145128942555e-10	-5.87865724619142e-10
591.439	0.303	-0.245	4.83127823476689e-09	7.2418167928929e-10	-7.2383553355126e-10
592.057	0.294	-0.315	5.32494053422395e-09	7.43212377024851e-10	-7.42798870854524e-10
592.701	0.380	-0.351	5.71985441843833e-09	7.22564212554713e-10	-7.22068594192818e-10
593.450	0.289	-0.368	4.12502737351206e-09	6.42168307368876e-10	-6.41875116298729e-10
594.011	0.269	-0.272	4.92711189684889e-09	7.9706989328199e-10	-7.96729730488132e-10
594.672	0.308	-0.393	6.42191788174847e-09	8.21921094295561e-10	-8.21354274039344e-10
595.372	0.329	-0.392	6.92003795033293e-09	8.85832455717035e-10	-8.85214552565213e-10
595.974	0.303	-0.273	7.62303711794638e-09	9.39925684895887e-10	-9.39213508208405e-10
596.553	0.304	-0.276	6.4934966890628e-09	8.00775975966299e-10	-8.00165101651902e-10
597.188	0.267	-0.331	7.10287821928059e-09	8.87068349238382e-10	-8.86403981413248e-10
597.762	0.320	-0.307	7.4850415439317e-09	9.34964122644481e-10	-9.34260615446155e-10
598.396	0.254	-0.315	5.41305388742427e-09	8.27635074663152e-10	-8.27217889588663e-10
598.952	0.363	-0.302	6.63011914432472e-09	8.60169998731562e-10	-8.59568677623355e-10
599.615	0.304	-0.299	8.22933816739488e-09	1.040820153765e-09	-1.04005752511887e-09
600.252	0.380	-0.333	7.87320957359587e-09	9.71054835348166e-10	-9.70310585836475e-10
601.004	0.365	-0.371	7.6776410505894e-09	9.58634970358554e-10	-9.57923618313545e-10
601.657	0.239	-0.288	1.00988000998984e-08	1.27668011684073e-09	-1.27576114382363e-09
602.203	0.294	-0.308	8.68659012318928e-09	1.08433768915804e-09	-1.08354243938679e-09
602.815	0.283	-0.318	8.41995414012068e-09	1.0776938022077e-09	-1.07694811061088e-09
603.441	0.250	-0.343	8.74734822048561e-09	1.09704847105655e-09	-1.0962610602899e-09
603.950	0.315	-0.259	9.09150300807827e-09	1.16367591777956e-09	-1.16286969727581e-09
604.565	0.255	-0.3	9.79496414172033e-09	1.25395082392117e-09	-1.25307281934811e-09
605.124	0.260	-0.304	9.86063057234682e-09	1.23118557383005e-09	-1.23027158884542e-09
605.658	0.312	-0.273	8.94239594212373e-09	1.10289793001183e-09	-1.10205333708845e-09
606.214	0.261	-0.244	9.77340958000431e-09	1.19690052956392e-09	-1.19596479941482e-09
606.754	0.383	-0.279	7.14532046111799e-09	8.9264726472856e-10	-8.91972886806761e-10
607.415	0.288	-0.278	8.70502847067905e-09	1.08774276303369e-09	-1.08691793610048e-09
608.043	0.268	-0.341	8.49351710963805e-09	1.04842040341058e-09	-1.04760316849839e-09
608.659	0.349	-0.348	6.94584920165218e-09	8.68296602393813e-10	-8.67636087308584e-10
609.293	0.281	-0.285	8.07910995149441e-09	9.97813524213349e-10	-9.97037653834907e-10
609.836	0.272	-0.262	8.24472685795496e-09	1.01851063134932e-09	-1.01772110934398e-09
610.376	0.234	-0.268	9.02199617188226e-09	1.11750288738488e-09	-1.11664616682149e-09
610.928	0.340	-0.318	6.72441105658496e-09	8.31140760163491e-10	-8.30506438856553e-10
611.607	0.316	-0.339	7.21061745337078e-09	9.13985452587765e-10	-9.13331137218063e-10
612.306	0.343	-0.383	7.24056785920027e-09	8.95576858230998e-10	-8.94916798134234e-10
613.008	0.261	-0.36	8.46470676141222e-09	1.08726734105301e-09	-1.08654168630968e-09
613.614	0.263	-0.344	8.73988961059819e-09	1.10871739302279e-09	-1.10796459361396e-09
614.192	0.355	-0.315	7.78386352467796e-09	9.62982065155808e-10	-9.62282634978565e-10
614.840	0.246	-0.293	8.71748662214191e-09	1.09158822730367e-09	-1.09079839041643e-09
615.407	0.303	-0.321	7.25250767721319e-09	8.96694815208634e-10	-8.96019776570994e-10
616.077	0.274	-0.367	7.0997081115073e-09	8.77540505537419e-10	-8.76870949083472e-10
616.604	0.279	-0.253	8.57110432924298e-09	1.05914703718691e-09	-1.05833280252862e-09
617.135	0.284	-0.252	5.77670970029413e-09	8.74107237684869e-10	-8.73656502333215e-10
617.782	0.314	-0.363	6.69470141356512e-09	8.37174423979033e-10	-8.36539330418249e-10
618.363	0.324	-0.267	7.24525799974771e-09	8.9462849855843e-10	-8.93931571192506e-10
619.032	0.265	-0.345	6.28799633468803e-09	8.06085964730899e-10	-8.05503203254097e-10
619.614	0.304	-0.317	6.6657238882199e-09	8.33337125389552e-10	-8.32703469177869e-10
620.270	0.378	-0.352	6.53534541798689e-09	8.17051300356652e-10	-8.16430059184629e-10
620.925	0.262	-0.277	6.10701957469593e-09	9.23767905613979e-10	-9.23288232041891e-10
621.483	0.371	-0.296	6.72708709718232e-09	8.51634114173647e-10	-8.51002811264719e-10
622.215	0.314	-0.361	6.4362520761902e-09	7.89019693260512e-10	-7.88395542975351e-10
622.825	0.298	-0.297	4.5506677160924e-09	6.9615513329675e-10	-6.95801469314986e-10
623.429	0.275	-0.307	4.46745311371515e-09	6.83423797124099e-10	-6.83076784545068e-10
623.960	0.267	-0.256	4.83100591672661e-09	7.39019380308149e-10	-7.38644066303177e-10
624.558	0.354	-0.331	5.41934425637083e-09	6.69122359723262e-10	-6.68601178190585e-10
625.181	0.300	-0.269	6.94061762802897e-09	8.56883711046108e-10	-8.56215718336207e-10
625.773	0.233	-0.292	5.28919591534588e-09	8.08990788246843e-10	-8.08580105008833e-10
626.312	0.303	-0.305	7.24048701122477e-09	8.93778510415513e-10	-8.93082085617207e-10
626.943	0.366	-0.328	6.64631182330718e-09	8.30638311426665e-10	-8.30006804038608e-10
627.623	0.307	-0.314	7.53108316875821e-09	9.53003932708275e-10	-9.52298259533057e-10
628.250	0.260	-0.32	5.3347399778659e-09	8.15796698865368e-10	-8.15383586556126e-10
628.825	0.263	-0.315	7.3468037624282e-09	9.4122058465215e-10	-9.40543858868806e-10
629.386	0.317	-0.298	6.17932792825739e-09	7.62248648913576e-10	-7.61661564090274e-10
630.040	0.306	-0.337	5.43238081257487e-09	6.69929773598344e-10	-6.69418293649309e-10
630.694	0.309	-0.348	5.40421890297846e-09	6.61456498193151e-10	-6.60950358472389e-10
631.267	0.319	-0.265	4.6213322386379e-09	6.69043388134019e-10	-6.6868294602261e-10
631.874	0.267	-0.288	4.83913138488393e-09	7.2557312854345e-10	-7.25214436232563e-10
632.482	0.315	-0.341	6.1294273950493e-09	7.64610636657081e-10	-7.64074802177017e-10
633.172	0.389	-0.375	4.6610218431668e-09	5.88654947686743e-10	-5.88260617521727e-10
633.839	0.309	-0.278	4.26032564582835e-09	6.38623712769664e-10	-6.38317474134994e-10
634.435	0.310	-0.287	4.50865342046859e-09	6.76008115242638e-10	-6.7567451292536e-10
635.154	0.292	-0.409	4.08687230669787e-09	6.12948932196469e-10	-6.12638319433784e-10
635.821	0.357	-0.374	5.91709437575649e-09	7.57767183302852e-10	-7.57228625710242e-10
636.491	0.238	-0.314	5.08916135344381e-09	7.637701431272e-10	-7.63369947912675e-10
637.026	0.309	-0.297	4.24666228895064e-09	6.3749082416729e-10	-6.3715512808041e-10
637.717	0.348	-0.382	3.40718095535428e-09	5.31193363470477e-10	-5.30934145849644e-10
638.318	0.281	-0.253	5.03299520524447e-09	7.61636968475808e-10	-7.6124521016635e-10
638.935	0.349	-0.336	3.9208600228209e-09	5.88883669295974e-10	-5.88574958746339e-10
639.622	0.292	-0.338	4.18145667742898e-09	6.27817649321911e-10	-6.27486628489002e-10
640.263	0.303	-0.35	3.97104746256671e-09	5.96045323013158e-10	-5.95731854305473e-10
640.890	0.287	-0.323	4.19634359606844e-09	6.29678966248162e-10	-6.29350209648006e-10
641.488	0.291	-0.311	4.08772064912827e-09	6.2480002397542e-10	-6.24489926722662e-10
642.138	0.309	-0.36	3.49029972770895e-09	5.3335250579662e-10	-5.33092058462171e-10
642.799	0.292	-0.352	3.42503988340092e-09	5.33222534703712e-10	-5.32978087319468e-10
643.440	0.423	-0.349	2.89710885789e-09	4.34308055515253e-10	-4.3409769339351e-10
644.183	0.415	-0.319	2.9822491884998e-09	4.47082095580808e-10	-4.468647708639e-10
644.909	0.262	-0.31	4.07504534869025e-09	6.10953769952953e-10	-6.1065435663719e-10
645.477	0.344	-0.306	3.73108762472614e-09	5.69987146978655e-10	-5.69716394421652e-10
646.097	0.250	-0.276	4.54576702390869e-09	7.2135056379498e-10	-7.2103076838426e-10
646.605	0.306	-0.258	4.4281093823018e-09	6.81429874587375e-10	-6.81107054620764e-10
647.240	0.409	-0.329	3.31158285936148e-09	5.15638353951129e-10	-5.15398435140824e-10
648.058	0.350	-0.408	3.39464662896463e-09	5.03622541372827e-10	-5.03361781130516e-10
648.847	0.350	-0.44	3.24364907608319e-09	4.86437822514319e-10	-4.8619308695807e-10
649.569	0.381	-0.371	3.47317551137213e-09	5.20771888756256e-10	-5.20514170597506e-10
650.318	0.274	-0.368	4.21433757933282e-09	6.31773774077309e-10	-6.31467801080249e-10
650.955	0.475	-0.363	3.29346869271162e-09	5.02985650620039e-10	-5.02755480305728e-10
651.863	0.396	-0.433	3.24947421027296e-09	4.86955682692342e-10	-4.86731661276942e-10
652.706	0.371	-0.447	2.9416315341248e-09	4.4907826410873e-10	-4.48885667449994e-10
653.399	0.335	-0.321	3.62718459889309e-09	5.43391625079508e-10	-5.43155003588098e-10
654.245	0.373	-0.511	2.96986970745457e-09	4.5339813874129e-10	-4.53202941239794e-10
655.018	0.414	-0.399	3.55165033048053e-09	5.42305228500628e-10	-5.4206480112842e-10
655.805	0.310	-0.374	3.91190248629314e-09	5.97423109332804e-10	-5.97150640637102e-10
656.567	0.450	-0.452	2.78889220203021e-09	4.18097459168744e-10	-4.17894336426507e-10
657.446	0.528	-0.429	2.57007581344104e-09	3.85385534679342e-10	-3.8519339238523e-10
658.418	0.411	-0.445	2.83040090916697e-09	4.24505531565316e-10	-4.24290143336334e-10
659.289	0.572	-0.46	2.2846364175236e-09	3.42611132876107e-10	-3.42439023930345e-10
660.253	0.334	-0.392	3.14465385950693e-09	4.71491926263335e-10	-4.71259449694222e-10
661.022	0.368	-0.435	2.8385160492815e-09	4.25521682539404e-10	-4.25315769660659e-10
661.870	0.452	-0.48	2.4330020698242e-09	3.71564850081025e-10	-3.7139536065744e-10
662.772	0.413	-0.45	2.45093971113722e-09	4.04090623234045e-10	-4.03936601573627e-10
663.650	0.415	-0.465	2.48682758794271e-09	3.72645780382372e-10	-3.72475986333564e-10
664.468	0.448	-0.403	2.37707288774207e-09	3.77020778091609e-10	-3.76865257167019e-10
665.349	0.452	-0.434	2.47664573773505e-09	3.71193894899822e-10	-3.71019412665198e-10
666.435	0.624	-0.634	1.83159564326021e-09	2.7455236089121e-10	-2.74420835994333e-10
667.666	0.448	-0.607	2.27315600682776e-09	3.40800205385787e-10	-3.40633480894827e-10
668.702	0.483	-0.588	2.2990284351247e-09	3.4472532270031e-10	-3.44554237695134e-10
669.618	0.442	-0.432	2.72419056712163e-09	4.24166599924836e-10	-4.23969391771049e-10
670.586	0.507	-0.527	2.26906759202452e-09	3.46736133203033e-10	-3.46566908325516e-10
671.515	0.428	-0.422	2.82392053944036e-09	4.23574056103501e-10	-4.23357620382383e-10
672.462	0.354	-0.518	2.90886007014787e-09	4.36369161907151e-10	-4.36144382577296e-10
673.341	0.458	-0.526	2.60449626919644e-09	3.90755757994033e-10	-3.90553167738975e-10
674.323	0.531	-0.524	2.2275562448908e-09	3.34254920184306e-10	-3.34080440597415e-10
675.476	0.494	-0.622	1.85906280156442e-09	2.89688948828406e-10	-2.89547759840558e-10
676.547	0.449	-0.578	2.10566052175167e-09	3.16088494088409e-10	-3.15921960236103e-10
677.755	0.702	-0.759	1.45670022366981e-09	2.27078569586319e-10	-2.26967607275719e-10
679.008	0.441	-0.552	2.19109569822078e-09	3.35185151412681e-10	-3.35015014668014e-10
680.353	0.609	-0.904	1.46370847135111e-09	2.19703700624301e-10	-2.19588109428155e-10
681.476	0.568	-0.514	2.05576536674227e-09	3.08491230210146e-10	-3.0832997117587e-10
682.704	0.682	-0.661	1.71826880925373e-09	2.54998380874237e-10	-2.5486368814421e-10
684.028	0.619	-0.641	1.8221447509786e-09	2.73306177648992e-10	-2.73166782533615e-10
685.225	0.512	-0.579	2.03150308863099e-09	3.04680560868335e-10	-3.04526207444679e-10
686.583	0.613	-0.846	1.43205709086204e-09	2.18809297683445e-10	-2.1870352403107e-10
688.090	0.707	-0.894	1.22423816530433e-09	1.94269824604714e-10	-1.94183707638021e-10
689.764	0.732	-0.967	1.16566737639328e-09	1.78056934532888e-10	-1.77973376569018e-10
691.129	0.595	-0.633	1.61149672609718e-09	2.41554289419706e-10	-2.41438987455296e-10
692.676	0.826	-0.953	1.08318392163739e-09	1.6540618502623e-10	-1.65331832432693e-10
694.418	0.905	-0.915	1.01897994782059e-09	1.61623816148257e-10	-1.6155668172713e-10
696.049	0.685	-0.726	1.3423723860635e-09	2.05003105291707e-10	-2.04909725124895e-10
697.744	0.838	-1.011	1.03644874591875e-09	1.58301205431503e-10	-1.58227952009825e-10
699.563	1.313	-0.98	8.77281967919808e-10	1.3154236870716e-10	-1.31477141239786e-10
701.838	0.957	-0.963	1.07718158613086e-09	1.64645233177606e-10	-1.64563465688448e-10
703.971	1.294	-1.175	8.32443644802151e-10	1.29700050954658e-10	-1.29637061241648e-10
706.567	1.277	-1.303	7.77867359234599e-10	1.18922988052107e-10	-1.18863211212744e-10
708.811	1.032	-0.966	9.40520640611331e-10	1.49316259898014e-10	-1.49247424580862e-10
710.598	0.854	-0.756	1.18743078589868e-09	1.81427334043694e-10	-1.8133984760833e-10
712.831	1.073	-1.378	7.78210623590018e-10	1.18844775905922e-10	-1.18790743977634e-10
715.138	1.599	-1.234	6.62410817509246e-10	1.03107218548034e-10	-1.0306109093242e-10
718.154	1.223	-1.417	7.20426677054863e-10	1.1010168672073e-10	-1.10047465550587e-10
720.878	1.399	-1.501	6.67445496483591e-10	1.00100690120635e-10	-1.00050067425762e-10
723.527	1.804	-1.251	6.3511797147598e-10	9.52225064593048e-11	-9.51758027866915e-11
726.867	1.056	-1.536	7.49893203565777e-10	1.12380390878378e-10	-1.12328427459373e-10
729.464	1.208	-1.541	6.62228088137892e-10	1.07064981017243e-10	-1.07023502027114e-10
732.281	1.572	-1.609	6.02472010309127e-10	9.02862308727349e-11	-9.02445835608993e-11
735.090	1.462	-1.237	6.95349158247278e-10	1.06212820997768e-10	-1.06163181335316e-10
738.091	1.584	-1.539	5.99594532233207e-10	9.33856106333086e-11	-9.33411657533215e-11
741.489	1.255	-1.814	6.03608648060848e-10	9.77042148201008e-11	-9.76604733111886e-11
744.023	1.266	-1.28	7.58382595586235e-10	1.1815897499439e-10	-1.18101658949642e-10
747.244	2.307	-1.954	4.49521946205585e-10	7.0038652424717e-11	-7.0004650226686e-11
750.753	1.331	-1.203	7.69811889777499e-10	1.15468355838711e-10	-1.15409430606917e-10
753.234	0.891	-1.15	9.48571710873728e-10	1.4221812619807e-10	-1.42148285377405e-10
755.247	1.164	-1.122	8.64078536624801e-10	1.32054644382207e-10	-1.31989723900387e-10
757.431	0.786	-1.02	1.14551242927532e-09	1.75188942207301e-10	-1.7510017819788e-10
759.150	0.911	-0.934	1.11204755336587e-09	1.80059518799948e-10	-1.79978216075794e-10
761.260	1.186	-1.198	8.89468926448162e-10	1.38481312704597e-10	-1.38417787067332e-10
763.235	0.670	-0.789	1.47103634363381e-09	2.24567714157918e-10	-2.24471814567494e-10
764.590	0.739	-0.686	1.50521681547424e-09	2.34179760152778e-10	-2.34082924854475e-10
766.021	0.627	-0.691	1.67835827634109e-09	2.6117193784919e-10	-2.61059713492906e-10
767.399	0.743	-0.751	1.53421868883438e-09	2.3432336408103e-10	-2.3421525789505e-10
769.115	0.739	-0.973	1.25325146739812e-09	1.98842737583999e-10	-1.9875625529599e-10
770.474	0.565	-0.62	1.81008575055433e-09	2.76475200550969e-10	-2.76346475341047e-10
771.729	0.615	-0.691	1.78723792708023e-09	2.67905295770921e-10	-2.67776845129663e-10
773.047	0.828	-0.702	1.64467646605987e-09	2.51179427220206e-10	-2.51064420420495e-10
774.487	0.662	-0.612	1.95239906917929e-09	2.98177782089088e-10	-2.98041111474334e-10
775.715	0.636	-0.567	1.92425488307068e-09	2.93890563984024e-10	-2.93755153089801e-10
777.011	0.485	-0.659	1.87731679577209e-09	3.09589555934715e-10	-3.09466560652914e-10
778.129	0.654	-0.634	1.86069486125051e-09	2.89627321218732e-10	-2.89497437034132e-10
779.358	0.481	-0.574	2.36979040243387e-09	3.62048500086166e-10	-3.61875415831822e-10
780.292	0.566	-0.454	2.25409694001555e-09	3.38071351363302e-10	-3.37899877422086e-10
781.338	0.416	-0.48	2.2947879773161e-09	3.44272875705904e-10	-3.44094895901923e-10
782.276	0.574	-0.522	1.9415992072348e-09	2.91362135105691e-10	-2.91209773598871e-10
783.366	0.567	-0.516	2.06814444688121e-09	3.28509268878036e-10	-3.28354776698324e-10
784.622	0.596	-0.689	1.94327785056601e-09	2.91769531842145e-10	-2.91615719236334e-10
785.742	0.555	-0.523	2.20611167532618e-09	3.37528869593681e-10	-3.37357823823186e-10
786.884	0.596	-0.587	1.98038321926625e-09	3.03042385514237e-10	-3.02889448088073e-10
788.008	0.607	-0.528	2.25039524068344e-09	3.46897488693246e-10	-3.4672601880806e-10
789.198	0.541	-0.584	2.4481851248176e-09	3.7462879851138e-10	-3.74439841293636e-10
790.337	0.416	-0.598	2.39725899142414e-09	3.66714036474995e-10	-3.66527899037661e-10
791.357	0.575	-0.604	1.86264561149152e-09	2.79585243529124e-10	-2.79438139601849e-10
792.449	0.455	-0.516	2.16069303904319e-09	3.24216874570049e-10	-3.24047748235722e-10
793.447	0.451	-0.543	2.113725920008e-09	3.2307861214753e-10	-3.22918071415466e-10
794.341	0.405	-0.442	2.55566841006414e-09	3.83384626680028e-10	-3.83187177857202e-10
795.328	0.574	-0.582	1.97468153171255e-09	3.07572509823235e-10	-3.07425426939693e-10
796.387	0.432	-0.485	2.80663704982646e-09	4.21047766610553e-10	-4.20830471738916e-10
797.400	0.468	-0.581	2.51429034940916e-09	3.77196930815366e-10	-3.77002047607638e-10
798.520	0.834	-0.652	1.78518025492657e-09	2.67819555975833e-10	-2.67681060888201e-10
800.025	0.622	-0.671	1.88216847118064e-09	2.82375046918808e-10	-2.82228902374702e-10
801.163	0.607	-0.516	1.86896253031274e-09	2.96726924778511e-10	-2.96589688929958e-10
802.219	0.453	-0.449	2.2677790365024e-09	3.40235003076313e-10	-3.4005869279925e-10
803.467	0.610	-0.795	1.56456360707011e-09	2.34718522365552e-10	-2.34597239152314e-10
804.609	0.591	-0.531	2.00705642853909e-09	3.20679370363863e-10	-3.20536989303981e-10
805.657	0.420	-0.457	2.61177415741234e-09	3.91549471739702e-10	-3.91358983194119e-10
806.695	0.634	-0.618	1.74821049920506e-09	2.61996092774993e-10	-2.61874554992068e-10
807.861	0.569	-0.532	1.91694724039993e-09	2.87186708949838e-10	-2.87061187905867e-10
808.981	0.596	-0.55	1.80817831128337e-09	2.7089464621779e-10	-2.70775958629715e-10
810.043	0.439	-0.466	2.15119750893491e-09	3.41214048888828e-10	-3.41072023719899e-10
810.886	0.547	-0.404	2.20755027980628e-09	3.30944248854944e-10	-3.30783545515762e-10
812.086	0.543	-0.654	1.68597786055294e-09	2.83678322430618e-10	-2.83563908191446e-10
813.362	0.482	-0.733	1.98111625278819e-09	3.0288292698984e-10	-3.02730667878832e-10
814.258	0.293	-0.413	3.89151190276261e-09	5.94944914101464e-10	-5.94646174567421e-10
815.061	0.460	-0.51	3.25546243147539e-09	4.88434087664801e-10	-4.88180553609405e-10
816.091	0.511	-0.571	2.58447461778416e-09	3.87704155239556e-10	-3.87504548553974e-10
817.099	0.585	-0.496	2.18920890614276e-09	3.28362082981551e-10	-3.28194646277054e-10
818.196	0.452	-0.512	2.21672991929227e-09	3.32442012250872e-10	-3.32274404153904e-10
819.263	0.741	-0.615	1.69977418090154e-09	2.54885105426622e-10	-2.54757912442969e-10
820.498	0.558	-0.494	2.39050438670516e-09	3.58417988863111e-10	-3.58241337440375e-10
821.540	0.435	-0.485	2.80114570718401e-09	4.19946720662367e-10	-4.19741961851245e-10
822.893	0.776	-0.917	1.54720989466819e-09	2.36312171468154e-10	-2.36202821605959e-10
824.147	0.587	-0.478	2.35713243189046e-09	3.5336217565856e-10	-3.5319095251414e-10
825.584	0.704	-0.849	1.50509494475989e-09	2.2568848285297e-10	-2.25576082451336e-10
826.942	0.689	-0.655	1.7336562151021e-09	2.60028462133645e-10	-2.59896045143852e-10
828.168	0.445	-0.537	2.37627088174734e-09	3.63221441505562e-10	-3.63040569493631e-10
829.357	0.649	-0.744	1.6689231954373e-09	2.64955527119499e-10	-2.64833314362586e-10
830.584	0.681	-0.578	1.94122047357078e-09	3.02336346744044e-10	-3.02192544164937e-10
831.942	0.723	-0.676	1.79423597069973e-09	2.74188507654401e-10	-2.74054257111258e-10
833.322	0.445	-0.658	2.24899030194379e-09	3.37273884198312e-10	-3.37104123925507e-10
834.479	0.575	-0.712	1.84799120048326e-09	2.87733345223204e-10	-2.87599813483347e-10
835.803	0.720	-0.75	1.66286768559871e-09	2.49339467317491e-10	-2.49215574337315e-10
837.139	0.658	-0.616	1.92649110924704e-09	2.88846878651774e-10	-2.88704481549194e-10
838.325	0.806	-0.528	1.86539656814264e-09	2.79678708949953e-10	-2.79541274106447e-10
839.731	0.544	-0.6	2.06951247422253e-09	3.28415881947288e-10	-3.28269703548196e-10
840.966	0.724	-0.69	1.6351444079511e-09	2.49862789396894e-10	-2.49741010724246e-10
842.291	0.582	-0.601	1.88246716920856e-09	2.82378605124458e-10	-2.8223372807959e-10
843.566	0.677	-0.693	1.59098031414925e-09	2.38668062007358e-10	-2.38545160584279e-10
844.838	0.513	-0.596	1.92446494514254e-09	2.88581377824937e-10	-2.88437327145229e-10
846.113	0.722	-0.762	1.39018293094942e-09	2.16359562374488e-10	-2.16264485107289e-10
847.416	0.544	-0.581	1.86369461857932e-09	2.84516264805101e-10	-2.843943696429e-10
848.554	0.720	-0.595	1.64557157562357e-09	2.46491198482492e-10	-2.46386965034885e-10
849.814	0.479	-0.54	2.22950260464455e-09	3.4681635941435e-10	-3.466769312355e-10
850.748	0.563	-0.455	2.40135491669908e-09	3.66592656210993e-10	-3.66435877379807e-10
852.116	0.874	-0.805	1.34663686764929e-09	2.05616098416863e-10	-2.05525162719851e-10
853.663	0.703	-0.672	1.51921536699371e-09	2.27712559482387e-10	-2.27604446163603e-10
854.935	0.921	-0.569	1.39744501675336e-09	2.09493272850516e-10	-2.09391772809044e-10
856.444	0.809	-0.587	1.53570344317757e-09	2.3461410892462e-10	-2.34502190889315e-10
857.950	0.645	-0.697	1.63016472861718e-09	2.58725172787484e-10	-2.58608613426293e-10
859.185	0.580	-0.591	2.05973712504721e-09	3.08931195628428e-10	-3.08774043585165e-10
860.352	0.565	-0.586	2.16885865661458e-09	3.31456130207628e-10	-3.31293064436351e-10
861.411	0.401	-0.494	2.7324488208791e-09	4.09872786015774e-10	-4.09662700454384e-10
862.541	0.626	-0.73	1.68782243427327e-09	2.62882231608522e-10	-2.62756803727606e-10
863.606	0.387	-0.439	2.98409613850498e-09	4.47667249870593e-10	-4.47436291600535e-10
864.528	0.502	-0.535	2.44434998376659e-09	3.73633907564192e-10	-3.73447650767818e-10
865.479	0.535	-0.449	2.53582711476761e-09	3.80461038403748e-10	-3.80263599390497e-10
866.634	0.495	-0.62	2.0873817514974e-09	3.19107366600008e-10	-3.18947315908812e-10
867.639	0.628	-0.509	1.99400150055257e-09	3.1662551761007e-10	-3.16478003385581e-10
868.754	0.510	-0.488	2.37120587681792e-09	3.62463746286985e-10	-3.62282954496052e-10
870.120	0.555	-0.856	1.64127241983323e-09	2.50715336082359e-10	-2.50597334135302e-10
871.246	0.482	-0.571	2.04604534644993e-09	3.24479444995521e-10	-3.24348723766837e-10
872.240	0.505	-0.511	2.13462665325921e-09	3.19719320559749e-10	-3.19586919078783e-10
873.369	0.564	-0.625	1.82813402221557e-09	2.78909145872295e-10	-2.78806950850483e-10
NO NO NO NO NO NO
! xrtpcflux
4079.746	26.224	-23.922	1.72802139485435e-11	3.8639716267833e-12	-3.8639716267833e-12
4139.386	36.789	-33.416	1.37732708929112e-11	3.10409339181362e-12	-3.10409339181362e-12
4231.236	52.753	-55.061	1.42548914897183e-11	3.21210819523619e-12	-3.21210819523619e-12
4352.298	42.014	-68.308	1.30884188403005e-11	2.93791836648492e-12	-2.93791836648492e-12
4437.275	39.777	-42.964	1.13539366367821e-11	2.50564790650766e-12	-2.50564790650766e-12
4500.479	19.198	-23.426	2.09944506448578e-11	4.70063571812158e-12	-4.70063571812158e-12
4571.016	36.416	-51.339	1.00516933860646e-11	2.25941733682879e-12	-2.25941733682879e-12
4660.795	39.409	-53.362	9.95309359113316e-12	2.18825531685906e-12	-2.18825531685906e-12
4739.011	31.397	-38.808	1.25046664965087e-11	2.81079581074203e-12	-2.81079581074203e-12
4817.728	42.943	-47.32	9.71351611521059e-12	2.18914287793195e-12	-2.18914287793195e-12
4931.559	64.507	-70.888	6.39000705402537e-12	1.44201709174841e-12	-1.44201709174841e-12
5042.340	61.541	-46.274	7.96326597862718e-12	1.78529841552166e-12	-1.78529841552166e-12
5159.402	72.352	-55.521	6.61359390157019e-12	1.48271334477974e-12	-1.48271334477974e-12
5290.232	44.321	-58.479	8.25678481490604e-12	1.84868488110032e-12	-1.84868488110032e-12
5388.266	36.551	-53.712	9.75988192288074e-12	2.13774909666038e-12	-2.13774909666038e-12
5515.446	92.404	-90.63	4.49223562413456e-12	1.01508816926135e-12	-1.01508816926135e-12
5694.016	66.781	-86.165	5.4233443635832e-12	1.2206592929739e-12	-1.2206592929739e-12
5837.815	53.362	-77.018	6.40971121697881e-12	1.44646315696667e-12	-1.44646315696667e-12
5977.257	74.388	-86.08	5.22562192663711e-12	1.17770249143254e-12	-1.17770249143254e-12
6119.254	100.382	-67.608	4.97510939470089e-12	1.12272052071354e-12	-1.12272052071354e-12
6406.404	219.404	-186.768	3.61638057142766e-12	6.23043090832613e-13	-6.23043090832613e-13
9992.425	100.238	-105.362	3.08605891832563e-12	8.01471923984415e-13	-8.01471923984415e-13
10197.665	115.642	-105.002	3.81444883770303e-12	8.57418257995823e-13	-8.57418257995823e-13
10416.235	77.598	-102.929	3.54252725358922e-12	9.18946491754437e-13	-9.18946491754437e-13
10595.938	116.031	-102.106	2.99595519161122e-12	7.835634756832e-13	-7.835634756832e-13
10846.098	136.661	-134.129	2.47518730387804e-12	6.44329408366379e-13	-6.44329408366379e-13
11152.303	126.319	-169.544	2.33418599206242e-12	6.08337110362156e-13	-6.08337110362156e-13
11391.782	94.946	-113.161	3.4369655361245e-12	8.91563104545501e-13	-8.91563104545501e-13
11606.123	138.859	-119.394	2.7982083660001e-12	7.30984650881967e-13	-7.30984650881967e-13
11891.023	119.734	-146.041	2.69306351825616e-12	7.06005853220856e-13	-7.06005853220856e-13
12170.444	256.515	-159.686	2.29562265420541e-12	5.19654274879328e-13	-5.19654274879328e-13
15801.649	148.667	-107.079	2.75786384748993e-12	7.13994021474558e-13	-7.13994021474558e-13
16165.728	225.875	-215.411	1.66897291795306e-12	4.34425362714955e-13	-4.34425362714955e-13
16575.012	195.195	-183.409	1.8254897799384e-12	4.76454996345759e-13	-4.76454996345759e-13
16883.901	137.037	-113.694	3.65860970307466e-12	8.22644398553007e-13	-8.22644398553007e-13
17202.644	204.420	-181.707	1.77097848590824e-12	4.62855539749678e-13	-4.62855539749678e-13
17797.276	407.113	-390.212	1.37010156853795e-12	2.88846263767861e-13	-2.88846263767861e-13
21792.751	270.678	-348.628	1.12038539398863e-12	2.91792251819899e-13	-2.91792251819899e-13
22308.434	258.964	-245.005	1.35170163579657e-12	3.5511688228214e-13	-3.5511688228214e-13
23246.802	531.618	-679.404	9.7145384177843e-13	1.93622021287245e-13	-1.93622021287245e-13
27796.908	328.543	-436.187	8.87805225547624e-13	2.32337575409999e-13	-2.32337575409999e-13
28513.951	331.098	-388.501	9.50315085555511e-13	2.47820028105367e-13	-2.47820028105367e-13
29316.619	443.588	-471.57	1.05204526191968e-12	2.33947557542905e-13	-2.33947557542905e-13
33476.146	310.516	-399.052	1.02936217078617e-12	2.70700568016657e-13	-2.70700568016657e-13
34084.270	294.118	-297.608	1.24875218479798e-12	3.25287504654878e-13	-3.25287504654878e-13
34961.455	570.284	-583.068	9.75516026877874e-13	2.07374078462633e-13	-2.07374078462633e-13
39585.834	550.699	-487.328	6.751951137802e-13	1.78477695563376e-13	-1.78477695563376e-13
40672.256	627.660	-535.722	6.80563152054291e-13	1.69525000421346e-13	-1.69525000421346e-13
45864.967	1217.045	-796.836	5.57586107721403e-13	1.21966351562592e-13	-1.21966351562592e-13
51212.023	477.257	-447.942	8.34402104314658e-13	2.1262354290879e-13	-2.1262354290879e-13
52324.057	541.142	-634.777	6.12224513649465e-13	1.62018701032991e-13	-1.62018701032991e-13
56541.592	468.795	-431.329	8.31595554802674e-13	2.1793142247397e-13	-2.1793142247397e-13
57728.050	912.078	-717.663	6.99170004087614e-13	1.492320796001e-13	-1.492320796001e-13
63273.434	1131.167	-1355.867	4.89524316728868e-13	1.06635439002429e-13	-1.06635439002429e-13
68729.622	4825.048	-1033.308	4.18251222025307e-13	9.0636402405515e-14	-9.0636402405515e-14
80509.475	1250.713	-1349.357	4.1356812229293e-13	8.77596638396329e-14	-8.77596638396329e-14
86179.560	1347.655	-1182.211	3.31765481929304e-13	8.32471282395889e-14	-8.32471282395889e-14
91860.593	6172.578	-1086.445	3.20625112358824e-13	7.88665781640228e-14	-7.88665781640228e-14
141269.278	3196.025	-4151.093	2.84548155114863e-13	7.53707066960943e-14	-7.53707066960943e-14
172016.114	24439.584	-23313.957	1.41894840226741e-13	3.41043505435101e-14	-3.41043505435101e-14
235331.340	36274.989	-11554.734	9.87507149526721e-14	2.60673694584565e-14	-2.60673694584565e-14
334180.424	70863.300	-51389.7	1.08979012182448e-13	1.98127266090988e-14	-1.98127266090988e-14
672184.835	38382.550	-84421.485	2.74957117953663e-14	1.73897154646143e-14	-1.28489562805141e-14
NO NO NO NO NO NO
! batSNR4flux
45.3609999989992	7.03999999999994	-7.03999999999994	1.53558533788859e-06	3.62350987800639e-07	-3.62350987800639e-07
59.4409999990738	7.03999999999994	-7.03999999999994	2.81531374978273e-07	7.8957381595861e-08	-7.8957381595861e-08
70.0009999990872	3.52	-3.52	1.68659152424332e-07	3.60744234057332e-08	-3.60744234057332e-08
77.0409999992092	3.52	-3.52	3.55357171604127e-08	1.67835522606483e-08	-1.67835522606483e-08
84.0809999989924	3.52	-3.52	3.63912794947336e-08	7.83759808531772e-09	-7.83759808531772e-09
94.640999999006	7.03999999999994	-7.03999999999994	1.12585979611111e-08	3.75767189873214e-09	-3.75767189873214e-09
105.280999999113	3.6	-3.6	1.6211348664074e-08	4.0032513208836e-09	-4.0032513208836e-09
109.240999999179	0.36	-0.36	4.828355375104e-08	1.15023881805533e-08	-1.15023881805533e-08
110.520999998787	0.92	-0.92	2.76282921552644e-08	7.14739983835299e-09	-7.14739983835299e-09
111.820999999046	0.38	-0.38	4.49164295130434e-08	1.02268491835704e-08	-1.02268491835704e-08
112.260999996662	0.06	-0.06	1.0702750701124e-07	2.49884824062113e-08	-2.49884824062113e-08
112.960999999642	0.64	-0.64	2.60312325561733e-08	7.08288563630363e-09	-7.08288563630363e-09
113.760999996662	0.16	-0.16	5.94554853592319e-08	1.32372919970811e-08	-1.32372919970811e-08
114.241000000834	0.32	-0.32	3.80643290220254e-08	8.74706614367764e-09	-8.74706614367764e-09
115.460999998496	0.26	-0.26	4.16582342128739e-08	8.66448269507463e-09	-8.66448269507463e-09
115.861000003474	0.14	-0.14	4.85710414690007e-08	1.15803011762874e-08	-1.15803011762874e-08
116.08099998951	0.08	-0.08	5.99957111161172e-08	1.42230732272941e-08	-1.42230732272941e-08
116.440999999557	0.28	-0.28	2.77902959632442e-08	7.67368001252493e-09	-7.67368001252493e-09
116.861000003474	0.14	-0.14	4.63868888499221e-08	1.02706432910778e-08	-1.02706432910778e-08
117.360999997324	0.36	-0.36	1.76034068048361e-08	5.9223406718321e-09	-5.9223406718321e-09
118.080999999444	0.36	-0.36	2.29450429548718e-08	5.37652997057214e-09	-5.37652997057214e-09
119.4009999985	0.960000000000001	-0.960000000000001	1.16221979700136e-08	2.73299550008444e-09	-2.73299550008444e-09
121.320999999046	0.960000000000001	-0.960000000000001	1.03449164008294e-08	2.10922668358478e-09	-2.10922668358478e-09
123.240999999593	0.960000000000001	-0.960000000000001	6.99349229915192e-09	1.62358141810016e-09	-1.62358141810016e-09
124.440999998848	0.24	-0.24	1.09474914419417e-08	2.69456175088746e-09	-2.69456175088746e-09
126.960999998858	2.28	-2.28	2.22136555045071e-09	6.18482457605878e-10	-6.18482457605878e-10
129.621000001556	0.38	-0.38	7.26691543234282e-09	1.77946456563303e-09	-1.77946456563303e-09
133.040999999031	3.04	-3.04	6.0828187271369e-09	1.04748956834974e-09	-1.04748956834974e-09
136.260999996662	0.18	-0.18	2.79089331786923e-08	6.81929867423038e-09	-6.81929867423038e-09
138.400999998779	1.96	-1.96	1.22377805388343e-08	2.93732733246109e-09	-2.93732733246109e-09
140.641000000409	0.28	-0.28	5.04583796982571e-08	1.11257397981692e-08	-1.11257397981692e-08
143.860999998609	0.980000000000001	-0.980000000000001	4.48252650323764e-08	1.08951116613865e-08	-1.08951116613865e-08
145.000999998748	0.16	-0.16	1.65948703775662e-07	3.46537802246012e-08	-3.46537802246012e-08
150.440999999073	5.27999999999998	-5.27999999999998	8.29097241010832e-08	1.73102901372957e-08	-1.73102901372957e-08
155.881000001431	0.16	-0.16	4.8076927779666e-08	1.16843728570317e-08	-1.16843728570317e-08
156.740999998706	0.7	-0.7	1.6309447547646e-08	3.77662683733263e-09	-3.77662683733263e-09
157.560999998649	0.12	-0.12	2.68643232776321e-08	6.36176050969833e-09	-6.36176050969833e-09
157.820999999046	0.14	-0.14	1.04342287939058e-08	5.18068651672345e-09	-5.18068651672345e-09
158.060999996662	0.1	-0.1	2.8249709065174e-08	5.5892135355279e-09	-5.5892135355279e-09
158.461000000636	0.3	-0.3	1.24459526187968e-08	2.63373066855863e-09	-2.63373066855863e-09
158.820999999046	0.06	-0.06	2.59831392196398e-08	5.78180567074558e-09	-5.78180567074558e-09
158.920999993086	0.04	-0.04	3.0827460389981e-08	7.4938476745251e-09	-7.4938476745251e-09
159.140999998517	0.18	-0.18	1.62967581425377e-08	4.15511714996588e-09	-4.15511714996588e-09
159.420999999046	0.1	-0.1	2.81183029465647e-08	6.53253288081242e-09	-6.53253288081242e-09
159.541000027657	0.02	-0.02	7.37589733269963e-08	1.80160619416505e-08	-1.80160619416505e-08
159.680999993483	0.12	-0.12	2.73230229659814e-08	7.75493465197437e-09	-7.75493465197437e-09
159.861000000636	0.06	-0.06	5.31334564284218e-08	1.27238903473554e-08	-1.27238903473554e-08
160.020999999046	0.1	-0.1	2.58084581007532e-08	1.08985510932114e-08	-1.08985510932114e-08
160.220999999046	0.1	-0.1	5.2727259233537e-08	1.25801892681371e-08	-1.25801892681371e-08
160.420999999046	0.1	-0.1	5.35703085338519e-08	1.31967669814938e-08	-1.31967669814938e-08
160.620999999046	0.1	-0.1	2.4501628723649e-08	1.01785536403604e-08	-1.01785536403604e-08
160.861000003474	0.14	-0.14	2.47340365458101e-08	5.94503301572271e-09	-5.94503301572271e-09
161.040999997854	0.04	-0.04	3.58291118493093e-08	7.8015120182376e-09	-7.8015120182376e-09
161.18099998951	0.1	-0.1	1.46818274519329e-08	4.36898618300142e-09	-4.36898618300142e-09
161.381000001431	0.1	-0.1	1.2928971667231e-08	3.19108770569786e-09	-3.19108770569786e-09
161.501000006199	0.02	-0.02	2.607845731382e-08	5.91104834635654e-09	-5.91104834635654e-09
161.701000000901	0.18	-0.18	5.51038002402528e-09	1.45439949588092e-09	-1.45439949588092e-09
161.941000003815	0.06	-0.06	7.70107144889743e-09	1.80335071824814e-09	-1.80335071824814e-09
162.200999994278	0.2	-0.2	3.2745041174484e-09	6.24248274794198e-10	-6.24248274794198e-10
162.501000006199	0.1	-0.1	4.16149817645372e-09	9.90199122598205e-10	-9.90199122598205e-10
162.700999994278	0.1	-0.1	5.55017766336008e-09	1.31961692779273e-09	-1.31961692779273e-09
163.28099999994	0.48	-0.48	7.15296463072397e-09	1.40846889114692e-09	-1.40846889114692e-09
163.800999988317	0.04	-0.04	4.25604272784872e-08	1.02336678933859e-08	-1.02336678933859e-08
164.000999998748	0.16	-0.16	2.53491210732507e-08	6.7500143373638e-09	-6.7500143373638e-09
164.241000000834	0.08	-0.08	5.90598467221091e-08	1.39927720934538e-08	-1.39927720934538e-08
164.740999998706	0.42	-0.42	2.51877999553453e-08	5.42402334981881e-09	-5.42402334981881e-09
165.220999995073	0.06	-0.06	5.3496653870316e-08	1.32205404984235e-08	-1.32205404984235e-08
165.481000001431	0.2	-0.2	2.87337190792473e-08	6.69104813272588e-09	-6.69104813272588e-09
165.781000001431	0.1	-0.1	4.35632678353698e-08	1.08711767950096e-08	-1.08711767950096e-08
166.140999996479	0.26	-0.26	2.76607329862729e-08	8.03969570847569e-09	-8.03969570847569e-09
166.481000010371	0.08	-0.08	8.19268952240163e-08	1.81096677641673e-08	-1.81096677641673e-08
166.840999997003	0.28	-0.28	5.07194266112441e-08	1.21966088352366e-08	-1.21966088352366e-08
167.260999996662	0.14	-0.14	7.85006007572896e-08	1.90128201342723e-08	-1.90128201342723e-08
167.681000000579	0.28	-0.28	4.87016221228644e-08	1.20003800683211e-08	-1.20003800683211e-08
167.981000025272	0.02	-0.02	1.60318772696208e-07	3.92684965527042e-08	-3.92684965527042e-08
168.100999994278	0.1	-0.1	4.33886094691251e-08	1.83241197967651e-08	-1.83241197967651e-08
168.300999994278	0.1	-0.1	7.13794149353643e-08	1.73153669479026e-08	-1.73153669479026e-08
169.241000000125	0.84	-0.84	1.91632532677571e-08	4.62046723740602e-09	-4.62046723740602e-09
170.340999998313	0.26	-0.26	2.86807486438338e-08	6.85080056535363e-09	-6.85080056535363e-09
170.700999994278	0.1	-0.1	4.26080192010376e-08	1.05069805503068e-08	-1.05069805503068e-08
170.980999998781	0.18	-0.18	3.14787546832725e-08	7.4535693763312e-09	-7.4535693763312e-09
171.641000001828	0.12	-0.12	3.53263366343442e-08	8.23218907578424e-09	-8.23218907578424e-09
172.040999997854	0.28	-0.28	2.18384303084538e-08	5.07449402200679e-09	-5.07449402200679e-09
172.880999999302	0.56	-0.56	1.07977173699016e-08	3.13897055259824e-09	-3.13897055259824e-09
173.560999998649	0.12	-0.12	2.35823476523504e-08	5.7669268152817e-09	-5.7669268152817e-09
174.140999999668	0.46	-0.46	5.43737254151939e-09	2.50014199398767e-09	-2.50014199398767e-09
174.660999992689	0.06	-0.06	2.33827159263791e-08	5.80181960626577e-09	-5.80181960626577e-09
174.760999996662	0.04	-0.04	3.23261739524063e-08	7.59608903669308e-09	-7.59608903669308e-09
175.100999998252	0.3	-0.3	1.0023340121488e-08	2.47521435293092e-09	-2.47521435293092e-09
176.001000000239	0.6	-0.6	6.7844639567319e-09	1.3619166897133e-09	-1.3619166897133e-09
176.700999994278	0.1	-0.1	1.53374555326751e-08	3.53766429591676e-09	-3.53766429591676e-09
177.221000000749	0.42	-0.42	9.102604055498e-09	2.22473749509926e-09	-2.22473749509926e-09
177.780999994619	0.14	-0.14	2.0674656514326e-08	4.8658142902926e-09	-4.8658142902926e-09
178.100999996927	0.18	-0.18	1.63925873098789e-08	5.03367031972556e-09	-5.03367031972556e-09
178.340999999841	0.06	-0.06	4.61632042125393e-08	9.46241911930179e-09	-9.46241911930179e-09
178.801000000238	0.4	-0.4	2.55444249129916e-08	4.62972179721026e-09	-4.62972179721026e-09
179.28099999249	0.08	-0.08	4.17024888884359e-08	1.039707610463e-08	-1.039707610463e-08
179.681000002176	0.32	-0.32	1.13335770659531e-08	5.29040611702052e-09	-5.29040611702052e-09
180.320999999046	0.32	-0.32	2.3204174541408e-08	5.52028474783349e-09	-5.52028474783349e-09
181.440999997854	0.8	-0.8	1.97276919287599e-08	3.69311470304884e-09	-3.69311470304884e-09
184.100999999277	1.86	-1.86	1.19114762491373e-08	2.80807680918449e-09	-2.80807680918449e-09
189.680999998931	3.72	-3.72	9.98679988990584e-09	2.72920896499985e-09	-2.72920896499985e-09
197.12099999911	3.72	-3.72	1.76812167699816e-08	3.6036341074098e-09	-3.6036341074098e-09
202.780999999096	1.94	-1.94	2.04742365547229e-08	5.0072182897738e-09	-5.0072182897738e-09
204.741000015736	0.02	-0.02	2.11670921459187e-07	5.28822916895364e-08	-5.28822916895364e-08
206.440999998848	1.68	-1.68	2.09406885797394e-08	5.42068592923333e-09	-5.42068592923333e-09
208.260999996662	0.14	-0.14	7.9993253554063e-08	1.92137592783786e-08	-1.92137592783786e-08
208.541000002112	0.14	-0.14	4.2661616572119e-08	1.90202324380297e-08	-1.90202324380297e-08
208.820999999046	0.14	-0.14	7.82267574877228e-08	1.9429289347153e-08	-1.9429289347153e-08
209.220999998129	0.26	-0.26	4.21870368659943e-08	1.39648583805308e-08	-1.39648583805308e-08
209.741000001981	0.26	-0.26	6.00224322359559e-08	1.42448403578953e-08	-1.42448403578953e-08
210.300999998252	0.3	-0.3	5.38145006763532e-08	1.32691391183474e-08	-1.32691391183474e-08
210.640999991894	0.04	-0.04	1.59606852101244e-07	3.54527693890811e-08	-3.54527693890811e-08
211.98099999868	1.3	-1.3	3.84864857092001e-08	6.25170328866177e-09	-6.25170328866177e-09
213.541000000147	0.26	-0.26	6.03179546327121e-08	1.40160720829591e-08	-1.40160720829591e-08
215.360999999108	1.56	-1.56	2.27391758314546e-08	5.96996373425025e-09	-5.96996373425025e-09
217.040999997854	0.12	-0.12	8.64396746309277e-08	2.15422094976128e-08	-2.15422094976128e-08
217.92099999936	0.76	-0.76	2.42703622615976e-08	8.72093325700263e-09	-8.72093325700263e-09
218.721000005007	0.04	-0.04	1.62031592303597e-07	3.9129303899775e-08	-3.9129303899775e-08
222.280999998924	3.52	-3.52	1.76558088073451e-08	4.28826991871916e-09	-4.28826991871916e-09
229.320999999046	3.52	-3.52	2.20341210745973e-08	5.03089224653312e-09	-5.03089224653312e-09
236.360999999168	3.52	-3.52	2.08056321137485e-08	6.95181597995198e-09	-6.95181597995198e-09
243.400999998951	3.52	-3.52	4.56402844020281e-08	9.56399958863272e-09	-9.56399958863272e-09
250.440999999073	3.52	-3.52	5.17570638782406e-08	1.33470424102394e-08	-1.33470424102394e-08
475.340999999033	10.3799999999999	-10.3799999999999	3.54567598930258e-07	6.03063497753374e-08	-6.03063497753374e-08
489.180999999225	3.46	-3.46	8.26156304509503e-07	1.99184197605731e-07	-1.99184197605731e-07
516.920999999035	24.2799999999996	-24.2799999999996	1.06225078188675e-07	3.49005774241516e-08	-3.49005774241516e-08
596.800999999043	6.99999999999994	-6.99999999999994	2.44974995637631e-08	5.10355811562449e-09	-5.10355811562449e-09
604.060999999413	0.26	-0.26	1.39281094546559e-07	3.27916835377354e-08	-3.27916835377354e-08
606.220999999045	1.9	-1.9	6.19229460683144e-08	1.28022767154439e-08	-1.28022767154439e-08
610.020999999045	1.9	-1.9	3.50051114022719e-08	1.40970288546875e-08	-1.40970288546875e-08
612.680999999235	0.76	-0.76	1.03630434665357e-07	2.38812957709293e-08	-2.38812957709293e-08
