READ TERR 1 2
! xrtwtslewflux
71.0726864472006	0.238708559082184	-0.762929469745529	2.5778888004324e-08	3.20797714604516e-09	-3.12774535691334e-09
71.8791852558892	0.453371723869978	-0.567790249606418	2.24604598573932e-08	2.73202365978579e-09	-2.70399298628119e-09
72.5994907089886	0.279300282420678	-0.266933729229422	4.11872476479206e-08	5.05171326950733e-09	-4.99473410443404e-09
73.2738550181411	0.346744983773917	-0.395064026731788	3.28169881880121e-08	4.49334826418251e-09	-3.97118450969147e-09
74.1041327489511	0.439844230407573	-0.483532747036122	2.62611319980275e-08	3.53493473529031e-09	-3.20271148137951e-09
75.0182708777176	0.384994078859748	-0.474293898358852	3.1091862129478e-08	4.45584449525392e-09	-4.1761141925741e-09
75.7443106284203	0.270993357755245	-0.341045671842949	4.13023874527175e-08	5.7534628293623e-09	-8.9711999949553e-09
76.5033901373443	0.440665853931549	-0.488086151168758	2.66194074218904e-08	3.36573193284473e-09	-4.84366865181132e-09
77.2906140425067	0.381106955883482	-0.346558051230915	3.23226395767507e-08	3.96746029999468e-09	-4.01503377568085e-09
77.9863308793077	0.397065107352276	-0.31460988091753	3.162282140696e-08	3.89400823343601e-09	-4.51743097467765e-09
78.7242897217705	0.308344255268779	-0.340893735110512	3.2491310784474e-08	4.0170703151771e-09	-4.01663618041188e-09
79.4247958290071	0.402227140715581	-0.392161851967828	3.42455603784945e-08	3.6088399911381e-09	-3.57154252297646e-09
NO NO NO NO NO NO
! xrtwtflux
84.742	0.586	-0.697	2.4742946511052e-08	3.20712876846888e-09	-3.185109488997e-09
86.109	0.948	-0.781	1.99493789772522e-08	2.47561697562486e-09	-2.46281246685028e-09
87.670	0.457	-0.613	3.30156887905926e-08	4.26930647723582e-09	-4.2501635735108e-09
88.770	0.651	-0.644	2.95396146794379e-08	3.6260832420785e-09	-3.60938909638096e-09
90.028	0.628	-0.606	3.00013342697409e-08	3.91757452728552e-09	-3.90344449955629e-09
91.221	0.686	-0.565	2.95907259136922e-08	3.84822981032536e-09	-3.80909723153706e-09
92.538	0.718	-0.631	2.78530503092273e-08	3.57703696112716e-09	-3.47480171707364e-09
93.895	0.629	-0.64	3.0109682928656e-08	3.92836288848017e-09	-3.88084138667517e-09
95.115	0.593	-0.591	3.46590901090818e-08	4.63820575583514e-09	-4.60728984939113e-09
96.129	0.400	-0.422	5.63668108414974e-08	7.19416565188952e-09	-7.10576440240865e-09
96.978	0.392	-0.449	5.97940585152656e-08	7.48164769037738e-09	-7.3949686425256e-09
97.617	0.310	-0.247	8.96919728756568e-08	1.1673042591601e-08	-1.15485736866946e-08
98.210	0.274	-0.283	9.37536575637634e-08	1.14807248761277e-08	-1.13702342107764e-08
98.721	0.267	-0.237	1.03892455689153e-07	1.29290289438149e-08	-1.28244291143747e-08
99.255	0.244	-0.267	9.68187314874325e-08	1.24736775111066e-08	-1.23899373280331e-08
99.759	0.283	-0.261	8.77979405871602e-08	1.15226120307187e-08	-1.14481809105452e-08
100.698	0.578	-0.655	1.07553996293659e-07	1.17467018229327e-08	-1.16288067407315e-08
101.859	0.607	-0.584	1.16969713744651e-07	1.24413022161368e-08	-1.24525778489914e-08
103.084	0.695	-0.618	1.04654899536397e-07	1.15735469510269e-08	-1.15194386512818e-08
104.243	0.445	-0.464	1.08033096154965e-07	1.37887416868243e-08	-1.36687212566432e-08
105.101	0.430	-0.413	1.76776281555087e-07	1.85747611534919e-08	-1.8319729691832e-08
105.970	0.533	-0.438	1.46077076683658e-07	1.62980004764234e-08	-1.60987754812705e-08
107.080	0.484	-0.578	1.39036424275739e-07	1.48111187460735e-08	-1.4774517478942e-08
108.081	0.512	-0.517	1.43914772813887e-07	1.5558126615269e-08	-1.52362666807109e-08
109.145	0.569	-0.552	1.2587654531638e-07	1.44172790243318e-08	-1.39429812247207e-08
110.227	0.428	-0.513	1.55301269707895e-07	1.63868729930186e-08	-1.60924094353882e-08
111.143	0.475	-0.487	1.39686829904097e-07	1.56873200910243e-08	-1.54806559064479e-08
111.972	0.357	-0.354	1.97826667161898e-07	2.06620925598713e-08	-2.03824582109004e-08
112.769	0.386	-0.44	1.61258270841744e-07	1.77827776634679e-08	-1.755829691791e-08
113.496	0.355	-0.341	1.95007834030347e-07	2.11680687082112e-08	-2.08516554148172e-08
114.231	0.330	-0.38	1.90218253440642e-07	2.08751357695738e-08	-2.05771322030714e-08
114.922	0.387	-0.362	2.19166564709239e-07	2.36891411996053e-08	-2.31949919002575e-08
115.774	0.357	-0.465	2.53713691687243e-07	2.81240047530918e-08	-2.8548140221524e-08
116.682	0.378	-0.551	2.29652334859962e-07	2.50882570892599e-08	-2.55000696904964e-08
117.412	0.374	-0.352	2.95685635199233e-07	3.24477890181449e-08	-3.29797355323845e-08
118.190	0.409	-0.404	2.60560384837478e-07	2.92865540434076e-08	-2.99010234517764e-08
118.925	0.321	-0.326	3.46503768920073e-07	3.68571418411489e-08	-3.7772487964152e-08
119.671	0.419	-0.425	2.60572901754538e-07	2.87261886813443e-08	-2.93877027593599e-08
120.484	0.348	-0.394	2.98919122983033e-07	3.17219477905243e-08	-3.26618756230858e-08
121.305	0.376	-0.473	2.50907526205225e-07	2.70092277049096e-08	-2.77401774542439e-08
122.270	0.559	-0.59	1.73513992420026e-07	1.94258112250978e-08	-1.97914957734031e-08
123.353	0.495	-0.523	1.99338654832458e-07	2.10001663317812e-08	-2.12624517576269e-08
124.358	0.566	-0.511	1.79923205909885e-07	1.95793916406263e-08	-1.94837268120098e-08
125.628	0.581	-0.704	1.40098379851295e-07	1.59077967265713e-08	-1.58966296426738e-08
126.757	0.574	-0.549	1.58572752388312e-07	1.76034266067486e-08	-1.75147168395049e-08
128.011	0.636	-0.68	1.29606617736144e-07	1.42129056661955e-08	-1.42943725339998e-08
129.548	0.857	-0.901	8.98872380140367e-08	9.97214162676125e-09	-1.00396104276867e-08
131.153	0.717	-0.747	1.04810265431711e-07	1.1434977464348e-08	-1.14071082431076e-08
132.707	0.772	-0.838	9.36606695551904e-08	1.01508924050727e-08	-1.02816085665417e-08
134.379	0.958	-0.9	7.86275488170578e-08	8.71129826911205e-09	-8.74735680435303e-09
135.914	0.799	-0.577	7.23997627508712e-08	9.4982026082158e-09	-9.53268179204765e-09
137.605	0.562	-0.893	5.2451048974649e-08	9.37249341979864e-09	-7.4916134573714e-09
138.446	0.259	-0.278	3.57735605774985e-08	1.44785387666018e-08	-7.38224050371677e-09
138.966	0.248	-0.261	3.70741352070581e-08	1.21446551690278e-08	-8.76760752576277e-09
139.483	0.232	-0.27	3.78628583992673e-08	1.20820057995801e-08	-9.07947409560907e-09
140.078	0.360	-0.362	2.58631223769525e-08	1.06092892264962e-08	-5.37281695130988e-09
140.697	0.267	-0.259	3.78765448899454e-08	1.40893452493711e-08	-8.30629503930505e-09
141.335	0.357	-0.371	2.9038460492041e-08	8.90930692421085e-09	-7.06439958568668e-09
141.988	0.327	-0.296	3.36712281945017e-08	1.13900867634404e-08	-7.75566141772513e-09
142.657	0.265	-0.342	3.25718620557607e-08	1.00349995750142e-08	-7.8751772815939e-09
143.353	0.413	-0.432	2.12044885456203e-08	6.7554400263487e-09	-5.198681934202e-09
144.254	0.471	-0.488	1.94316032912564e-08	6.67982106670177e-09	-4.51275633542763e-09
145.153	0.524	-0.428	2.00571061248409e-08	8.30907024153273e-09	-4.10804931870405e-09
146.143	0.431	-0.466	2.10537607787627e-08	6.8899783844907e-09	-4.9949811993637e-09
147.027	0.463	-0.453	2.14122451048569e-08	3.42707483563129e-09	-6.54815713215826e-09
147.931	0.493	-0.441	2.06972729117575e-08	3.72827917526043e-09	-5.87359904436381e-09
148.951	0.455	-0.527	1.87115505132541e-08	3.33190845484117e-09	-4.64768765421869e-09
150.026	0.549	-0.62	1.48772283880046e-08	2.69902288631147e-09	-3.74337855678596e-09
151.277	0.528	-0.701	1.41312450752828e-08	2.50908434079938e-09	-3.14412157302325e-09
152.287	0.475	-0.482	1.92862578031461e-08	3.43520653845498e-09	-4.36738750939161e-09
153.546	0.561	-0.784	1.39364793672012e-08	2.55143713019884e-09	-3.12418454378518e-09
154.818	0.479	-0.712	1.14712194568033e-08	1.8500527732711e-09	-2.40517456631447e-09
155.603	0.287	-0.306	1.05371691750917e-08	1.41135572042545e-09	-1.40397067344565e-09
156.215	0.320	-0.326	9.51636753690903e-09	1.27574938162835e-09	-1.26895628735124e-09
156.887	0.278	-0.351	9.88468122951294e-09	1.32080790954472e-09	-1.3142534645092e-09
157.455	0.375	-0.29	9.49318495167375e-09	1.26137997531915e-09	-1.25596826180336e-09
158.123	0.306	-0.293	1.07911461008855e-08	1.43450129040659e-09	-1.42826487277631e-09
158.744	0.315	-0.314	1.05098723131485e-08	1.4039201693468e-09	-1.39699523029462e-09
159.321	0.312	-0.261	1.19910565878218e-08	1.59086922737302e-09	-1.58205330133349e-09
159.957	0.392	-0.325	9.77212822456169e-09	1.3160017104106e-09	-1.30842137362649e-09
160.658	0.377	-0.308	1.00803789419025e-08	1.38364693724279e-09	-1.37515146113723e-09
161.333	0.306	-0.299	7.64325913927444e-09	1.22202460863219e-09	-1.21613844002025e-09
162.046	0.332	-0.407	9.06527155468231e-09	1.21044822825401e-09	-1.20363907573663e-09
162.798	0.415	-0.42	7.58017830741137e-09	1.01184181127982e-09	-1.00571959495405e-09
163.627	0.418	-0.414	7.45037889818104e-09	1.0234295110164e-09	-1.01723921256166e-09
164.439	0.369	-0.394	8.89281070810251e-09	1.22585986348499e-09	-1.21750399036684e-09
165.173	0.324	-0.365	6.75320192841367e-09	1.14574253963114e-09	-1.14057309230944e-09
165.945	0.466	-0.449	5.59919462874148e-09	9.13899207231987e-10	-9.09546498301802e-10
166.832	0.381	-0.421	6.3214759957287e-09	1.03339766527547e-09	-1.02844221451807e-09
167.564	0.341	-0.351	6.90875760060459e-09	1.11061783486813e-09	-1.10509795022551e-09
168.244	0.348	-0.339	6.5019156835998e-09	1.04419772145799e-09	-1.03901233645713e-09
168.911	0.305	-0.319	7.34033267405388e-09	1.16116289875396e-09	-1.15512598384644e-09
169.682	0.492	-0.466	4.38204311497231e-09	7.33937542635234e-10	-7.30495447046875e-10
170.651	0.441	-0.478	4.82812700047184e-09	7.85781458286976e-10	-7.81840377553221e-10
171.486	0.447	-0.395	5.39075791693611e-09	8.92290707007192e-10	-8.87955701011862e-10
172.539	0.635	-0.605	3.70563290536445e-09	6.2986501364603e-10	-6.27039555908587e-10
173.680	0.431	-0.507	5.31298740151903e-09	8.53940528359198e-10	-8.49705577686423e-10
174.722	0.465	-0.611	4.77843278886302e-09	7.77787581348741e-10	-7.73822484061293e-10
175.879	0.794	-0.691	3.4517612389359e-09	5.711936127331e-10	-5.67939825102055e-10
177.291	0.663	-0.618	3.99479826386062e-09	6.71552052269472e-10	-6.65579421294411e-10
178.579	0.807	-0.625	3.41597210255535e-09	5.76067101682762e-10	-5.72631982409385e-10
180.295	1.042	-0.909	2.39834479992496e-09	4.14200202225384e-10	-4.11192458694989e-10
182.060	0.660	-0.722	3.29547025372634e-09	5.65327157815064e-10	-5.61871906082282e-10
183.855	1.025	-1.134	2.11988620184647e-09	3.64008481421998e-10	-3.5984084600603e-10
185.837	1.217	-0.957	2.095726845799e-09	3.65340024918863e-10	-3.61208004890794e-10
188.073	0.962	-1.019	2.40613147146976e-09	4.13621242692919e-10	-4.08594381389196e-10
190.187	1.123	-1.153	2.02205800896412e-09	3.53906608632173e-10	-3.49485049555939e-10
192.250	1.082	-0.941	2.2511573884759e-09	3.86716809656711e-10	-3.82333330063271e-10
194.200	0.878	-0.868	2.57200590779132e-09	4.43924049171032e-10	-4.37974307749067e-10
196.421	0.989	-1.344	1.8982552961725e-09	3.28424368050854e-10	-3.23462327344536e-10
199.189	1.541	-1.779	1.38588656413302e-09	2.46030599543277e-10	-2.40435769645406e-10
202.904	2.268	-2.174	1.14910324429655e-09	2.029614411103e-10	-1.96014625843112e-10
207.078	1.376	-1.905	1.65788516121508e-09	2.87043815854343e-10	-2.7874163324152e-10
210.202	1.717	-1.749	1.50157074506771e-09	2.63291154624462e-10	-2.51052444859615e-10
214.500	2.263	-2.581	1.02161519746814e-09	1.79215112292017e-10	-1.70889810207809e-10
218.937	1.974	-2.174	1.13855281374569e-09	2.03047581758886e-10	-1.93219622999235e-10
223.107	2.513	-2.197	6.4893893383135e-10	1.35853555803863e-10	-1.31618908600002e-10
228.278	3.225	-2.658	6.91790359099026e-10	1.28267598407395e-10	-1.24953122077333e-10
233.503	2.776	-1.999	6.59232611017665e-10	1.34680438534782e-10	-1.3032530788573e-10
238.796	2.888	-2.517	5.42022444229361e-10	1.19253888405887e-10	-1.15843990705214e-10
244.750	2.411	-3.066	8.48178487980055e-10	1.48970823598201e-10	-1.4178946691025e-10
250.948	3.674	-3.786	3.91143315102051e-10	8.61192194367106e-11	-8.36227774967554e-11
257.205	3.871	-2.584	4.90974693332464e-10	1.00208545712719e-10	-9.72084735098938e-11
263.585	2.902	-2.509	5.78626888611548e-10	1.17688298318654e-10	-1.14709352188613e-10
268.999	3.097	-2.513	5.53180483027239e-10	1.12553083117868e-10	-1.09692918600604e-10
274.720	3.299	-2.624	4.93475223999047e-10	1.05752872968618e-10	-1.02868013805057e-10
281.060	3.066	-3.041	4.65446842243184e-10	1.0143367173254e-10	-9.97972099160063e-11
288.283	4.781	-4.157	3.00779950179394e-10	6.90258933054085e-11	-6.81564702903484e-11
NO NO NO NO NO NO
! xrtpcflux
315.772	9.056	-13.51	3.88179663159237e-10	8.34112022799043e-11	-8.34112022799043e-11
335.103	9.784	-10.275	4.2117114969213e-10	9.28177522564483e-11	-9.28177522564483e-11
368.713	11.276	-23.826	2.46561961918155e-10	5.40695026865471e-11	-5.40695026865471e-11
398.207	24.407	-18.217	1.949548252471e-10	4.40470152566391e-11	-4.40470152566391e-11
437.695	17.514	-15.081	2.6658988414361e-10	5.99200002755737e-11	-5.99200002755737e-11
474.122	18.696	-18.914	2.3534898803078e-10	5.30813702811015e-11	-5.30813702811015e-11
517.624	20.325	-24.806	1.9302888118942e-10	4.33860736407108e-11	-4.33860736407108e-11
555.812	12.225	-17.862	2.86035586266145e-10	6.40695317883487e-11	-6.40695317883487e-11
588.658	14.482	-20.621	2.39573845075143e-10	5.37549647268451e-11	-5.37549647268451e-11
628.670	22.109	-25.53	1.77241654911097e-10	3.97006233881106e-11	-3.97006233881106e-11
673.494	19.908	-22.716	1.9524524912092e-10	4.38086248528849e-11	-4.38086248528849e-11
715.431	28.118	-22.028	1.62813539497533e-10	3.67214855760729e-11	-3.67214855760729e-11
759.518	19.133	-15.969	2.32566801156811e-10	5.20035104206148e-11	-5.20035104206148e-11
803.439	35.387	-24.788	1.34385541713755e-10	3.04150805764658e-11	-3.04150805764658e-11
856.061	20.375	-17.234	2.21679002116678e-10	4.97397638065279e-11	-4.97397638065279e-11
901.919	22.156	-25.483	1.76799643977473e-10	3.96016174184654e-11	-3.96016174184654e-11
955.798	28.453	-31.723	1.36286388736524e-10	3.06323689649444e-11	-3.06323689649444e-11
1020.884	28.556	-36.634	1.37692384555795e-10	2.95405644639115e-11	-2.95405644639115e-11
1071.561	17.996	-22.121	2.02747095465076e-10	4.55703824033942e-11	-4.55703824033942e-11
1118.647	26.071	-29.09	1.46399143425665e-10	3.28486666601099e-11	-3.28486666601099e-11
1163.701	18.627	-18.983	2.3017123719648e-10	5.03923103181159e-11	-5.03923103181159e-11
1221.459	28.566	-39.131	1.24065387332055e-10	2.81282273472419e-11	-2.81282273472419e-11
1282.727	37.502	-32.702	1.29376424657533e-10	2.86064691029604e-11	-2.86064691029604e-11
1343.802	34.095	-23.573	1.54608060562232e-10	3.48105141009254e-11	-3.48105141009254e-11
1407.261	30.812	-29.363	1.47842589078479e-10	3.32872382761264e-11	-3.32872382761264e-11
1478.674	72.228	-40.601	1.89633509315677e-10	3.49421716936561e-11	-3.49421716936561e-11
4857.725	40.819	-44.43	3.08020952456211e-11	6.93953916334225e-12	-6.93953916334225e-12
4964.856	56.547	-66.311	3.2882356240386e-11	7.22629060827814e-12	-7.22629060827814e-12
5070.055	51.640	-48.653	3.78000838264709e-11	8.48364826650392e-12	-8.48364826650392e-12
5168.775	38.169	-47.08	3.56036442188738e-11	8.0307022480062e-12	-8.0307022480062e-12
5265.230	34.485	-58.286	2.36113402095033e-11	5.15856909520232e-12	-5.15856909520232e-12
5325.769	26.599	-26.055	3.99015353797948e-11	8.9446600549139e-12	-8.9446600549139e-12
5392.075	33.005	-39.707	2.87881118748216e-11	6.46149225695781e-12	-6.46149225695781e-12
5456.524	26.225	-31.444	5.20612845953722e-11	1.16993296456949e-11	-1.16993296456949e-11
5525.378	45.127	-42.629	4.75799242845831e-11	1.04562588594573e-11	-1.04562588594573e-11
5618.388	34.857	-47.884	5.83731798532034e-11	1.19398422668358e-11	-1.19398422668358e-11
5693.294	47.707	-40.049	4.54655768169447e-11	1.02419674588722e-11	-1.02419674588722e-11
5790.094	41.171	-49.092	4.40290847376678e-11	9.91837313677516e-12	-9.91837313677516e-12
5880.869	30.629	-49.605	4.89468027062027e-11	1.09989363984378e-11	-1.09989363984378e-11
5942.061	32.121	-30.562	4.58889289431751e-11	1.02737064639973e-11	-1.02737064639973e-11
6004.996	31.869	-30.814	3.24889969135039e-11	7.28300464119198e-12	-7.28300464119198e-12
6093.824	53.362	-56.96	8.52521599820552e-11	1.91944643203086e-11	-1.91944643203086e-11
6207.533	47.467	-60.348	8.72649478878739e-11	1.96250678400598e-11	-1.96250678400598e-11
6371.058	94.556	-116.058	4.43342422435295e-11	1.0039523307247e-11	-1.0039523307247e-11
6548.750	52.258	-83.137	7.2158942525635e-11	1.624653606585e-11	-1.624653606585e-11
6642.981	30.740	-41.972	6.17743589799198e-11	1.38289577934657e-11	-1.38289577934657e-11
6713.926	32.507	-40.205	2.95033569504655e-11	6.6220279083078e-12	-6.6220279083078e-12
6771.487	27.599	-25.055	3.92836595977122e-11	8.86177238119581e-12	-8.86177238119581e-12
6826.588	25.151	-27.502	4.02885259102666e-11	8.81269864248585e-12	-8.81269864248585e-12
6884.728	27.186	-32.989	3.5214666565681e-11	7.71206423752943e-12	-7.71206423752943e-12
6941.474	28.109	-29.559	3.50181164455317e-11	7.84010758580409e-12	-7.84010758580409e-12
6998.638	26.106	-29.055	4.10398332144867e-11	8.99854929508343e-12	-8.99854929508343e-12
7053.055	26.850	-28.311	4.19238680851053e-11	9.38621442204076e-12	-9.38621442204076e-12
7121.005	31.612	-41.1	3.61694471074919e-11	7.9116911848838e-12	-7.9116911848838e-12
7226.563	98.375	-73.947	2.75173741173018e-11	5.45439157887166e-12	-5.45439157887166e-12
10671.162	51.338	-79.042	3.5794107781855e-11	8.07799863124901e-12	-8.07799863124901e-12
10750.694	39.503	-28.194	2.52510038523594e-11	5.6596945506877e-12	-5.6596945506877e-12
10817.392	25.459	-27.195	3.33874978844135e-11	7.49227702726949e-12	-7.49227702726949e-12
10881.324	34.240	-38.473	2.48257814508471e-11	5.57762118725626e-12	-5.57762118725626e-12
10970.341	35.486	-54.778	2.37448007413638e-11	5.10082896048054e-12	-5.10082896048054e-12
11042.642	38.404	-36.816	4.2584081184722e-11	9.30284749606077e-12	-9.30284749606077e-12
11142.789	53.593	-61.743	2.5904963708685e-11	5.80594149822845e-12	-5.80594149822845e-12
11244.620	62.084	-48.238	1.70427535567462e-11	3.73587904336264e-12	-3.73587904336264e-12
11336.362	22.996	-29.658	3.34601001951893e-11	7.31809371448555e-12	-7.31809371448555e-12
11414.239	37.889	-54.882	1.82497139442216e-11	4.11485195435439e-12	-4.11485195435439e-12
11505.009	59.949	-52.88	2.88092535432659e-11	6.30751490569574e-12	-6.30751490569574e-12
11641.375	56.469	-76.418	2.04953589922046e-11	4.51241448861966e-12	-4.51241448861966e-12
11723.779	39.255	-25.935	2.56280375839382e-11	5.76472034532972e-12	-5.76472034532972e-12
11800.751	29.981	-37.716	2.49096020474283e-11	5.57655622424654e-12	-5.57655622424654e-12
11865.443	27.972	-34.711	2.70073992253101e-11	6.04619554116358e-12	-6.04619554116358e-12
11951.053	45.162	-57.638	1.6368325799193e-11	3.67747927013886e-12	-3.67747927013886e-12
12030.795	40.638	-34.581	2.23111533660539e-11	4.99483686395219e-12	-4.99483686395219e-12
12099.627	29.474	-28.194	2.90073728730894e-11	6.50936036124982e-12	-6.50936036124982e-12
12188.350	63.610	-59.248	1.71663104892537e-11	3.84761265280489e-12	-3.84761265280489e-12
12310.469	41.782	-58.51	1.68241353435906e-11	3.7709180897573e-12	-3.7709180897573e-12
12407.294	55.280	-55.042	2.17330824211009e-11	4.76402871850518e-12	-4.76402871850518e-12
12508.809	44.028	-46.236	2.01768024791221e-11	4.41788068712436e-12	-4.41788068712436e-12
12604.967	33.118	-52.13	2.03016987970036e-11	4.57206772208152e-12	-4.57206772208152e-12
12682.308	46.040	-44.223	1.92853961054282e-11	4.3123458393712e-12	-4.3123458393712e-12
12769.931	61.217	-41.583	1.68321745081039e-11	3.78619637052962e-12	-3.78619637052962e-12
12858.214	33.109	-27.067	2.87156915873945e-11	6.45924982936508e-12	-6.45924982936508e-12
12946.860	44.755	-55.537	1.80602789049342e-11	3.9724216279841e-12	-3.9724216279841e-12
13047.191	39.700	-55.576	2.27040770888845e-11	4.56241609628286e-12	-4.56241609628286e-12
16444.083	58.964	-66.401	1.49628716790534e-11	3.37000619719358e-12	-3.37000619719358e-12
16555.540	65.351	-52.493	1.60815874331232e-11	3.61325562461808e-12	-3.61325562461808e-12
16706.937	94.481	-86.046	1.07112752996576e-11	2.35619627742993e-12	-2.35619627742993e-12
16869.451	94.942	-68.033	1.11043153807274e-11	2.51004468036652e-12	-2.51004468036652e-12
17037.804	61.984	-73.411	1.38240864505847e-11	3.10603390321858e-12	-3.10603390321858e-12
17182.847	89.946	-83.059	1.0966623342286e-11	2.4610501735466e-12	-2.4610501735466e-12
17400.154	108.325	-127.362	8.95804111320433e-12	2.02489516013594e-12	-2.02489516013594e-12
17619.599	91.972	-111.119	9.04488585875083e-12	2.03959016488679e-12	-2.03959016488679e-12
17812.493	99.663	-100.921	6.69305404455053e-12	1.75332500728224e-12	-1.75332500728224e-12
17979.557	57.964	-67.401	1.44692192573988e-11	3.26275783395604e-12	-3.26275783395604e-12
18121.568	86.450	-84.047	1.07189747518955e-11	2.40258764318482e-12	-2.40258764318482e-12
18282.554	70.889	-74.535	1.24189607867825e-11	2.78697385700381e-12	-2.78697385700381e-12
18442.461	106.552	-89.018	9.26554832524976e-12	2.08431604700338e-12	-2.08431604700338e-12
18696.183	188.809	-147.17	9.35352956053307e-12	1.59715501950296e-12	-1.59715501950296e-12
22513.421	427.450	-354.832	2.44142167508984e-12	6.416238533066e-13	-6.416238533066e-13
23151.523	260.723	-210.652	4.06708930665456e-12	1.06031446009202e-12	-1.06031446009202e-12
23567.139	163.535	-154.894	5.93378588734309e-12	1.53993737663434e-12	-1.53993737663434e-12
24249.414	424.006	-518.74	3.00611360222045e-12	6.46641994876342e-13	-6.46641994876342e-13
28119.683	138.481	-152.368	4.28759645258969e-12	1.1300116291245e-12	-1.1300116291245e-12
28364.780	116.535	-106.616	7.58776899572245e-12	1.7021381971683e-12	-1.7021381971683e-12
28575.448	88.901	-94.133	6.92411077858674e-12	1.8051723382772e-12	-1.8051723382772e-12
28900.981	111.885	-236.632	3.6508942592121e-12	9.53877570950856e-13	-9.53877570950856e-13
29130.395	98.099	-117.53	7.94578091018925e-12	1.79254679248269e-12	-1.79254679248269e-12
29376.904	107.336	-148.41	5.02368585478975e-12	1.30830329560922e-12	-1.30830329560922e-12
29591.414	141.050	-107.174	5.15557964817198e-12	1.35139752922966e-12	-1.35139752922966e-12
29843.611	79.408	-111.147	9.02576837608306e-12	2.03289798736232e-12	-2.03289798736232e-12
30054.065	104.641	-131.046	5.45589619954093e-12	1.42239722810082e-12	-1.42239722810082e-12
30273.440	178.613	-114.734	6.44654379179221e-12	1.3845028306912e-12	-1.3845028306912e-12
34230.799	274.572	-429.984	1.79373353372043e-12	4.70788426001011e-13	-4.70788426001011e-13
34847.701	159.132	-342.33	2.51519981912378e-12	6.63002350112702e-13	-6.63002350112702e-13
35250.497	232.724	-243.665	2.65881502060997e-12	6.95841731570609e-13	-6.95841731570609e-13
35850.486	379.903	-367.265	2.25676505329677e-12	5.11675705187693e-13	-5.11675705187693e-13
39930.766	114.007	-156.783	4.97264615851768e-12	1.2951329297183e-12	-1.2951329297183e-12
40198.861	141.775	-154.088	4.5767738628624e-12	1.19054354325152e-12	-1.19054354325152e-12
40673.161	183.981	-332.525	2.61795119832713e-12	6.85694571170319e-13	-6.85694571170319e-13
40989.875	115.491	-132.733	5.50447724115188e-12	1.43275640675999e-12	-1.43275640675999e-12
41384.672	209.619	-279.306	2.81879415713874e-12	7.37837174494212e-13	-7.37837174494212e-13
41795.082	207.951	-200.791	4.20792679277936e-12	1.03608177673314e-12	-1.03608177673314e-12
46062.384	238.474	-268.003	2.56929374270546e-12	6.69693567530416e-13	-6.69693567530416e-13
46778.711	159.004	-477.853	2.01543610785749e-12	5.30369096088511e-13	-5.30369096088511e-13
47346.158	435.781	-408.443	2.50804784068189e-12	5.31226681891439e-13	-5.31226681891439e-13
53986.261	3184.487	-2233.728	1.32673532503922e-12	3.60919513512954e-13	-3.60919513512954e-13
58317.735	1026.826	-1146.987	1.17021695153476e-12	2.28887679134436e-13	-2.28887679134436e-13
62896.099	300.133	-346.755	2.11851428818547e-12	5.54128736719356e-13	-5.54128736719356e-13
64164.103	947.165	-967.871	7.93016609858621e-13	2.04259740501346e-13	-2.04259740501346e-13
69374.800	1505.965	-1031.587	7.01451602776274e-13	1.85700746126954e-13	-1.85700746126954e-13
75349.856	1323.404	-1241.563	6.3569646937918e-13	1.54441163935324e-13	-1.54441163935324e-13
84193.719	4057.628	-4211.179	4.62043224005387e-13	9.56085993847417e-14	-9.56085993847417e-14
95056.383	4741.400	-3487.5	4.50492980909802e-13	9.71672975005115e-14	-9.71672975005115e-14
121091.684	7596.980	-18030.549	1.46016223185464e-13	3.62914548989743e-14	-3.62914548989743e-14
199732.149	159932.108	-67227.896	4.57704207770324e-14	1.37937083926256e-14	-1.37937083926256e-14
NO NO NO NO NO NO
! batSNR4flux
0.621000010967255	0.02	-0.02	1.07312444145981e-07	2.50381674742232e-08	-2.50381674742232e-08
0.660999972820282	0.02	-0.02	1.93377490727016e-07	3.44381698868244e-08	-3.44381698868244e-08
0.700999994277954	0.02	-0.02	2.36109369667693e-07	4.82138599185805e-08	-4.82138599185805e-08
0.740999956130981	0.02	-0.02	3.1775791939096e-07	7.06606815345468e-08	-7.06606815345468e-08
0.780999977588654	0.02	-0.02	5.70297733006676e-07	1.00981635266919e-07	-1.00981635266919e-07
0.820999999046326	0.02	-0.02	8.05279977895691e-07	1.30867441087568e-07	-1.30867441087568e-07
0.860999960899353	0.02	-0.02	4.61237140351894e-07	8.69949294956372e-08	-8.69949294956372e-08
0.900999982357025	0.02	-0.02	2.30734347319741e-07	3.86967896789799e-08	-3.86967896789799e-08
0.941000003814697	0.02	-0.02	1.21579985683236e-07	1.89267021126837e-08	-1.89267021126837e-08
0.980999965667725	0.02	-0.02	4.44996210711419e-08	7.70978909131251e-09	-7.70978909131251e-09
1.0209999871254	0.02	-0.02	2.19252669171082e-08	3.55412775720332e-09	-3.55412775720332e-09
1.06100000858307	0.02	-0.02	1.95457486001701e-08	3.54591981711532e-09	-3.54591981711532e-09
1.1009999704361	0.02	-0.02	3.5875290213136e-08	5.55480445869162e-09	-5.55480445869162e-09
1.14099999189377	0.02	-0.02	3.8070373028476e-08	7.09823318984454e-09	-7.09823318984454e-09
1.1809999537468	0.02	-0.02	9.1035354469806e-08	1.03449210403078e-08	-1.03449210403078e-08
1.22099997520447	0.02	-0.02	6.44291453458054e-08	1.24364083331125e-08	-1.24364083331125e-08
1.26099999666214	0.02	-0.02	4.4081915286988e-08	7.38691187265827e-09	-7.38691187265827e-09
1.30099995851517	0.02	-0.02	3.96642226364734e-08	4.43132321156294e-09	-4.43132321156294e-09
1.34099997997284	0.02	-0.02	1.69885487808212e-08	3.45469183752392e-09	-3.45469183752392e-09
1.38100000143051	0.02	-0.02	4.81935451125626e-08	7.81656093438261e-09	-7.81656093438261e-09
1.42099996328354	0.02	-0.02	1.27901220093531e-07	1.71355903204388e-08	-1.71355903204388e-08
1.46099998474121	0.02	-0.02	1.76961089837442e-07	2.72724957042993e-08	-2.72724957042993e-08
1.50100000619888	0.02	-0.02	1.11222907866293e-07	1.7334538616954e-08	-1.7334538616954e-08
1.54099996805191	0.02	-0.02	5.93880669997277e-08	1.08244987507005e-08	-1.08244987507005e-08
1.58099998950958	0.02	-0.02	4.97173324563922e-08	7.39940319982837e-09	-7.39940319982837e-09
1.62100001096725	0.02	-0.02	4.701082000596e-08	8.63547606200233e-09	-8.63547606200233e-09
1.66099997282028	0.02	-0.02	6.85020381224753e-08	9.67424190301464e-09	-9.67424190301464e-09
1.70099999427795	0.02	-0.02	7.57644336061571e-08	1.11164558113679e-08	-1.11164558113679e-08
1.74099995613098	0.02	-0.02	7.26219171657929e-08	1.02153195389144e-08	-1.02153195389144e-08
1.78099997758865	0.02	-0.02	6.80682915766462e-08	9.05535711325455e-09	-9.05535711325455e-09
1.82099999904633	0.02	-0.02	5.90822761388156e-08	8.47682933005391e-09	-8.47682933005391e-09
1.86099996089935	0.02	-0.02	5.1199756566936e-08	6.29174840373121e-09	-6.29174840373121e-09
1.90099998235703	0.02	-0.02	3.24520822054101e-08	4.6862775631362e-09	-4.6862775631362e-09
1.9410000038147	0.02	-0.02	6.68157982865407e-08	8.46896945949225e-09	-8.46896945949225e-09
1.98099996566772	0.02	-0.02	1.29902640412522e-07	1.95097880026451e-08	-1.95097880026451e-08
2.0209999871254	0.02	-0.02	1.89127671137527e-07	2.50553868777168e-08	-2.50553868777168e-08
2.06100000858307	0.02	-0.02	2.30928355278969e-07	2.72101540462006e-08	-2.72101540462006e-08
2.1009999704361	0.02	-0.02	7.84739976351396e-08	1.19746358568403e-08	-1.19746358568403e-08
2.14099999189377	0.02	-0.02	2.90066715774037e-08	4.24529010473024e-09	-4.24529010473024e-09
2.1809999537468	0.02	-0.02	6.69117921919445e-08	9.23068315848562e-09	-9.23068315848562e-09
2.22099997520447	0.02	-0.02	2.09030512782931e-07	3.74780742488108e-08	-3.74780742488108e-08
2.26099999666214	0.02	-0.02	2.80280551407894e-07	4.73352030071976e-08	-4.73352030071976e-08
2.30099995851517	0.02	-0.02	3.3619696930394e-07	3.55702650373043e-08	-3.55702650373043e-08
2.34099997997284	0.02	-0.02	1.62233866614549e-07	2.06780659331179e-08	-2.06780659331179e-08
2.38100000143051	0.02	-0.02	7.93130420579442e-08	1.07848903223462e-08	-1.07848903223462e-08
2.42099996328354	0.02	-0.02	4.64456995465866e-08	5.91623972516116e-09	-5.91623972516116e-09
2.46099998474121	0.02	-0.02	4.0106001716748e-08	6.44125244868995e-09	-6.44125244868995e-09
2.50100000619888	0.02	-0.02	5.26145715180671e-08	8.96962429220941e-09	-8.96962429220941e-09
2.54099996805191	0.02	-0.02	1.20128551634931e-07	1.37219039255473e-08	-1.37219039255473e-08
2.58099998950958	0.02	-0.02	8.83353542720247e-08	1.24950167869325e-08	-1.24950167869325e-08
2.62100001096725	0.02	-0.02	7.22186444771689e-08	1.02036947140669e-08	-1.02036947140669e-08
2.66099997282028	0.02	-0.02	4.72424214798489e-08	8.08790243954279e-09	-8.08790243954279e-09
2.70099999427795	0.02	-0.02	5.46383960596414e-08	6.77565768354486e-09	-6.77565768354486e-09
2.74099995613098	0.02	-0.02	6.05516287780895e-08	8.32369724679622e-09	-8.32369724679622e-09
2.78099997758865	0.02	-0.02	6.98999054490444e-08	1.12615149388213e-08	-1.12615149388213e-08
2.82099999904633	0.02	-0.02	1.17476961462837e-07	1.62264821527372e-08	-1.62264821527372e-08
2.86099996089935	0.02	-0.02	1.85640452970475e-07	2.42942952838103e-08	-2.42942952838103e-08
2.90099998235703	0.02	-0.02	1.48122871305568e-07	2.71411148368454e-08	-2.71411148368454e-08
2.9410000038147	0.02	-0.02	9.87422078806137e-08	1.39638741695344e-08	-1.39638741695344e-08
2.98099996566772	0.02	-0.02	5.67705450928212e-08	8.26658397404989e-09	-8.26658397404989e-09
3.0209999871254	0.02	-0.02	5.00778791173262e-08	5.80099174137019e-09	-5.80099174137019e-09
3.06100000858307	0.02	-0.02	1.00427174260298e-07	1.28918270253509e-08	-1.28918270253509e-08
3.1009999704361	0.02	-0.02	1.53302855473321e-07	2.65582841750631e-08	-2.65582841750631e-08
3.14099999189377	0.02	-0.02	2.64920477913923e-07	4.15189943580803e-08	-4.15189943580803e-08
3.1809999537468	0.02	-0.02	1.66513117296257e-07	2.8405473956604e-08	-2.8405473956604e-08
3.22099997520447	0.02	-0.02	8.84044082142772e-08	1.68053669092885e-08	-1.68053669092885e-08
3.26099999666214	0.02	-0.02	5.58560287471925e-08	1.05457976917194e-08	-1.05457976917194e-08
3.30099995851517	0.02	-0.02	5.84950565768655e-08	6.96511149706728e-09	-6.96511149706728e-09
3.34099997997284	0.02	-0.02	2.77674769604358e-08	4.19979047494829e-09	-4.19979047494829e-09
3.38100000143051	0.02	-0.02	1.79636048183473e-08	3.2990754308937e-09	-3.2990754308937e-09
3.42099996328354	0.02	-0.02	4.15980880858021e-08	5.88556129340482e-09	-5.88556129340482e-09
3.46099998474121	0.02	-0.02	7.86457601323097e-08	1.09655483618211e-08	-1.09655483618211e-08
3.50100000619888	0.02	-0.02	1.10689582995156e-07	1.55006174790637e-08	-1.55006174790637e-08
3.54099996805191	0.02	-0.02	9.47050223396415e-08	1.20855656531358e-08	-1.20855656531358e-08
3.58099998950958	0.02	-0.02	6.2019494870362e-08	8.25802104228108e-09	-8.25802104228108e-09
3.62100001096725	0.02	-0.02	5.51874165100118e-08	1.11692611754917e-08	-1.11692611754917e-08
3.66099997282028	0.02	-0.02	8.76839550230502e-07	1.20153529227725e-07	-1.20153529227725e-07
3.70099999427795	0.02	-0.02	3.51602295189173e-06	4.73047466982887e-07	-4.73047466982887e-07
3.74099995613098	0.02	-0.02	6.81861275778639e-07	7.47251522166593e-08	-7.47251522166593e-08
3.78099997758865	0.02	-0.02	5.01183750630182e-08	1.05429156966052e-08	-1.05429156966052e-08
3.82099999904633	0.02	-0.02	4.27185728969549e-08	8.29546885481381e-09	-8.29546885481381e-09
3.86099996089935	0.02	-0.02	9.15809268380237e-08	1.31411227276199e-08	-1.31411227276199e-08
3.90099998235703	0.02	-0.02	1.43691724403554e-07	2.15020005676859e-08	-2.15020005676859e-08
3.9410000038147	0.02	-0.02	1.16864075024726e-07	1.49031167383601e-08	-1.49031167383601e-08
3.98099996566772	0.02	-0.02	4.07177588778887e-08	6.65428586362921e-09	-6.65428586362921e-09
4.0209999871254	0.02	-0.02	3.02651139733329e-08	4.69570249588682e-09	-4.69570249588682e-09
4.06100000858307	0.02	-0.02	9.42395066687749e-08	1.37787157070787e-08	-1.37787157070787e-08
4.1009999704361	0.02	-0.02	3.04950831723871e-07	4.30522641795151e-08	-4.30522641795151e-08
4.14099999189377	0.02	-0.02	6.67199585662811e-07	9.43279863344266e-08	-9.43279863344266e-08
4.1809999537468	0.02	-0.02	5.79273777000792e-07	7.58378001872609e-08	-7.58378001872609e-08
4.22099997520447	0.02	-0.02	4.23482461849145e-07	6.0095410332515e-08	-6.0095410332515e-08
4.26099999666214	0.02	-0.02	2.16105063255736e-07	3.99790337324582e-08	-3.99790337324582e-08
4.30099995851517	0.02	-0.02	1.34734829332972e-07	2.44656187820469e-08	-2.44656187820469e-08
4.34099997997284	0.02	-0.02	1.11002136153194e-07	1.57077533474109e-08	-1.57077533474109e-08
4.38100000143051	0.02	-0.02	4.8725712881846e-08	9.99767928081386e-09	-9.99767928081386e-09
4.42099996328354	0.02	-0.02	3.357264390581e-08	6.53366277080091e-09	-6.53366277080091e-09
4.46099998474121	0.02	-0.02	2.51114547672654e-08	6.56506100088311e-09	-6.56506100088311e-09
4.50100000619888	0.02	-0.02	4.67951327742751e-08	8.37959275822698e-09	-8.37959275822698e-09
4.54099996805191	0.02	-0.02	7.29733510884816e-08	1.18109187958364e-08	-1.18109187958364e-08
4.58099998950958	0.02	-0.02	8.16532531847169e-08	1.49187331626945e-08	-1.49187331626945e-08
4.62100001096725	0.02	-0.02	1.24568212873279e-07	1.85667345955256e-08	-1.85667345955256e-08
4.66099997282028	0.02	-0.02	8.69184266441028e-08	2.21812958284895e-08	-2.21812958284895e-08
4.70099999427795	0.02	-0.02	1.15866870481975e-07	2.51416390916056e-08	-2.51416390916056e-08
4.74099995613098	0.02	-0.02	8.6421338269663e-08	2.31947556690829e-08	-2.31947556690829e-08
4.78099997758865	0.02	-0.02	9.81157076214539e-08	2.09859884990215e-08	-2.09859884990215e-08
4.82099999904633	0.02	-0.02	8.21584834303838e-08	1.75928450208365e-08	-1.75928450208365e-08
4.86099996089935	0.02	-0.02	1.13872084079746e-07	1.70218414078908e-08	-1.70218414078908e-08
4.90099998235702	0.02	-0.02	1.19612225350474e-07	1.90679191355814e-08	-1.90679191355814e-08
4.9410000038147	0.02	-0.02	1.54168090349275e-07	2.23940520120999e-08	-2.23940520120999e-08
4.98099996566772	0.02	-0.02	1.82687428835556e-07	2.73829961857295e-08	-2.73829961857295e-08
5.0209999871254	0.02	-0.02	2.3156329198624e-07	3.44547819030941e-08	-3.44547819030941e-08
5.06100000858307	0.02	-0.02	1.94288293928315e-07	3.69360824471348e-08	-3.69360824471348e-08
5.1009999704361	0.02	-0.02	1.69415075785582e-07	3.43475351021025e-08	-3.43475351021025e-08
5.14099999189377	0.02	-0.02	1.70071696665003e-07	3.16120839871644e-08	-3.16120839871644e-08
5.1809999537468	0.02	-0.02	1.55773572358424e-07	2.40786243024024e-08	-2.40786243024024e-08
5.22099997520447	0.02	-0.02	8.53991498169652e-08	1.1566636500917e-08	-1.1566636500917e-08
5.26099999666214	0.02	-0.02	4.05011666982129e-08	5.6505592478307e-09	-5.6505592478307e-09
5.30099995851517	0.02	-0.02	2.04370235445857e-08	3.20894070511128e-09	-3.20894070511128e-09
5.34099997997284	0.02	-0.02	3.45298212237253e-08	5.61312778845584e-09	-5.61312778845584e-09
5.38100000143051	0.02	-0.02	6.31893868328214e-08	9.37426791873726e-09	-9.37426791873726e-09
5.42099996328354	0.02	-0.02	6.90306557965057e-08	1.20325113898581e-08	-1.20325113898581e-08
5.46099998474121	0.02	-0.02	6.98927614698525e-08	9.37661091901237e-09	-9.37661091901237e-09
5.50100000619888	0.02	-0.02	4.06196168630211e-08	7.24127120666782e-09	-7.24127120666782e-09
5.54099996805191	0.02	-0.02	3.52086704685813e-08	5.91496899982311e-09	-5.91496899982311e-09
5.58099998950958	0.02	-0.02	5.48836255622444e-08	1.01733538330131e-08	-1.01733538330131e-08
5.62100001096725	0.02	-0.02	1.60131380865811e-07	2.29731307266662e-08	-2.29731307266662e-08
5.66099997282028	0.02	-0.02	3.81072659080993e-07	5.11785669979056e-08	-5.11785669979056e-08
5.70099999427795	0.02	-0.02	2.63151208433065e-07	4.39432027116568e-08	-4.39432027116568e-08
5.74099995613098	0.02	-0.02	1.52915994415144e-07	2.84074588278546e-08	-2.84074588278546e-08
5.78099997758865	0.02	-0.02	1.38322874826649e-07	1.87141233297677e-08	-1.87141233297677e-08
5.82099999904633	0.02	-0.02	1.42335168338734e-07	1.81336026150204e-08	-1.81336026150204e-08
5.86099996089935	0.02	-0.02	1.24463530276903e-07	2.18671853974576e-08	-2.18671853974576e-08
5.90099998235702	0.02	-0.02	1.39550337107906e-07	2.5007575208547e-08	-2.5007575208547e-08
5.9410000038147	0.02	-0.02	1.78563235316351e-07	2.1156174877327e-08	-2.1156174877327e-08
5.98099996566772	0.02	-0.02	7.36153190205172e-08	1.64473930260363e-08	-1.64473930260363e-08
6.0209999871254	0.02	-0.02	9.25005209747048e-08	1.35325542844044e-08	-1.35325542844044e-08
6.06100000858307	0.02	-0.02	5.35394111246275e-08	8.99390652084544e-09	-8.99390652084544e-09
6.1009999704361	0.02	-0.02	4.54572900915719e-08	6.31022332425019e-09	-6.31022332425019e-09
6.14099999189377	0.02	-0.02	2.10776322003633e-08	4.35931416427688e-09	-4.35931416427688e-09
6.1809999537468	0.02	-0.02	2.0515116546447e-08	2.99794012038465e-09	-2.99794012038465e-09
6.22099997520447	0.02	-0.02	1.14299462360051e-08	2.3189480443087e-09	-2.3189480443087e-09
6.26099999666214	0.02	-0.02	2.3396689779982e-08	3.9225982888701e-09	-3.9225982888701e-09
6.30099995851517	0.02	-0.02	3.34426628706729e-08	6.26218541573274e-09	-6.26218541573274e-09
6.34099997997284	0.02	-0.02	6.50644725346673e-08	1.16552289926539e-08	-1.16552289926539e-08
6.38100000143051	0.02	-0.02	9.75303060771992e-08	1.5833110626039e-08	-1.5833110626039e-08
6.42099996328354	0.02	-0.02	8.66708343449788e-08	1.37739307417656e-08	-1.37739307417656e-08
6.46099998474121	0.02	-0.02	6.91658836855908e-08	1.16942131686662e-08	-1.16942131686662e-08
6.50100000619888	0.02	-0.02	3.58933727875223e-08	9.55276578294134e-09	-9.55276578294134e-09
6.54099996805191	0.02	-0.02	3.63479646506011e-08	6.74085692522004e-09	-6.74085692522004e-09
6.58099998950958	0.02	-0.02	3.41613315921519e-08	4.45720726168072e-09	-4.45720726168072e-09
6.62100001096725	0.02	-0.02	1.4587916532284e-08	2.84283233622119e-09	-2.84283233622119e-09
6.66099997282028	0.02	-0.02	8.87924778340434e-09	1.85513912106472e-09	-1.85513912106472e-09
6.70099999427795	0.02	-0.02	1.96499480983335e-08	3.67123657216934e-09	-3.67123657216934e-09
6.74099995613098	0.02	-0.02	7.93059678441787e-08	1.10684081547368e-08	-1.10684081547368e-08
6.78099997758865	0.02	-0.02	1.99528932668134e-07	2.80127313126763e-08	-2.80127313126763e-08
6.82099999904633	0.02	-0.02	2.20419849030277e-07	2.80133794832322e-08	-2.80133794832322e-08
6.86099996089935	0.02	-0.02	6.79636676810494e-08	1.6769923740829e-08	-1.6769923740829e-08
6.90099998235702	0.02	-0.02	6.77869663128714e-08	1.00988155393529e-08	-1.00988155393529e-08
6.9410000038147	0.02	-0.02	8.83287688523504e-08	1.27322628278697e-08	-1.27322628278697e-08
6.98099996566772	0.02	-0.02	9.32925014631513e-08	2.06114651696514e-08	-2.06114651696514e-08
7.0209999871254	0.02	-0.02	2.47074621495937e-07	3.57552801099439e-08	-3.57552801099439e-08
7.06100000858307	0.02	-0.02	1.78618034617547e-07	2.55471124870478e-08	-2.55471124870478e-08
7.1009999704361	0.02	-0.02	1.03594186224085e-07	1.73143563348972e-08	-1.73143563348972e-08
7.14099999189377	0.02	-0.02	6.85794204135211e-08	9.24672211043801e-09	-9.24672211043801e-09
7.1809999537468	0.02	-0.02	3.24450502104892e-08	6.29797838404207e-09	-6.29797838404207e-09
7.22099997520447	0.02	-0.02	4.10453733002894e-08	8.16563855221959e-09	-8.16563855221959e-09
7.26099999666214	0.02	-0.02	8.94376067080679e-08	1.35531719777593e-08	-1.35531719777593e-08
7.30099995851517	0.02	-0.02	1.48722529478382e-07	2.22694436041043e-08	-2.22694436041043e-08
7.34099997997284	0.02	-0.02	2.24846075005828e-07	3.5417077541102e-08	-3.5417077541102e-08
7.38100000143051	0.02	-0.02	2.60853329377612e-07	4.12448312941534e-08	-4.12448312941534e-08
7.42099996328354	0.02	-0.02	2.2049420786098e-07	4.04059247347791e-08	-4.04059247347791e-08
7.46099998474121	0.02	-0.02	3.60230033596312e-07	5.73327658751746e-08	-5.73327658751746e-08
7.50100000619888	0.02	-0.02	5.89056827773205e-07	8.94011900157407e-08	-8.94011900157407e-08
7.54099996805191	0.02	-0.02	3.78979881814622e-07	5.03570374854743e-08	-5.03570374854743e-08
7.58099998950958	0.02	-0.02	1.37198421513553e-07	1.89167432516811e-08	-1.89167432516811e-08
7.62100001096725	0.02	-0.02	3.97990597647133e-08	6.74186214372765e-09	-6.74186214372765e-09
7.66099997282028	0.02	-0.02	4.40567098484139e-08	5.53379818727281e-09	-5.53379818727281e-09
7.70099999427795	0.02	-0.02	5.11454104840669e-08	6.33195617405901e-09	-6.33195617405901e-09
7.74099995613098	0.02	-0.02	5.68898181951543e-08	7.23286421871278e-09	-7.23286421871278e-09
7.78099997758865	0.02	-0.02	7.27740095343142e-08	8.38439619932003e-09	-8.38439619932003e-09
7.82099999904633	0.02	-0.02	7.10876710864387e-08	9.71714159023184e-09	-9.71714159023184e-09
7.86099996089935	0.02	-0.02	6.05759567581737e-08	7.9230760486614e-09	-7.9230760486614e-09
7.90099998235702	0.02	-0.02	4.529741178776e-08	4.97811001398506e-09	-4.97811001398506e-09
7.9410000038147	0.02	-0.02	6.08270775996851e-08	7.86837191900006e-09	-7.86837191900006e-09
7.98099996566772	0.02	-0.02	1.1095810154707e-07	1.29636358253908e-08	-1.29636358253908e-08
8.0209999871254	0.02	-0.02	5.09396800813284e-08	6.82231192464283e-09	-6.82231192464283e-09
8.06100000858307	0.02	-0.02	7.24888952334293e-08	7.43661331359456e-09	-7.43661331359456e-09
8.1009999704361	0.02	-0.02	3.68618070648529e-07	4.37126795045275e-08	-4.37126795045275e-08
8.14099999189377	0.02	-0.02	1.2217281232713e-06	1.218444915766e-07	-1.218444915766e-07
8.1809999537468	0.02	-0.02	1.40953167267104e-07	1.85159890683783e-08	-1.85159890683783e-08
8.22099997520447	0.02	-0.02	5.45831841015636e-08	6.39576877545326e-09	-6.39576877545326e-09
8.26099999666214	0.02	-0.02	1.97059526866471e-08	2.54771362249074e-09	-2.54771362249074e-09
8.30099995851517	0.02	-0.02	3.5354697222175e-08	4.98788715425859e-09	-4.98788715425859e-09
8.34099997997284	0.02	-0.02	1.27420209047921e-07	1.90973365462108e-08	-1.90973365462108e-08
8.38100000143051	0.02	-0.02	9.1726771742227e-08	1.19306539512071e-08	-1.19306539512071e-08
8.42099996328354	0.02	-0.02	2.62503072475894e-08	3.96477947205067e-09	-3.96477947205067e-09
8.46099998474121	0.02	-0.02	4.32907812706116e-08	5.18451290202547e-09	-5.18451290202547e-09
8.50100000619888	0.02	-0.02	1.06081923651611e-07	1.16713687380146e-08	-1.16713687380146e-08
8.54099996805191	0.02	-0.02	1.74488628063969e-07	2.19305646636396e-08	-2.19305646636396e-08
8.58099998950958	0.02	-0.02	1.87192412081085e-07	2.16245883240786e-08	-2.16245883240786e-08
8.62100001096725	0.02	-0.02	1.57805543080763e-07	1.73859702897859e-08	-1.73859702897859e-08
8.66099997282028	0.02	-0.02	8.93740871821325e-08	9.96166061669132e-09	-9.96166061669132e-09
8.70099999427795	0.02	-0.02	4.31867131031652e-08	5.51267576563731e-09	-5.51267576563731e-09
8.74099995613098	0.02	-0.02	4.99251922642867e-08	5.14019547018708e-09	-5.14019547018708e-09
8.78099997758865	0.02	-0.02	3.54751199687051e-08	5.72993647555892e-09	-5.72993647555892e-09
8.82099999904633	0.02	-0.02	5.38203730438857e-08	6.45937645234918e-09	-6.45937645234918e-09
8.86099996089935	0.02	-0.02	3.23301023058636e-08	3.95533693340874e-09	-3.95533693340874e-09
8.90099998235702	0.02	-0.02	1.42977912911003e-08	1.73256990079183e-09	-1.73256990079183e-09
8.9410000038147	0.02	-0.02	2.72404811890715e-08	3.37479469454951e-09	-3.37479469454951e-09
8.98099996566772	0.02	-0.02	9.63530395984696e-08	1.22855082881192e-08	-1.22855082881192e-08
9.0209999871254	0.02	-0.02	1.1220506651414e-07	1.45880268748487e-08	-1.45880268748487e-08
9.06100000858307	0.02	-0.02	1.2752700201954e-07	1.3186902083421e-08	-1.3186902083421e-08
9.1009999704361	0.02	-0.02	1.2777614098337e-07	1.39784159439563e-08	-1.39784159439563e-08
9.14099999189377	0.02	-0.02	1.37540793281329e-07	1.72987197352251e-08	-1.72987197352251e-08
9.1809999537468	0.02	-0.02	2.0484590350333e-07	2.39334740595168e-08	-2.39334740595168e-08
9.22099997520447	0.02	-0.02	5.20366513953133e-07	6.13895710761831e-08	-6.13895710761831e-08
9.26099999666214	0.02	-0.02	8.161296739179e-07	8.1045322787209e-08	-8.1045322787209e-08
9.30099995851517	0.02	-0.02	1.74601767931292e-07	2.02338274738024e-08	-2.02338274738024e-08
9.34099997997284	0.02	-0.02	2.18966373898218e-07	2.86224961303663e-08	-2.86224961303663e-08
9.38100000143051	0.02	-0.02	5.73445777536423e-07	7.87043822611906e-08	-7.87043822611906e-08
9.42099996328354	0.02	-0.02	1.67786723523744e-07	1.95849826342688e-08	-1.95849826342688e-08
9.46099998474121	0.02	-0.02	1.95155802348274e-08	2.34154010705252e-09	-2.34154010705252e-09
9.50100000619888	0.02	-0.02	2.37893742067917e-08	2.84017389942183e-09	-2.84017389942183e-09
9.54099996805191	0.02	-0.02	8.72930103903061e-08	9.24933528366582e-09	-9.24933528366582e-09
9.58099998950958	0.02	-0.02	1.00196633265538e-07	1.20006472728888e-08	-1.20006472728888e-08
9.62100001096725	0.02	-0.02	1.00388215900626e-07	1.11876146710949e-08	-1.11876146710949e-08
9.66099997282028	0.02	-0.02	8.12885591870532e-08	8.65609719853414e-09	-8.65609719853414e-09
9.70099999427795	0.02	-0.02	5.1524910137616e-08	6.33823849340434e-09	-6.33823849340434e-09
9.74099995613098	0.02	-0.02	8.3149041146568e-08	8.72678130082712e-09	-8.72678130082712e-09
9.78099997758865	0.02	-0.02	1.3957150993323e-07	1.40949054998509e-08	-1.40949054998509e-08
9.82099999904633	0.02	-0.02	1.1643018465521e-07	1.31208370421762e-08	-1.31208370421762e-08
9.86099996089935	0.02	-0.02	8.47120731134936e-08	9.61917559581281e-09	-9.61917559581281e-09
9.90099998235702	0.02	-0.02	6.09002243728389e-08	7.56910171568201e-09	-7.56910171568201e-09
9.9410000038147	0.02	-0.02	5.50337287330254e-08	7.84256407788073e-09	-7.84256407788073e-09
9.98099996566772	0.02	-0.02	8.78070623989897e-08	1.0991880958977e-08	-1.0991880958977e-08
10.0209999871254	0.02	-0.02	1.10182430757508e-07	1.37172613424125e-08	-1.37172613424125e-08
10.0610000085831	0.02	-0.02	1.90888929091728e-07	2.0198879661072e-08	-2.0198879661072e-08
10.1009999704361	0.02	-0.02	2.55987441815292e-07	2.97903549068104e-08	-2.97903549068104e-08
10.1409999918938	0.02	-0.02	5.088534046356e-07	4.92383724486361e-08	-4.92383724486361e-08
10.1809999537468	0.02	-0.02	5.07191351003468e-07	6.60433349053619e-08	-6.60433349053619e-08
10.2209999752045	0.02	-0.02	3.19322840019851e-07	3.96284397167065e-08	-3.96284397167065e-08
10.2609999966621	0.02	-0.02	1.22737459102355e-07	1.54184898533963e-08	-1.54184898533963e-08
10.3009999585152	0.02	-0.02	6.97919178458071e-08	1.00171838154046e-08	-1.00171838154046e-08
10.3409999799728	0.02	-0.02	7.59096623933416e-08	8.65482167939649e-09	-8.65482167939649e-09
10.3810000014305	0.02	-0.02	1.93744292543295e-07	2.05021895836252e-08	-2.05021895836252e-08
10.4209999632835	0.02	-0.02	5.44947627088527e-07	7.31949292130123e-08	-7.31949292130123e-08
10.4609999847412	0.02	-0.02	5.09446905083876e-07	7.57227580472798e-08	-7.57227580472798e-08
10.5010000061989	0.02	-0.02	5.14596575390925e-07	5.17657336077482e-08	-5.17657336077482e-08
10.5409999680519	0.02	-0.02	1.4985077785815e-07	1.73750964514696e-08	-1.73750964514696e-08
10.5809999895096	0.02	-0.02	4.94280722971402e-08	4.85559421798735e-09	-4.85559421798735e-09
10.6210000109673	0.02	-0.02	5.4929997317757e-08	6.1486009535713e-09	-6.1486009535713e-09
10.6609999728203	0.02	-0.02	1.69991660622836e-07	1.50508665790097e-08	-1.50508665790097e-08
10.700999994278	0.02	-0.02	1.41883649379336e-07	1.7187413556261e-08	-1.7187413556261e-08
10.740999956131	0.02	-0.02	1.57076611256003e-07	1.53782041560178e-08	-1.53782041560178e-08
10.7809999775887	0.02	-0.02	1.23344584215675e-07	1.19445429706225e-08	-1.19445429706225e-08
10.8209999990463	0.02	-0.02	9.26864178300463e-08	1.11684299759563e-08	-1.11684299759563e-08
10.8609999608994	0.02	-0.02	1.15549426267453e-07	1.22383760037008e-08	-1.22383760037008e-08
10.900999982357	0.02	-0.02	1.24688865027456e-07	1.36409239678137e-08	-1.36409239678137e-08
10.9410000038147	0.02	-0.02	1.35219753860442e-07	1.61604207654812e-08	-1.61604207654812e-08
10.9809999656677	0.02	-0.02	1.83421859782058e-07	1.80608563065274e-08	-1.80608563065274e-08
11.0209999871254	0.02	-0.02	9.44952700247313e-08	1.07767181690705e-08	-1.07767181690705e-08
11.0610000085831	0.02	-0.02	1.059738473464e-07	1.20698560604426e-08	-1.20698560604426e-08
11.1009999704361	0.02	-0.02	1.80164068900321e-07	1.81404349701287e-08	-1.81404349701287e-08
11.1409999918938	0.02	-0.02	1.36807715698384e-07	1.71363622144917e-08	-1.71363622144917e-08
11.1809999537468	0.02	-0.02	1.3379199974954e-07	1.42683229339657e-08	-1.42683229339657e-08
11.2209999752045	0.02	-0.02	8.40372690635651e-08	1.17975066985685e-08	-1.17975066985685e-08
11.2609999966621	0.02	-0.02	1.23222848851229e-07	1.30480049787913e-08	-1.30480049787913e-08
11.3009999585152	0.02	-0.02	1.1562856867396e-07	1.38898367927354e-08	-1.38898367927354e-08
11.3409999799728	0.02	-0.02	1.6596395068304e-07	1.7619318309426e-08	-1.7619318309426e-08
11.3810000014305	0.02	-0.02	1.09882555548477e-07	1.31240466249614e-08	-1.31240466249614e-08
11.4209999632835	0.02	-0.02	8.42332466579362e-08	1.01859477187933e-08	-1.01859477187933e-08
11.4609999847412	0.02	-0.02	1.48629234988124e-07	1.5930621346175e-08	-1.5930621346175e-08
11.5010000061989	0.02	-0.02	3.37563319537016e-07	3.73316450687566e-08	-3.73316450687566e-08
11.5409999680519	0.02	-0.02	2.37060085371137e-07	2.61685086393549e-08	-2.61685086393549e-08
11.5809999895096	0.02	-0.02	7.55960574203594e-08	1.0338926315843e-08	-1.0338926315843e-08
11.6210000109673	0.02	-0.02	9.567023226854e-08	1.17213550564164e-08	-1.17213550564164e-08
11.6609999728203	0.02	-0.02	1.65703914460362e-07	2.0288498894333e-08	-2.0288498894333e-08
11.700999994278	0.02	-0.02	1.13541525181959e-07	1.69083286596362e-08	-1.69083286596362e-08
11.740999956131	0.02	-0.02	7.54849199643739e-08	1.02384565465015e-08	-1.02384565465015e-08
11.7809999775887	0.02	-0.02	8.59849655034723e-08	1.17469906469341e-08	-1.17469906469341e-08
11.8209999990463	0.02	-0.02	1.58373644044644e-07	1.94934747217893e-08	-1.94934747217893e-08
11.8609999608994	0.02	-0.02	1.65879190665708e-07	2.04564753441267e-08	-2.04564753441267e-08
11.900999982357	0.02	-0.02	1.52677270543566e-07	2.1352900037442e-08	-2.1352900037442e-08
11.9410000038147	0.02	-0.02	1.97179469859602e-07	2.30714220683312e-08	-2.30714220683312e-08
11.9809999656677	0.02	-0.02	1.54680035487155e-07	2.19743866827872e-08	-2.19743866827872e-08
12.0209999871254	0.02	-0.02	1.50338345836028e-07	2.36661858592625e-08	-2.36661858592625e-08
12.0610000085831	0.02	-0.02	1.04451989807232e-07	2.19572956473944e-08	-2.19572956473944e-08
12.1009999704361	0.02	-0.02	1.63498436811578e-07	2.20057323089882e-08	-2.20057323089882e-08
12.1409999918938	0.02	-0.02	1.51813891710576e-07	2.31690536373425e-08	-2.31690536373425e-08
12.1809999537468	0.02	-0.02	2.29717203834192e-07	4.11694884967897e-08	-4.11694884967897e-08
12.2209999752045	0.02	-0.02	4.073828956282e-07	6.5335020733725e-08	-6.5335020733725e-08
12.2609999966621	0.02	-0.02	4.00708500897628e-07	6.99955347156654e-08	-6.99955347156654e-08
12.3009999585152	0.02	-0.02	1.20743385785114e-07	1.87350065095838e-08	-1.87350065095838e-08
12.3409999799728	0.02	-0.02	2.45639865917359e-08	5.13353462568507e-09	-5.13353462568507e-09
12.3810000014305	0.02	-0.02	1.72931357320972e-08	2.57056859697533e-09	-2.57056859697533e-09
12.4209999632835	0.02	-0.02	4.41551981177542e-08	9.24079914261761e-09	-9.24079914261761e-09
12.4609999847412	0.02	-0.02	2.10568094777535e-07	3.14395602580989e-08	-3.14395602580989e-08
12.5010000061989	0.02	-0.02	1.42338995012405e-07	2.30177473646694e-08	-2.30177473646694e-08
12.5409999680519	0.02	-0.02	3.57649419999662e-08	8.42723832994977e-09	-8.42723832994977e-09
12.5809999895096	0.02	-0.02	1.29886335771767e-07	1.97702235447012e-08	-1.97702235447012e-08
12.6210000109673	0.02	-0.02	6.96729467850847e-07	1.0875528925876e-07	-1.0875528925876e-07
12.6609999728203	0.02	-0.02	5.51529445937541e-07	1.010441023506e-07	-1.010441023506e-07
12.700999994278	0.02	-0.02	3.27975807167478e-07	5.7250383409745e-08	-5.7250383409745e-08
12.740999956131	0.02	-0.02	1.87755409818433e-07	3.87228017842646e-08	-3.87228017842646e-08
12.7809999775887	0.02	-0.02	1.78027195513462e-07	3.19640739448598e-08	-3.19640739448598e-08
12.8209999990463	0.02	-0.02	1.34712876342602e-07	2.43002768320552e-08	-2.43002768320552e-08
12.8609999608994	0.02	-0.02	1.303161133181e-07	2.60389822277929e-08	-2.60389822277929e-08
12.900999982357	0.02	-0.02	3.47027261308091e-07	6.45208619895373e-08	-6.45208619895373e-08
12.9410000038147	0.02	-0.02	8.53923044257886e-07	1.52877821352795e-07	-1.52877821352795e-07
12.9809999656677	0.02	-0.02	1.83877944903295e-06	3.14404360912543e-07	-3.14404360912543e-07
13.0209999871254	0.02	-0.02	1.43707637082371e-06	2.80473684872034e-07	-2.80473684872034e-07
13.0610000085831	0.02	-0.02	1.27449399431844e-06	2.69171338420311e-07	-2.69171338420311e-07
13.1009999704361	0.02	-0.02	1.51283184980349e-06	2.59461740800209e-07	-2.59461740800209e-07
13.1409999918938	0.02	-0.02	9.37923172923981e-07	2.17488735158828e-07	-2.17488735158828e-07
13.1809999537468	0.02	-0.02	1.14870564099872e-06	2.09440800116921e-07	-2.09440800116921e-07
13.2209999752045	0.02	-0.02	7.86761602268654e-07	1.64628588310423e-07	-1.64628588310423e-07
13.2609999966621	0.02	-0.02	6.48429744303137e-07	1.21597866845688e-07	-1.21597866845688e-07
13.3009999585152	0.02	-0.02	5.44845381088718e-07	9.21708676926722e-08	-9.21708676926722e-08
13.3409999799728	0.02	-0.02	2.31795774222066e-07	6.61549647181271e-08	-6.61549647181271e-08
13.3810000014305	0.02	-0.02	3.28649879912189e-07	5.076849079881e-08	-5.076849079881e-08
13.4209999632835	0.02	-0.02	2.30802711783796e-07	3.59248152996397e-08	-3.59248152996397e-08
13.4609999847412	0.02	-0.02	1.43265426578107e-07	3.36593408369154e-08	-3.36593408369154e-08
13.5010000061989	0.02	-0.02	1.23821787054443e-07	3.51876545718281e-08	-3.51876545718281e-08
13.5409999680519	0.02	-0.02	1.74021632927562e-07	3.35183573009184e-08	-3.35183573009184e-08
13.5809999895096	0.02	-0.02	1.77032571016471e-07	3.85685075121533e-08	-3.85685075121533e-08
13.6210000109673	0.02	-0.02	1.91455602391724e-07	4.19095801791214e-08	-4.19095801791214e-08
13.6609999728203	0.02	-0.02	2.69266585581196e-07	4.91043972842322e-08	-4.91043972842322e-08
13.700999994278	0.02	-0.02	2.94265108309886e-07	5.82333585612576e-08	-5.82333585612576e-08
13.7609999668598	0.04	-0.04	2.28532358948521e-07	4.36317846424476e-08	-4.36317846424476e-08
13.8209999990463	0.02	-0.02	2.37400466514374e-07	4.71748237008985e-08	-4.71748237008985e-08
13.8609999608994	0.02	-0.02	2.02049462163953e-07	4.39894729858856e-08	-4.39894729858856e-08
13.900999982357	0.02	-0.02	1.23830431136653e-07	3.42044473759693e-08	-3.42044473759693e-08
13.9410000038147	0.02	-0.02	1.68019267171836e-07	3.13461699340374e-08	-3.13461699340374e-08
13.9809999656677	0.02	-0.02	1.29280596229339e-07	2.70159223784087e-08	-2.70159223784087e-08
14.0209999871254	0.02	-0.02	9.7601821698224e-08	2.09135769694249e-08	-2.09135769694249e-08
14.0610000085831	0.02	-0.02	5.79178586604917e-08	1.79249597738742e-08	-1.79249597738742e-08
14.1009999704361	0.02	-0.02	6.23251033189549e-08	1.39759839101481e-08	-1.39759839101481e-08
14.1409999918938	0.02	-0.02	4.83712461171947e-08	1.10205073413406e-08	-1.10205073413406e-08
14.1809999537468	0.02	-0.02	5.95729106483542e-08	8.79108030898984e-09	-8.79108030898984e-09
14.2209999752045	0.02	-0.02	2.71032194449952e-08	8.26588845151492e-09	-8.26588845151492e-09
14.2609999966621	0.02	-0.02	9.62429676836438e-08	1.89853968345798e-08	-1.89853968345798e-08
14.3009999585152	0.02	-0.02	2.19513635809362e-07	4.34691975598634e-08	-4.34691975598634e-08
14.3409999799728	0.02	-0.02	5.1531946754817e-07	7.18946211889721e-08	-7.18946211889721e-08
14.3810000014305	0.02	-0.02	1.55420706658074e-07	3.94473721295945e-08	-3.94473721295945e-08
14.4209999632835	0.02	-0.02	1.03676465647352e-07	2.41429942694722e-08	-2.41429942694722e-08
14.4609999847412	0.02	-0.02	1.13422363733176e-07	1.99208568209541e-08	-1.99208568209541e-08
14.5010000061989	0.02	-0.02	9.05528455274063e-08	1.68807421993138e-08	-1.68807421993138e-08
14.5409999680519	0.02	-0.02	7.00209195535494e-08	1.66638041532972e-08	-1.66638041532972e-08
14.5809999895096	0.02	-0.02	6.19188739970008e-08	1.36441272817887e-08	-1.36441272817887e-08
14.6210000109673	0.02	-0.02	4.19163918441446e-08	1.56675897486291e-08	-1.56675897486291e-08
14.6609999728203	0.02	-0.02	1.38339294632113e-07	3.23518868407754e-08	-3.23518868407754e-08
14.7209999752045	0.04	-0.04	3.67775525646089e-07	6.74440249974833e-08	-6.74440249974833e-08
14.7809999775887	0.02	-0.02	1.64553020303137e-06	2.68285106159291e-07	-2.68285106159291e-07
14.8609999608994	0.02	-0.02	7.82835088500592e-07	1.48794520776807e-07	-1.48794520776807e-07
14.900999982357	0.02	-0.02	2.11221981383381e-07	6.21814966309888e-08	-6.21814966309888e-08
14.9410000038147	0.02	-0.02	1.2507985190409e-07	2.72033851974065e-08	-2.72033851974065e-08
14.9809999656677	0.02	-0.02	4.44609328615499e-08	1.14354232630903e-08	-1.14354232630903e-08
15.0209999871254	0.02	-0.02	3.67271569415648e-08	5.99126983981909e-09	-5.99126983981909e-09
15.0809999895096	0.04	-0.04	3.05218980649895e-08	6.28578090000444e-09	-6.28578090000444e-09
15.1409999918938	0.02	-0.02	6.6232885234867e-08	1.26557534245014e-08	-1.26557534245014e-08
15.1809999537468	0.02	-0.02	9.93385541270787e-08	1.72079925911276e-08	-1.72079925911276e-08
15.2209999752045	0.02	-0.02	6.79957390157973e-08	2.12359724572794e-08	-2.12359724572794e-08
15.2609999966621	0.02	-0.02	1.34121309720929e-07	2.46493129436213e-08	-2.46493129436213e-08
15.3009999585152	0.02	-0.02	1.11929056460773e-07	2.49862828783459e-08	-2.49862828783459e-08
15.3409999799728	0.02	-0.02	1.32624130722071e-07	2.74063977874473e-08	-2.74063977874473e-08
15.400999982357	0.04	-0.04	9.66883403402444e-08	2.14394839054073e-08	-2.14394839054073e-08
15.48099999547	0.04	-0.04	1.28114772216367e-07	2.55752680041624e-08	-2.55752680041624e-08
15.5609999787807	0.04	-0.04	1.8015726717478e-07	4.09228069006974e-08	-4.09228069006974e-08
15.6210000109673	0.02	-0.02	3.69478846820129e-07	8.00310584290653e-08	-8.00310584290653e-08
15.6609999728203	0.02	-0.02	3.79172332871567e-07	1.00846797723072e-07	-1.00846797723072e-07
15.700999994278	0.02	-0.02	5.42901116498789e-07	1.24921867106606e-07	-1.24921867106606e-07
15.7609999668598	0.04	-0.04	4.33146185376761e-07	1.1779127702984e-07	-1.1779127702984e-07
15.8409999799728	0.04	-0.04	3.92139490569561e-07	9.50269825268149e-08	-9.50269825268149e-08
15.9209999930859	0.04	-0.04	3.60895787879871e-07	7.77060471594769e-08	-7.77060471594769e-08
16.0009999763966	0.04	-0.04	3.0977479768986e-07	6.26535953673409e-08	-6.26535953673409e-08
16.0809999895096	0.04	-0.04	2.00481733809048e-07	4.19237002566177e-08	-4.19237002566177e-08
16.180999973615	0.06	-0.06	8.70133740790844e-08	1.83233240495251e-08	-1.83233240495251e-08
16.2609999966621	0.02	-0.02	7.97374292340287e-08	1.95269624732642e-08	-1.95269624732642e-08
16.320999969244	0.04	-0.04	4.32448748725924e-08	9.48399755339533e-09	-9.48399755339533e-09
16.400999982357	0.04	-0.04	3.73885204509122e-08	9.2024598311437e-09	-9.2024598311437e-09
16.48099999547	0.04	-0.04	5.24235143237237e-08	1.1122312686745e-08	-1.1122312686745e-08
16.5609999787807	0.04	-0.04	5.33703225814306e-08	1.2996562138614e-08	-1.2996562138614e-08
16.6409999918938	0.04	-0.04	8.37320317789883e-08	1.73574006728868e-08	-1.73574006728868e-08
16.7209999752045	0.04	-0.04	1.01233683815293e-07	2.163828115417e-08	-2.163828115417e-08
16.7809999775887	0.02	-0.02	1.64112698206932e-07	3.42626976015956e-08	-3.42626976015956e-08
16.8409999799728	0.04	-0.04	9.51371779127289e-08	3.04624241255872e-08	-3.04624241255872e-08
16.9209999930859	0.04	-0.04	1.57070785501035e-07	3.64691653884842e-08	-3.64691653884842e-08
16.9809999656677	0.02	-0.02	2.50251369242809e-07	6.04862469980489e-08	-6.04862469980489e-08
17.0209999871254	0.02	-0.02	2.22705203290912e-07	7.19780815930049e-08	-7.19780815930049e-08
17.0610000085831	0.02	-0.02	3.82211351971142e-07	7.98392549220932e-08	-7.98392549220932e-08
17.1409999918938	0.02	-0.02	3.88440944696115e-07	8.18754693999136e-08	-8.18754693999136e-08
17.2009999644756	0.04	-0.04	2.49071579715851e-07	6.08840836903509e-08	-6.08840836903509e-08
17.2609999966621	0.02	-0.02	4.47202276125686e-07	9.38471813950573e-08	-9.38471813950573e-08
17.3009999585152	0.02	-0.02	4.38460155437075e-07	9.8938556047002e-08	-9.8938556047002e-08
17.3809999815623	0.06	-0.06	3.10500939374481e-07	5.40524090325855e-08	-5.40524090325855e-08
17.4609999847412	0.02	-0.02	3.48760423322943e-07	8.19494542720461e-08	-8.19494542720461e-08
17.5209999871254	0.04	-0.04	1.49783843378644e-07	4.24735745225146e-08	-4.24735745225146e-08
17.620999991099	0.06	-0.06	8.89223184114929e-08	2.06076479722669e-08	-2.06076479722669e-08
17.700999994278	0.02	-0.02	9.66930376343362e-08	2.23463325490652e-08	-2.23463325490652e-08
17.740999956131	0.02	-0.02	7.95066948049523e-08	1.75904899721274e-08	-1.75904899721274e-08
17.8009999883175	0.04	-0.04	2.42547405672408e-08	9.74146735628476e-09	-9.74146735628476e-09
17.8809999716282	0.04	-0.04	4.91255934967305e-08	1.20866672034965e-08	-1.20866672034965e-08
18.080999982059	0.16	-0.16	4.55554710014449e-08	9.14379208039679e-09	-9.14379208039679e-09
18.3209999841452	0.08	-0.08	8.70753486721293e-08	2.12915373300953e-08	-2.12915373300953e-08
18.500999982357	0.1	-0.1	8.6316735543966e-08	1.70268298038903e-08	-1.70268298038903e-08
18.6210000109673	0.02	-0.02	1.33152647276643e-07	3.03238189297586e-08	-3.03238189297586e-08
18.6809999835491	0.04	-0.04	8.85881508727269e-08	1.90809951367836e-08	-1.90809951367836e-08
18.8009999734163	0.08	-0.08	2.72530145888399e-08	9.54098407866336e-09	-9.54098407866336e-09
18.9809999895096	0.1	-0.1	2.72688042625488e-08	5.82962739368403e-09	-5.82962739368403e-09
19.1809999775887	0.1	-0.1	3.06260845547786e-08	5.69688988360539e-09	-5.69688988360539e-09
19.320999969244	0.04	-0.04	5.96295985929076e-08	1.42156397947699e-08	-1.42156397947699e-08
19.4209999831518	0.06	-0.06	4.44885335769708e-08	1.6251970477732e-08	-1.6251970477732e-08
19.5409999879201	0.06	-0.06	1.11073229782001e-07	2.27777973780015e-08	-2.27777973780015e-08
19.6609999926885	0.06	-0.06	1.64247749243467e-07	2.86384831384038e-08	-2.86384831384038e-08
19.740999956131	0.02	-0.02	1.94741546793638e-07	4.28783519991091e-08	-4.28783519991091e-08
19.9409999839465	0.18	-0.18	6.94548414364362e-08	1.36783670137459e-08	-1.36783670137459e-08
20.180999973615	0.06	-0.06	1.0328975676874e-07	1.99347099035196e-08	-1.99347099035196e-08
20.400999982357	0.16	-0.16	4.42591598936923e-08	1.05079921349281e-08	-1.05079921349281e-08
20.6409999918938	0.08	-0.08	6.14865812231146e-08	1.47377187936331e-08	-1.47377187936331e-08
20.8009999734163	0.08	-0.08	5.05886706937064e-08	1.67311280180455e-08	-1.67311280180455e-08
20.9609999847412	0.08	-0.08	7.87644849510454e-08	1.96486116298129e-08	-1.96486116298129e-08
21.1209999811649	0.08	-0.08	7.46355351210561e-08	2.25809074825453e-08	-2.25809074825453e-08
21.2409999859333	0.04	-0.04	1.38696947365581e-07	3.34438398921443e-08	-3.34438398921443e-08
21.3609999758005	0.08	-0.08	1.16850881803106e-07	2.73806376146144e-08	-2.73806376146144e-08
21.5209999871254	0.08	-0.08	1.14903432973433e-07	3.28686803483506e-08	-3.28686803483506e-08
21.7209999851386	0.12	-0.12	1.58617589420307e-07	3.54588660818866e-08	-3.54588660818866e-08
21.8809999716282	0.04	-0.04	3.86890077846397e-07	7.60737016828711e-08	-7.60737016828711e-08
22.0409999879201	0.12	-0.12	3.01778910772213e-07	5.75307676057089e-08	-5.75307676057089e-08
22.2009999644756	0.04	-0.04	5.00243030290845e-07	1.24810405831438e-07	-1.24810405831438e-07
22.5409999839465	0.3	-0.3	3.51645410593181e-07	6.58632318434749e-08	-6.58632318434749e-08
22.9409999799728	0.1	-0.1	6.50109924335801e-07	1.60463477569467e-07	-1.60463477569467e-07
23.2809999825557	0.24	-0.24	5.67746527927691e-07	1.35020075159242e-07	-1.35020075159242e-07
23.6809999835491	0.16	-0.16	6.7846974680925e-07	1.63345272692606e-07	-1.63345272692606e-07
24.0009999838471	0.16	-0.16	4.55803193904799e-07	1.09581092077969e-07	-1.09581092077969e-07
24.2409999710321	0.08	-0.08	4.3331159654192e-07	1.07935902674526e-07	-1.07935902674526e-07
24.4809999880195	0.16	-0.16	1.61292604879896e-07	5.32046109413895e-08	-5.32046109413895e-08
24.7609999767939	0.12	-0.12	1.83745521316852e-07	4.2287798395159e-08	-4.2287798395159e-08
24.9409999839465	0.06	-0.06	2.30123352758285e-07	5.57664734130655e-08	-5.57664734130655e-08
25.1809999802378	0.18	-0.18	8.90746682398971e-08	2.75366896862494e-08	-2.75366896862494e-08
25.4209999831518	0.06	-0.06	2.04434278752004e-07	4.17236816997724e-08	-4.17236816997724e-08
25.8809999835491	0.4	-0.4	5.51481666994385e-08	1.3273202695054e-08	-1.3273202695054e-08
26.4209999803134	0.14	-0.14	1.00126355431178e-07	2.13165067619524e-08	-2.13165067619524e-08
26.620999991099	0.06	-0.06	1.32293218914777e-07	3.28223925606906e-08	-3.28223925606906e-08
27.400999982357	0.72	-0.72	4.73104491410047e-08	9.80329255819329e-09	-9.80329255819329e-09
28.2009999793768	0.08	-0.08	1.294576671957e-07	3.07072911861506e-08	-3.07072911861506e-08
28.440999981463	0.16	-0.16	6.06201384300492e-08	2.05820680613251e-08	-2.05820680613251e-08
28.6609999926885	0.06	-0.06	1.64216665087847e-07	3.26301295628945e-08	-3.26301295628945e-08
29.0409999792278	0.32	-0.32	3.69885179009489e-08	1.40297971592747e-08	-1.40297971592747e-08
29.5209999871254	0.16	-0.16	7.73351400591167e-08	1.90135602407799e-08	-1.90135602407799e-08
30.180999982357	0.5	-0.5	4.30460802018858e-08	1.02435447297593e-08	-1.02435447297593e-08
30.8209999820164	0.14	-0.14	7.35732943744932e-08	1.83582879072839e-08	-1.83582879072839e-08
31.2809999813139	0.32	-0.32	3.50989969797067e-08	1.25794775053948e-08	-1.25794775053948e-08
31.92099998191	0.32	-0.32	5.41339323926988e-08	1.34663956505029e-08	-1.34663956505029e-08
32.2809999775887	0.04	-0.04	1.61797872859498e-07	3.93106926468257e-08	-3.93106926468257e-08
32.6809999835491	0.36	-0.36	4.38556462788448e-08	1.35062030488999e-08	-1.35062030488999e-08
33.400999982357	0.36	-0.36	6.22737717079034e-08	1.48118728800944e-08	-1.48118728800944e-08
34.8409999821804	1.08	-1.08	3.10077574398098e-08	1.0147611511321e-08	-1.0147611511321e-08
37.0009999830193	1.08	-1.08	6.60641256744393e-08	1.27411462694403e-08	-1.27411462694403e-08
38.400999982357	0.32	-0.32	1.31949849122002e-07	3.19734089793921e-08	-3.19734089793921e-08
39.5809999811926	0.86	-0.86	1.22103644738132e-07	2.74624982510701e-08	-2.74624982510701e-08
41.3209999827905	0.88	-0.88	1.1534900698638e-07	4.37652716279692e-08	-4.37652716279692e-08
42.6609999831863	0.46	-0.46	3.8025028640248e-07	9.08057299313223e-08	-9.08057299313223e-08
43.3009999783834	0.18	-0.18	7.61745271689696e-07	1.76056358278842e-07	-1.76056358278842e-07
43.6609999860658	0.18	-0.18	6.82474505443318e-07	1.9659173240708e-07	-1.9659173240708e-07
44.100999979606	0.26	-0.26	7.81235680075025e-07	1.85309062900779e-07	-1.85309062900779e-07
44.500999989169	0.14	-0.14	9.62147628738325e-07	2.01121494166819e-07	-2.01121494166819e-07
44.8809999815623	0.24	-0.24	3.11773139320068e-07	9.64334572510595e-08	-9.64334572510595e-08
45.2209999752045	0.1	-0.1	4.28160287407019e-07	9.92477211835785e-08	-9.92477211835785e-08
45.4809999880195	0.16	-0.16	1.46778244258398e-07	5.60026356996308e-08	-5.60026356996308e-08
45.8209999791781	0.18	-0.18	1.41211432521347e-07	3.52562108483169e-08	-3.52562108483169e-08
46.0409999978542	0.04	-0.04	2.25757243390717e-07	5.60886664775864e-08	-5.60886664775864e-08
46.2609999767939	0.18	-0.18	9.14686176131298e-08	2.10412900565328e-08	-2.10412900565328e-08
46.6209999844763	0.18	-0.18	3.73238538523836e-08	1.39617313238524e-08	-1.39617313238524e-08
46.9209999831518	0.12	-0.12	6.48901196641481e-08	1.6095332264909e-08	-1.6095332264909e-08
47.0809999895096	0.04	-0.04	1.09755406868237e-07	2.66835600822806e-08	-2.66835600822806e-08
47.2409999759992	0.12	-0.12	4.06612158305098e-08	1.56144979900626e-08	-1.56144979900626e-08
47.4609999847412	0.1	-0.1	7.68355116885545e-08	1.59626231917115e-08	-1.59626231917115e-08
47.5809999895096	0.02	-0.02	1.447640986007e-07	3.47592980898583e-08	-3.47592980898583e-08
47.6609999926885	0.06	-0.06	8.9419637071952e-08	2.02029614799341e-08	-2.02029614799341e-08
47.8009999734163	0.08	-0.08	7.49399377901939e-08	1.81757375978528e-08	-1.81757375978528e-08
47.9609999847412	0.08	-0.08	9.45736534740442e-08	2.10200595870507e-08	-2.10200595870507e-08
48.1209999811649	0.08	-0.08	5.54476585753784e-08	2.55298137048929e-08	-2.55298137048929e-08
48.2609999767939	0.06	-0.06	1.46105797526402e-07	3.25140459137815e-08	-3.25140459137815e-08
48.4209999871254	0.1	-0.1	7.39130468103711e-08	3.00055870515278e-08	-3.00055870515278e-08
48.6209999871254	0.1	-0.1	1.67249449727416e-07	3.70797694722774e-08	-3.70797694722774e-08
48.9209999811649	0.2	-0.2	1.38061978445157e-07	3.4707273047009e-08	-3.4707273047009e-08
49.2609999796322	0.14	-0.14	2.48486054132709e-07	5.34206283340697e-08	-5.34206283340697e-08
49.4809999805689	0.08	-0.08	4.03945845618151e-07	8.74571177265325e-08	-8.74571177265325e-08
49.5809999895096	0.02	-0.02	7.63645367980681e-07	1.9081472233683e-07	-1.9081472233683e-07
49.7209999851386	0.12	-0.12	2.00970254330436e-07	8.55675632589747e-08	-8.55675632589747e-08
49.900999982357	0.06	-0.06	5.88771810054076e-07	1.44301104988686e-07	-1.44301104988686e-07
50.1409999786483	0.18	-0.18	2.10367477982422e-07	9.89216140513147e-08	-9.89216140513147e-08
50.3409999799728	0.02	-0.02	1.43824736436109e-06	3.58341624371187e-07	-3.58341624371187e-07
50.4409999889135	0.08	-0.08	4.09514365278961e-07	1.85816511290255e-07	-1.85816511290255e-07
50.5609999787807	0.04	-0.04	1.29227553635278e-06	2.83818542001312e-07	-2.83818542001312e-07
50.92099998191	0.32	-0.32	6.53638143824318e-07	1.3123194866571e-07	-1.3123194866571e-07
51.3209999841452	0.08	-0.08	1.36614287204005e-06	3.39040689435546e-07	-3.39040689435546e-07
51.5209999871254	0.12	-0.12	6.75748519857923e-07	3.22278296036043e-07	-3.22278296036043e-07
51.7609999767939	0.12	-0.12	1.13753515829023e-06	2.60398596909733e-07	-2.60398596909733e-07
52.0209999871254	0.14	-0.14	3.90774690945651e-07	1.02436577225051e-07	-1.02436577225051e-07
52.2209999752045	0.06	-0.06	3.90921039437883e-07	8.00862449677148e-08	-8.00862449677148e-08
52.3609999758005	0.08	-0.08	1.70011511281714e-07	4.33781771957555e-08	-4.33781771957555e-08
52.4809999954701	0.04	-0.04	1.7738288178075e-07	4.23925391318826e-08	-4.23925391318826e-08
52.5609999787807	0.04	-0.04	6.6462412149806e-08	2.97093949995031e-08	-2.97093949995031e-08
52.6409999918938	0.04	-0.04	1.37467856990682e-07	2.97488058304634e-08	-2.97488058304634e-08
52.760999981761	0.08	-0.08	8.93501231540891e-08	2.32656953737779e-08	-2.32656953737779e-08
52.8609999608994	0.02	-0.02	2.03130060404607e-07	4.87660172873872e-08	-4.87660172873872e-08
53.0009999863307	0.12	-0.12	8.47477762562255e-08	2.29595108721765e-08	-2.29595108721765e-08
53.2409999759992	0.12	-0.12	8.21917932407402e-08	1.9119798856834e-08	-1.9119798856834e-08
53.6009999853372	0.24	-0.24	4.77034907395187e-08	9.6984067350484e-09	-9.6984067350484e-09
53.900999982357	0.06	-0.06	5.98493515166294e-08	1.46866301766844e-08	-1.46866301766844e-08
54.0409999829531	0.08	-0.08	4.20890052109116e-08	1.301092537377e-08	-1.301092537377e-08
54.1409999918938	0.02	-0.02	1.5062304591659e-07	3.03057532001662e-08	-3.03057532001662e-08
54.4409999825273	0.28	-0.28	4.27665004246484e-08	8.61470497860355e-09	-8.61470497860355e-09
54.8609999779292	0.14	-0.14	7.75438251846564e-08	1.47674168530716e-08	-1.47674168530716e-08
55.2809999818461	0.28	-0.28	3.96120681760659e-08	1.16142603497155e-08	-1.16142603497155e-08
55.6609999847412	0.1	-0.1	9.04771122420392e-08	1.91524098770213e-08	-1.91524098770213e-08
56.6409999824112	0.88	-0.88	2.7350714130683e-08	6.1337754942994e-09	-6.1337754942994e-09
62.880999982304	5.35999999999997	-5.35999999999997	1.11380469575731e-08	1.97250913812419e-09	-1.97250913812419e-09
68.400999982357	0.16	-0.16	8.58119679686947e-08	2.05119915075606e-08	-2.05119915075606e-08
69.540999982649	0.980000000000001	-0.980000000000001	2.80892389866277e-08	9.75069520908258e-09	-9.75069520908258e-09
71.520999982357	1	-1	5.49521902404435e-08	1.3111249303317e-08	-1.3111249303317e-08
72.8209999831518	0.3	-0.3	1.35668515069161e-07	2.91844598570516e-08	-2.91844598570516e-08
73.2609999796322	0.14	-0.14	1.88175664658588e-07	4.55006477867832e-08	-4.55006477867832e-08
73.700999982357	0.3	-0.3	1.22415689940693e-07	3.29684365979202e-08	-3.29684365979202e-08
74.0809999895096	0.08	-0.08	2.89504310291649e-07	6.79689059313326e-08	-6.79689059313326e-08
74.8609999813352	0.7	-0.7	1.09426598014974e-07	2.2850299039338e-08	-2.2850299039338e-08
75.700999985763	0.14	-0.14	2.14767225806177e-07	5.21308417431518e-08	-5.21308417431518e-08
76.0809999795755	0.24	-0.24	1.42966264521076e-07	3.99081048546232e-08	-3.99081048546232e-08
76.4409999839465	0.12	-0.12	2.38348459498574e-07	5.43737435625796e-08	-5.43737435625796e-08
76.720999982655	0.16	-0.16	1.61922574230994e-07	4.8907147782055e-08	-4.8907147782055e-08
77.0409999829531	0.16	-0.16	2.26446428305686e-07	5.43427840080409e-08	-5.43427840080409e-08
77.4809999826976	0.28	-0.28	2.30977351813203e-07	4.96564452447108e-08	-4.96564452447108e-08
78.0409999808243	0.28	-0.28	2.62591120074997e-07	6.64516324039256e-08	-6.64516324039256e-08
78.400999982357	0.08	-0.08	6.17237693784166e-07	1.36946504887093e-07	-1.36946504887093e-07
78.6409999844432	0.16	-0.16	3.47152062580163e-07	1.11078235793792e-07	-1.11078235793792e-07
78.8609999807676	0.06	-0.06	8.51503252025343e-07	2.02674908974894e-07	-2.02674908974894e-07
78.9410000038147	0.02	-0.02	1.49949747583175e-06	3.48795785526333e-07	-3.48795785526333e-07
79.1609999787807	0.2	-0.2	4.33797519225545e-07	1.24134152165469e-07	-1.24134152165469e-07
79.4609999847412	0.1	-0.1	8.74396949133024e-07	2.01561884182145e-07	-2.01561884182145e-07
79.9209999831517	0.36	-0.36	2.74935617710426e-07	1.01963557103137e-07	-1.01963557103137e-07
80.6609999822315	0.38	-0.38	3.21978078840556e-07	7.68363101925811e-08	-7.68363101925811e-08
81.1209999811649	0.08	-0.08	5.80155719497666e-07	1.40482953048104e-07	-1.40482953048104e-07
81.5209999834001	0.32	-0.32	2.63354906850179e-07	6.34586051217319e-08	-6.34586051217319e-08
82.1609999802709	0.32	-0.32	2.26658118465462e-07	5.15918504827262e-08	-5.15918504827262e-08
82.8009999845922	0.32	-0.32	1.65383244075315e-07	4.07065578400535e-08	-4.07065578400535e-08
83.2409999759992	0.12	-0.12	2.64904601020395e-07	5.74010959277333e-08	-5.74010959277333e-08
83.9209999824422	0.56	-0.56	5.71711759276944e-08	2.15539922403189e-08	-2.15539922403189e-08
84.6209999854224	0.14	-0.14	1.44270839570521e-07	3.4934359889547e-08	-3.4934359889547e-08
84.9609999847412	0.2	-0.2	5.66003274092721e-08	2.61553245815046e-08	-2.61553245815046e-08
85.1809999537468	0.02	-0.02	3.14719453438109e-07	7.5477048587204e-08	-7.5477048587204e-08
85.5409999820765	0.34	-0.34	8.64549434448022e-08	1.95081990269935e-08	-1.95081990269935e-08
86.5809999826976	0.7	-0.7	5.98403374317574e-08	1.57019537492689e-08	-1.57019537492689e-08
87.3609999758005	0.08	-0.08	2.35619402730668e-07	5.24061084239092e-08	-5.24061084239092e-08
88.400999982357	0.960000000000001	-0.960000000000001	6.98856593953669e-08	1.79759259088935e-08	-1.79759259088935e-08
89.4809999855359	0.12	-0.12	2.57819938208305e-07	6.12618524851782e-08	-6.12618524851782e-08
89.7809999842114	0.18	-0.18	2.1496339662607e-07	5.21118656375927e-08	-5.21118656375927e-08
90.360999981761	0.4	-0.4	1.20228692541067e-07	3.86096067616741e-08	-3.86096067616741e-08
90.9609999847412	0.2	-0.2	2.46987480792439e-07	5.80785924249604e-08	-5.80785924249604e-08
92.6809999819807	1.52	-1.52	1.2272361978298e-07	2.2628624484739e-08	-2.2628624484739e-08
94.5809999832354	0.38	-0.38	2.02283052121952e-07	4.8992822390384e-08	-4.8992822390384e-08
95.360999981761	0.4	-0.4	1.20015270246506e-07	4.3710578442612e-08	-4.3710578442612e-08
95.900999982357	0.14	-0.14	2.79058731283219e-07	6.12505590237106e-08	-6.12505590237106e-08
96.5209999871254	0.16	-0.16	1.82797817650355e-07	4.5213743851125e-08	-4.5213743851125e-08
97.180999982357	0.5	-0.5	7.43183090460994e-08	2.16809630004281e-08	-2.16809630004281e-08
97.760999981761	0.08	-0.08	2.19510054758406e-07	4.5078852241083e-08	-4.5078852241083e-08
97.9409999799728	0.1	-0.1	8.76950643342034e-08	3.6966082560483e-08	-3.6966082560483e-08
98.1409999799728	0.1	-0.1	1.77636687211882e-07	3.58285359236565e-08	-3.58285359236565e-08
98.2809999775886	0.04	-0.04	2.63885577379953e-07	5.84138778399459e-08	-5.84138778399459e-08
98.400999982357	0.08	-0.08	1.45281588888281e-07	4.20089778984468e-08	-4.20089778984468e-08
98.5609999936819	0.08	-0.08	1.92121805911406e-07	4.52527223250457e-08	-4.52527223250457e-08
98.6609999728203	0.02	-0.02	4.15579392985888e-07	1.00300848870779e-07	-1.00300848870779e-07
98.7209999752045	0.04	-0.04	3.32760299741008e-07	7.53564690664377e-08	-7.53564690664377e-08
98.8409999799728	0.08	-0.08	3.04642597028305e-07	6.98093540949784e-08	-6.98093540949784e-08
98.9609999847412	0.04	-0.04	5.42362883073606e-07	1.23192767116376e-07	-1.23192767116376e-07
99.0209999871254	0.02	-0.02	8.17071117877518e-07	1.99871565211292e-07	-1.99871565211292e-07
99.1009999903043	0.06	-0.06	4.31306421925962e-07	1.32202370578882e-07	-1.32202370578882e-07
99.2209999752045	0.06	-0.06	7.21832637972562e-07	1.69259670015382e-07	-1.69259670015382e-07
99.3409999799728	0.06	-0.06	8.46073852187983e-07	2.06116947725321e-07	-2.06116947725321e-07
99.4809999805689	0.08	-0.08	6.37138540295417e-07	1.32680184486438e-07	-1.32680184486438e-07
99.6609999847412	0.1	-0.1	2.29122976715727e-07	7.16045760200491e-08	-7.16045760200491e-08
99.8009999883175	0.04	-0.04	3.74899472004616e-07	7.7811351133791e-08	-7.7811351133791e-08
99.9209999781847	0.08	-0.08	1.92990813511261e-07	4.01990602529779e-08	-4.01990602529779e-08
100.040999997854	0.04	-0.04	1.72072981183564e-07	4.2536504961816e-08	-4.2536504961816e-08
100.120999981165	0.04	-0.04	1.5634668040258e-07	3.28686080173462e-08	-3.28686080173462e-08
100.220999975204	0.06	-0.06	1.09732597989179e-07	1.86403383973685e-08	-1.86403383973685e-08
100.300999958515	0.02	-0.02	9.86858421285571e-08	2.40017860896985e-08	-2.40017860896985e-08
100.360999990702	0.04	-0.04	5.7773605792223e-08	1.3221951934957e-08	-1.3221951934957e-08
100.420999963284	0.02	-0.02	8.55826702505413e-08	1.70279980865044e-08	-1.70279980865044e-08
100.460999984741	0.02	-0.02	9.89803643034641e-08	1.95430120659226e-08	-1.95430120659226e-08
100.520999987125	0.04	-0.04	6.92609453784147e-08	1.73460735560303e-08	-1.73460735560303e-08
100.58099998951	0.02	-0.02	1.29384207627733e-07	3.13875494680919e-08	-3.13875494680919e-08
100.720999975204	0.04	-0.04	1.77453720444259e-07	3.87771049776098e-08	-3.87771049776098e-08
100.780999977589	0.02	-0.02	3.61378097947355e-07	7.17406229138422e-08	-7.17406229138422e-08
100.820999999046	0.02	-0.02	3.57942235314609e-07	8.65970365869567e-08	-8.65970365869567e-08
100.880999971628	0.04	-0.04	3.1943809265046e-07	7.11186294011635e-08	-7.11186294011635e-08
100.941000003815	0.02	-0.02	4.86643058126588e-07	1.1039030982211e-07	-1.1039030982211e-07
100.980999965668	0.02	-0.02	5.61810032221325e-07	1.26198559947764e-07	-1.26198559947764e-07
101.020999987125	0.02	-0.02	6.18759967606668e-07	1.37187236441664e-07	-1.37187236441664e-07
101.061000008583	0.02	-0.02	4.87563281865473e-07	1.44378951492883e-07	-1.44378951492883e-07
101.100999970436	0.02	-0.02	7.42245151977498e-07	1.46842358605074e-07	-1.46842358605074e-07
101.16099997282	0.04	-0.04	4.05073805119153e-07	1.21756086385863e-07	-1.21756086385863e-07
101.240999985933	0.04	-0.04	7.30354095892e-07	1.42603061682619e-07	-1.42603061682619e-07
101.360999975801	0.08	-0.08	5.24940944349117e-07	1.36782462897454e-07	-1.36782462897454e-07
101.460999984741	0.02	-0.02	1.776702318814e-06	3.38439505248898e-07	-3.38439505248898e-07
101.501000006199	0.02	-0.02	1.29162994841251e-06	3.13621532046332e-07	-3.13621532046332e-07
101.560999978781	0.04	-0.04	5.85650030428535e-07	1.59084067052552e-07	-1.59084067052552e-07
101.640999991894	0.04	-0.04	5.13416327576014e-07	1.11491202775364e-07	-1.11491202775364e-07
101.720999975204	0.04	-0.04	2.54511469475824e-07	6.98897134245807e-08	-6.98897134245807e-08
101.800999988317	0.04	-0.04	2.02276051088914e-07	4.74198108766047e-08	-4.74198108766047e-08
101.880999971628	0.04	-0.04	1.91373477062681e-07	5.16550754553041e-08	-5.16550754553041e-08
101.941000003815	0.02	-0.02	3.48636436736525e-07	8.08662010738466e-08	-8.08662010738466e-08
102.080999979575	0.12	-0.12	2.06529704047611e-07	3.77066120165019e-08	-3.77066120165019e-08
102.260999976794	0.06	-0.06	3.25236564119369e-07	6.66803909744057e-08	-6.66803909744057e-08
102.380999981562	0.06	-0.06	1.67938128076766e-07	7.21748952692394e-08	-7.21748952692394e-08
102.48099999547	0.04	-0.04	4.01539997731773e-07	9.62007604863586e-08	-9.62007604863586e-08
102.58099998951	0.06	-0.06	4.41148518834858e-07	9.34341461747231e-08	-9.34341461747231e-08
102.70099997441	0.06	-0.06	4.24319051810311e-07	1.0938999563575e-07	-1.0938999563575e-07
102.820999979178	0.06	-0.06	4.62879364880206e-07	1.04109275117981e-07	-1.04109275117981e-07
102.98099998951	0.1	-0.1	1.45812225789402e-07	3.43607940688648e-08	-3.43607940688648e-08
103.100999970436	0.02	-0.02	1.73039793301982e-07	3.92381810170504e-08	-3.92381810170504e-08
103.16099997282	0.04	-0.04	7.42584295791558e-08	1.94704562907457e-08	-1.94704562907457e-08
103.220999975204	0.02	-0.02	9.34981810919896e-08	2.07499821929684e-08	-2.07499821929684e-08
103.280999977589	0.04	-0.04	2.2637980155664e-08	1.05724240828912e-08	-1.05724240828912e-08
103.360999990702	0.04	-0.04	3.15680505328341e-08	6.82567786868969e-09	-6.82567786868969e-09
103.440999974012	0.04	-0.04	2.91787293056562e-08	6.78893994684181e-09	-6.78893994684181e-09
103.501000006199	0.02	-0.02	5.28680765367531e-08	1.20437295839126e-08	-1.20437295839126e-08
103.540999968052	0.02	-0.02	8.31072243793944e-08	1.34199077888314e-08	-1.34199077888314e-08
103.58099998951	0.02	-0.02	1.02060509385802e-07	1.65445791777209e-08	-1.65445791777209e-08
103.621000010967	0.02	-0.02	1.4217475089468e-07	2.11214688734883e-08	-2.11214688734883e-08
103.66099997282	0.02	-0.02	8.05528417442053e-08	2.486948416944e-08	-2.486948416944e-08
103.700999994278	0.02	-0.02	1.54281426614825e-07	3.0934040126424e-08	-3.0934040126424e-08
103.740999956131	0.02	-0.02	1.86082538415016e-07	3.99516272347606e-08	-3.99516272347606e-08
103.780999977589	0.02	-0.02	1.59176605074736e-07	3.85677979137817e-08	-3.85677979137817e-08
103.820999999046	0.02	-0.02	1.52302542808073e-07	3.59069981213162e-08	-3.59069981213162e-08
103.860999960899	0.02	-0.02	1.35556101321063e-07	3.29181930341562e-08	-3.29181930341562e-08
103.900999982357	0.02	-0.02	1.40218673702455e-07	3.06575112783683e-08	-3.06575112783683e-08
103.941000003815	0.02	-0.02	1.0819430880412e-07	2.63570290279729e-08	-2.63570290279729e-08
103.980999965668	0.02	-0.02	8.38583396063293e-08	1.66780912085394e-08	-1.66780912085394e-08
104.020999987125	0.02	-0.02	6.18931567657951e-08	1.08956962993707e-08	-1.08956962993707e-08
104.061000008583	0.02	-0.02	4.89002815094624e-08	8.74823359395072e-09	-8.74823359395072e-09
104.100999970436	0.02	-0.02	8.52664055146919e-08	1.39721431535937e-08	-1.39721431535937e-08
104.140999991894	0.02	-0.02	1.15861481728703e-07	2.12928561276104e-08	-2.12928561276104e-08
104.180999953747	0.02	-0.02	3.79904933157938e-07	5.87604327262769e-08	-5.87604327262769e-08
104.240999985933	0.04	-0.04	1.18059121236108e-06	2.14761031175144e-07	-2.14761031175144e-07
104.300999958515	0.02	-0.02	2.52933106068978e-06	4.24455611758905e-07	-4.24455611758905e-07
104.340999979973	0.02	-0.02	9.04710899972255e-07	2.07109037478647e-07	-2.07109037478647e-07
104.381000001431	0.02	-0.02	4.27373125932877e-07	9.64750550751171e-08	-9.64750550751171e-08
104.420999963284	0.02	-0.02	2.11592396412285e-07	4.53983312556019e-08	-4.53983312556019e-08
104.460999984741	0.02	-0.02	3.54589843555159e-07	6.34332467988861e-08	-6.34332467988861e-08
104.501000006199	0.02	-0.02	7.58151199654138e-07	1.45815529561717e-07	-1.45815529561717e-07
104.540999968052	0.02	-0.02	1.76287578844562e-06	3.22989574972731e-07	-3.22989574972731e-07
104.58099998951	0.02	-0.02	1.05207764825468e-06	2.12537565019152e-07	-2.12537565019152e-07
104.621000010967	0.02	-0.02	4.65053300858731e-07	8.41421188875226e-08	-8.41421188875226e-08
104.66099997282	0.02	-0.02	3.72789217155774e-07	8.14101084717783e-08	-8.14101084717783e-08
104.700999994278	0.02	-0.02	4.6187935981767e-07	8.5527858558885e-08	-8.5527858558885e-08
104.740999956131	0.02	-0.02	5.87074919426361e-07	9.41430145877917e-08	-9.41430145877917e-08
104.780999977589	0.02	-0.02	4.29281408998513e-07	8.1787845301766e-08	-8.1787845301766e-08
104.820999999046	0.02	-0.02	3.44286014961086e-07	7.73348887810855e-08	-7.73348887810855e-08
104.860999960899	0.02	-0.02	4.17854719761899e-07	8.01768191764303e-08	-8.01768191764303e-08
104.900999982357	0.02	-0.02	5.14955855820807e-07	8.77332666784069e-08	-8.77332666784069e-08
104.941000003815	0.02	-0.02	5.67396168373277e-07	8.82821802079978e-08	-8.82821802079978e-08
104.980999965668	0.02	-0.02	4.94600879168819e-07	8.65399995127979e-08	-8.65399995127979e-08
105.020999987125	0.02	-0.02	2.05128816966063e-07	6.3354612180448e-08	-6.3354612180448e-08
105.061000008583	0.02	-0.02	2.56812998624613e-07	4.00157419899866e-08	-4.00157419899866e-08
105.100999970436	0.02	-0.02	1.5014096528706e-07	2.77813876849347e-08	-2.77813876849347e-08
105.140999991894	0.02	-0.02	6.71827143104367e-08	1.55783930838426e-08	-1.55783930838426e-08
105.180999953747	0.02	-0.02	7.04622054818331e-08	9.74340857668048e-09	-9.74340857668048e-09
105.220999975204	0.02	-0.02	1.24336321381242e-07	1.75002733011675e-08	-1.75002733011675e-08
105.260999996662	0.02	-0.02	2.77632742592537e-07	4.43814023389628e-08	-4.43814023389628e-08
105.300999958515	0.02	-0.02	3.31782048297027e-07	5.60475249343071e-08	-5.60475249343071e-08
105.340999979973	0.02	-0.02	3.86864948874077e-07	5.32772396344675e-08	-5.32772396344675e-08
105.381000001431	0.02	-0.02	2.18987610879148e-07	3.15375327959749e-08	-3.15375327959749e-08
105.420999963284	0.02	-0.02	9.89283661178702e-08	1.57759959840563e-08	-1.57759959840563e-08
105.460999984741	0.02	-0.02	8.6517156293725e-08	1.31558564131348e-08	-1.31558564131348e-08
105.501000006199	0.02	-0.02	7.53475479571449e-08	1.37571855252749e-08	-1.37571855252749e-08
105.540999968052	0.02	-0.02	2.73545226749245e-07	4.66124366769921e-08	-4.66124366769921e-08
105.58099998951	0.02	-0.02	1.68217688464237e-06	2.57042646055903e-07	-2.57042646055903e-07
105.621000010967	0.02	-0.02	1.15852539127632e-06	1.56592101676022e-07	-1.56592101676022e-07
105.66099997282	0.02	-0.02	2.64839911925575e-07	3.9537563317172e-08	-3.9537563317172e-08
105.700999994278	0.02	-0.02	2.19029359444651e-07	3.35343200306566e-08	-3.35343200306566e-08
105.740999956131	0.02	-0.02	2.66974899672572e-07	4.24729845428235e-08	-4.24729845428235e-08
105.780999977589	0.02	-0.02	3.03053879041195e-07	4.83763509476239e-08	-4.83763509476239e-08
105.820999999046	0.02	-0.02	2.98408050556716e-07	5.08517296764747e-08	-5.08517296764747e-08
105.860999960899	0.02	-0.02	4.72587550037948e-07	6.79237925751888e-08	-6.79237925751888e-08
105.900999982357	0.02	-0.02	5.90412475782312e-07	9.51324226736609e-08	-9.51324226736609e-08
105.941000003815	0.02	-0.02	9.5709912538139e-07	1.82255573158274e-07	-1.82255573158274e-07
105.980999965668	0.02	-0.02	2.00192955746962e-06	4.2130179770824e-07	-4.2130179770824e-07
106.020999987125	0.02	-0.02	6.84002497902836e-07	1.37367627696141e-07	-1.37367627696141e-07
106.061000008583	0.02	-0.02	1.53850185379878e-07	2.39175534740416e-08	-2.39175534740416e-08
106.100999970436	0.02	-0.02	2.02499097817897e-07	4.28639686086881e-08	-4.28639686086881e-08
106.140999991894	0.02	-0.02	1.21145002277591e-06	2.06553207163434e-07	-2.06553207163434e-07
106.180999953747	0.02	-0.02	6.84380714282489e-07	1.16804427531984e-07	-1.16804427531984e-07
106.220999975204	0.02	-0.02	1.10693106302623e-07	2.5498880178705e-08	-2.5498880178705e-08
106.260999996662	0.02	-0.02	1.30379989771254e-07	2.61585729289329e-08	-2.61585729289329e-08
106.300999958515	0.02	-0.02	3.37521413890533e-07	4.94448782602865e-08	-4.94448782602865e-08
106.340999979973	0.02	-0.02	2.67842729744572e-07	5.0183377223077e-08	-5.0183377223077e-08
106.381000001431	0.02	-0.02	2.14145477678042e-07	4.54387549143826e-08	-4.54387549143826e-08
106.420999963284	0.02	-0.02	1.7751111998255e-07	4.24438952140307e-08	-4.24438952140307e-08
106.460999984741	0.02	-0.02	2.43887095208003e-07	5.57164800174943e-08	-5.57164800174943e-08
106.501000006199	0.02	-0.02	3.66715823390188e-07	8.04772164811632e-08	-8.04772164811632e-08
106.540999968052	0.02	-0.02	4.57360638085714e-07	9.8066545996978e-08	-9.8066545996978e-08
106.601000000238	0.04	-0.04	2.5842828572883e-07	5.13244588076229e-08	-5.13244588076229e-08
106.66099997282	0.02	-0.02	3.62635780986929e-07	6.3328514690788e-08	-6.3328514690788e-08
106.700999994278	0.02	-0.02	2.12672537223931e-07	4.98427428203674e-08	-4.98427428203674e-08
106.76099996686	0.04	-0.04	1.37848897219476e-07	2.87192402954214e-08	-2.87192402954214e-08
106.820999999046	0.02	-0.02	2.53502363616769e-07	4.90687623308604e-08	-4.90687623308604e-08
106.880999971628	0.04	-0.04	2.59240767320875e-07	5.89819926383939e-08	-5.89819926383939e-08
106.960999984741	0.04	-0.04	6.09247147927482e-07	1.21001430748968e-07	-1.21001430748968e-07
107.040999997854	0.04	-0.04	1.24053512703311e-06	2.57897199008745e-07	-2.57897199008745e-07
107.16099997282	0.08	-0.08	6.95769230324415e-07	1.29757923060348e-07	-1.29757923060348e-07
107.320999984145	0.08	-0.08	2.77236875196542e-07	6.58186848298931e-08	-6.58186848298931e-08
107.460999984741	0.06	-0.06	2.81756597647045e-07	4.99906304373079e-08	-4.99906304373079e-08
107.540999968052	0.02	-0.02	3.54325840223736e-07	7.99711978663543e-08	-7.99711978663543e-08
107.601000000238	0.04	-0.04	1.92040607731552e-07	5.7280336899399e-08	-5.7280336899399e-08
107.680999983549	0.04	-0.04	2.74918438538215e-07	5.44368219709496e-08	-5.44368219709496e-08
107.76099996686	0.04	-0.04	2.7199776962105e-07	6.24818023769065e-08	-6.24818023769065e-08
107.880999986529	0.08	-0.08	3.21238280977936e-07	6.91653201000972e-08	-6.91653201000972e-08
108.000999976397	0.04	-0.04	6.53282138007945e-07	1.42744726240498e-07	-1.42744726240498e-07
108.08099998951	0.04	-0.04	9.57196230097134e-07	2.13147481690975e-07	-2.13147481690975e-07
108.200999979377	0.08	-0.08	1.18816121068543e-06	2.4103702488429e-07	-2.4103702488429e-07
108.320999969244	0.04	-0.04	2.66513834561243e-06	5.98837733789162e-07	-5.98837733789162e-07
108.54099998792	0.06	-0.06	5.14274760842767e-06	1.2491180179199e-06	-1.2491180179199e-06
108.720999985139	0.12	-0.12	1.9221134310754e-06	3.83663712854959e-07	-3.83663712854959e-07
108.900999982357	0.06	-0.06	1.11100281039661e-06	2.21170801018687e-07	-2.21170801018687e-07
109.020999987125	0.06	-0.06	4.59479147406602e-07	1.23649963025115e-07	-1.23649963025115e-07
109.140999972026	0.06	-0.06	3.16249588627959e-07	6.73176440218112e-08	-6.73176440218112e-08
109.260999976794	0.06	-0.06	3.89444810874113e-07	8.64321262444137e-08	-8.64321262444137e-08
109.560999983748	0.24	-0.24	4.97966046123967e-07	9.59379407008511e-08	-9.59379407008511e-08
109.920999983152	0.12	-0.12	1.76559317692957e-06	3.59821137417262e-07	-3.59821137417262e-07
110.100999990304	0.06	-0.06	3.95142075260422e-06	7.990549946363e-07	-7.990549946363e-07
110.320999969244	0.04	-0.04	4.55529626784457e-06	9.32435809969571e-07	-9.32435809969571e-07
110.480999985536	0.12	-0.12	1.53529862222504e-06	3.37250616036459e-07	-3.37250616036459e-07
110.640999991894	0.04	-0.04	1.52319010043752e-06	3.62019814152271e-07	-3.62019814152271e-07
110.880999983549	0.2	-0.2	2.39224014249217e-07	8.42650367899173e-08	-8.42650367899173e-08
111.180999977589	0.1	-0.1	2.196729021843e-07	5.11169802410776e-08	-5.11169802410776e-08
111.380999977589	0.1	-0.1	2.3846725148784e-07	4.07150129460262e-08	-4.07150129460262e-08
111.520999987125	0.04	-0.04	2.71914229777772e-07	6.60480574410474e-08	-6.60480574410474e-08
111.620999991099	0.06	-0.06	2.73051205033299e-07	5.56161681413118e-08	-5.56161681413118e-08
111.800999978383	0.12	-0.12	2.81733526289775e-07	1.00049518435291e-07	-1.00049518435291e-07
112.04099998792	0.12	-0.12	2.00939414037846e-06	3.8721559201994e-07	-3.8721559201994e-07
112.180999953747	0.02	-0.02	8.14271632182157e-06	2.00415435938767e-06	-2.00415435938767e-06
112.240999985933	0.04	-0.04	8.16121831027879e-06	1.9043682443404e-06	-1.9043682443404e-06
112.360999975801	0.08	-0.08	1.09672371724669e-05	2.63924502031376e-06	-2.63924502031376e-06
112.48099999547	0.04	-0.04	2.6610335487529e-05	6.07507654632383e-06	-6.07507654632383e-06
112.600999985337	0.08	-0.08	1.4239967807381e-05	3.69062429325575e-06	-3.69062429325575e-06
112.720999975204	0.04	-0.04	2.00551528628532e-05	4.80987081770759e-06	-4.80987081770759e-06
113.000999981364	0.24	-0.24	6.14097139022278e-06	1.40923174808839e-06	-1.40923174808839e-06
113.400999982357	0.16	-0.16	4.72381270174811e-06	1.15503140597472e-06	-1.15503140597472e-06
113.58099998951	0.02	-0.02	1.14970447424154e-05	2.79075838599738e-06	-2.79075838599738e-06
113.900999982357	0.3	-0.3	1.9334027016113e-06	5.49576359481779e-07	-5.49576359481779e-07
114.260999976794	0.06	-0.06	6.35153129021671e-06	1.55108146856718e-06	-1.55108146856718e-06
114.400999982357	0.08	-0.08	2.79586159461561e-06	1.37603638991006e-06	-1.37603638991006e-06
114.560999993682	0.08	-0.08	6.39822183332025e-06	1.53178792682053e-06	-1.53178792682053e-06
114.720999975204	0.08	-0.08	4.33180648081342e-06	1.61713794581371e-06	-1.61713794581371e-06
114.860999980768	0.06	-0.06	8.62944909446725e-06	2.03763927913384e-06	-2.03763927913384e-06
115.000999991298	0.08	-0.08	7.66987699920096e-06	1.91286482265783e-06	-1.91286482265783e-06
115.20099997441	0.12	-0.12	8.86056258301619e-06	1.6997590209582e-06	-1.6997590209582e-06
115.440999983946	0.12	-0.12	3.94532863797075e-06	1.14429414052687e-06	-1.14429414052687e-06
115.700999985763	0.14	-0.14	2.56797704780432e-06	5.73669761358011e-07	-5.73669761358011e-07
115.880999971628	0.04	-0.04	2.84493451450235e-06	7.02637350492386e-07	-7.02637350492386e-07
115.960999984741	0.04	-0.04	2.37449786734385e-06	5.86199139994229e-07	-5.86199139994229e-07
116.060999988715	0.06	-0.06	1.21694848257134e-06	3.79724481134018e-07	-3.79724481134018e-07
116.180999973615	0.06	-0.06	1.47375883907927e-06	2.89786686323778e-07	-2.89786686323778e-07
116.300999978383	0.06	-0.06	8.38548153728545e-07	1.80874448069088e-07	-1.80874448069088e-07
116.420999983152	0.06	-0.06	3.54586259016588e-07	9.82236352030042e-08	-9.82236352030042e-08
116.520999987125	0.04	-0.04	3.35275533623746e-07	7.69069930942046e-08	-7.69069930942046e-08
116.601000000238	0.04	-0.04	4.65206918959098e-07	8.97612552311072e-08	-8.97612552311072e-08
116.680999983549	0.04	-0.04	1.1596756931934e-06	3.0507185985397e-07	-3.0507185985397e-07
116.76099996686	0.04	-0.04	4.7871514912991e-06	9.87978971024647e-07	-9.87978971024647e-07
116.840999979973	0.04	-0.04	1.1032899081101e-05	2.78410171233055e-06	-2.78410171233055e-06
116.920999993086	0.04	-0.04	5.94427046522635e-06	1.4366756295283e-06	-1.4366756295283e-06
117.000999976397	0.04	-0.04	3.76072954637132e-06	7.76906469255204e-07	-7.76906469255204e-07
117.100999990304	0.06	-0.06	1.28479962836582e-06	2.81750332553123e-07	-2.81750332553123e-07
117.220999975204	0.06	-0.06	8.47300242162239e-07	2.65854138021346e-07	-2.65854138021346e-07
117.380999977589	0.1	-0.1	1.82513953189094e-06	4.28974708073317e-07	-4.28974708073317e-07
117.501000006199	0.02	-0.02	7.05356937930881e-06	1.71677368870057e-06	-1.71677368870057e-06
117.540999968052	0.02	-0.02	6.76810523920967e-06	2.02750535954199e-06	-2.02750535954199e-06
117.58099998951	0.02	-0.02	8.87074948755598e-06	2.15639248814367e-06	-2.15639248814367e-06
117.640999991894	0.04	-0.04	6.57178763718399e-06	1.52205836737284e-06	-1.52205836737284e-06
117.720999975204	0.04	-0.04	4.72381814638392e-06	1.52518542757429e-06	-1.52518542757429e-06
117.800999988317	0.04	-0.04	7.89568901131912e-06	1.61409069944959e-06	-1.61409069944959e-06
117.880999971628	0.04	-0.04	4.60745901643668e-06	1.60243727096468e-06	-1.60243727096468e-06
117.960999984741	0.04	-0.04	6.97731543961564e-06	1.59178802417412e-06	-1.59178802417412e-06
118.060999988715	0.06	-0.06	4.11178344771555e-06	1.18444932758447e-06	-1.18444932758447e-06
118.140999991894	0.02	-0.02	5.84926405153955e-06	1.42561110444123e-06	-1.42561110444123e-06
118.200999964476	0.04	-0.04	3.34971851759146e-06	7.86722684990231e-07	-7.86722684990231e-07
118.280999977589	0.04	-0.04	2.12416945973937e-06	5.81776309021326e-07	-5.81776309021326e-07
118.340999979973	0.02	-0.02	3.75154801930645e-06	6.05296821007756e-07	-6.05296821007756e-07
118.400999982357	0.04	-0.04	1.49304383269767e-06	3.2982544899985e-07	-3.2982544899985e-07
118.500999986331	0.06	-0.06	1.18617215266994e-06	2.60086988577825e-07	-2.60086988577825e-07
118.58099998951	0.02	-0.02	2.10630269862397e-06	4.67799067416476e-07	-4.67799067416476e-07
118.621000010967	0.02	-0.02	1.61826666684349e-06	4.74928518666299e-07	-4.74928518666299e-07
118.66099997282	0.02	-0.02	2.20437440254038e-06	5.15510790767756e-07	-5.15510790767756e-07
118.700999994278	0.02	-0.02	1.39204793527507e-06	5.02322139837807e-07	-5.02322139837807e-07
118.740999956131	0.02	-0.02	2.52194550225471e-06	5.77728947394937e-07	-5.77728947394937e-07
118.820999979178	0.06	-0.06	1.51440999676756e-06	3.52795445756114e-07	-3.52795445756114e-07
118.900999982357	0.02	-0.02	4.10901033116227e-06	8.21054290936494e-07	-8.21054290936494e-07
118.960999984741	0.04	-0.04	3.47861208789002e-06	7.44771565236623e-07	-7.44771565236623e-07
119.040999997854	0.04	-0.04	4.50270096619117e-06	1.11480439375489e-06	-1.11480439375489e-06
119.120999981165	0.04	-0.04	7.60804533420439e-06	1.51680035466574e-06	-1.51680035466574e-06
119.200999964476	0.04	-0.04	8.41271500245126e-06	2.06513649228259e-06	-2.06513649228259e-06
119.280999977589	0.04	-0.04	1.11733647998162e-05	2.64865837176587e-06	-2.64865837176587e-06
119.400999982357	0.08	-0.08	8.57625495124925e-06	2.75140186156819e-06	-2.75140186156819e-06
119.520999987125	0.04	-0.04	2.47703387654291e-05	5.64669842268156e-06	-5.64669842268156e-06
119.640999991894	0.08	-0.08	2.27447813021362e-05	5.64614732767796e-06	-5.64614732767796e-06
119.840999979973	0.12	-0.12	3.41556886285862e-05	8.65033591929793e-06	-8.65033591929793e-06
120.080999979575	0.12	-0.12	3.49076258013093e-05	8.71654475525253e-06	-8.71654475525253e-06
120.220999975204	0.02	-0.02	6.30090325214691e-05	1.4964086252263e-05	-1.4964086252263e-05
120.280999977589	0.04	-0.04	1.78578265667542e-05	8.85861569500163e-06	-8.85861569500163e-06
120.360999990702	0.04	-0.04	3.37668778499039e-05	7.57615598462836e-06	-7.57615598462836e-06
120.520999987125	0.12	-0.12	8.27611003135894e-06	2.78974900947526e-06	-2.78974900947526e-06
120.66099997282	0.02	-0.02	1.93438364898014e-05	4.82531066546992e-06	-4.82531066546992e-06
120.700999994278	0.02	-0.02	2.0923114625472e-05	4.34484369344807e-06	-4.34484369344807e-06
120.840999979973	0.12	-0.12	4.28902290972842e-06	1.21473221863828e-06	-1.21473221863828e-06
121.020999987125	0.06	-0.06	4.52504872469875e-06	1.10278011384841e-06	-1.10278011384841e-06
121.260999976794	0.18	-0.18	1.75602001065475e-06	3.7154851036071e-07	-3.7154851036071e-07
121.48099999547	0.04	-0.04	2.01756647835451e-06	4.8245482757312e-07	-4.8245482757312e-07
121.680999983549	0.16	-0.16	7.38734615892235e-07	1.65213638601653e-07	-1.65213638601653e-07
121.920999978185	0.08	-0.08	6.05834878358257e-07	1.47497553384813e-07	-1.47497553384813e-07
122.44099998214	0.44	-0.44	9.84505185209828e-08	2.37268316255292e-08	-2.37268316255292e-08
123.320999982791	0.44	-0.44	1.09755764063231e-07	2.74239519544871e-08	-2.74239519544871e-08
124.200999983441	0.44	-0.44	1.11619761641812e-07	3.09759544864113e-08	-3.09759544864113e-08
125.120999981165	0.48	-0.48	1.4273920037661e-07	3.48415460827038e-08	-3.48415460827038e-08
125.900999982357	0.3	-0.3	2.06838593617153e-07	5.00176282365281e-08	-5.00176282365281e-08
127.96099998271	1.76	-1.76	1.57949970539068e-07	2.90361199191325e-08	-2.90361199191325e-08
137.000999982291	7.27999999999993	-7.27999999999993	3.04068500093576e-07	6.28049061082364e-08	-6.28049061082364e-08
