READ TERR 1 2
! xrtwtslewflux
78.0927705198452	1.29329247664526	-1.50524051973845	7.37794525027797e-10	1.10219845539858e-10	-1.10115302631339e-10
82.8702078595428	4.34486322257237	-3.48414486305232	2.83014978398545e-10	3.85135014571132e-11	-3.85134974831876e-11
NO NO NO NO NO NO
! xrtwtflux
94.930	0.761	-0.786	9.12653045167673e-10	1.42114567556922e-10	-1.42114536853367e-10
97.331	1.268	-1.639	5.96360314593194e-10	9.28627317180996e-11	-9.28627317180996e-11
100.178	1.570	-1.58	7.20163545686636e-10	1.07355753098592e-10	-1.07355753098592e-10
102.852	1.057	-1.104	1.28137352532059e-09	1.95207430977075e-10	-1.95207371751537e-10
104.645	0.618	-0.736	2.30132961642388e-09	3.58353571599607e-10	-3.58353436127944e-10
105.798	0.592	-0.535	2.54108408546314e-09	3.95687177359576e-10	-3.95687052710079e-10
106.810	0.363	-0.419	3.51784156968884e-09	5.24409524666853e-10	-5.24409350739114e-10
107.736	0.545	-0.562	2.31538871810474e-09	3.60542825392443e-10	-3.60542713960764e-10
109.201	0.843	-0.92	1.42603112153269e-09	2.12580432917555e-10	-2.12580379985195e-10
110.530	0.512	-0.486	2.82122744563717e-09	4.20564289962462e-10	-4.20564171399482e-10
111.550	0.464	-0.509	3.27499290312172e-09	4.98920097202962e-10	-4.98919960837056e-10
112.540	0.519	-0.525	3.31422564337115e-09	4.94056201627915e-10	-4.94056055894018e-10
113.706	0.509	-0.647	2.61509798127343e-09	4.07212270276115e-10	-4.07212204515842e-10
114.807	0.651	-0.591	2.25758901492502e-09	3.4392632922364e-10	-3.43926269452226e-10
116.163	0.652	-0.706	2.0104704729374e-09	3.20061372173297e-10	-3.20061313354142e-10
117.460	0.538	-0.645	2.38795391855125e-09	3.55975609518065e-10	-3.55975493551783e-10
118.531	0.554	-0.533	2.42436984782513e-09	3.94668121847419e-10	-3.94668064085104e-10
119.907	0.720	-0.822	1.71865378708498e-09	2.73604951694431e-10	-2.73604894559739e-10
121.332	0.920	-0.704	1.52242682226713e-09	2.37066048780863e-10	-2.37065996359181e-10
123.070	0.620	-0.818	1.55090104362968e-09	2.4149992737994e-10	-2.41499832858681e-10
124.395	0.556	-0.706	2.08379669938012e-09	3.17450443727973e-10	-3.17450334093844e-10
125.574	0.636	-0.623	2.4675738236445e-09	3.67844637665156e-10	-3.67844509734169e-10
126.970	0.765	-0.76	2.02371084917829e-09	3.4473128576873e-10	-3.44731213981598e-10
128.480	0.990	-0.745	2.02393847536064e-09	3.01711353157598e-10	-3.01711279273838e-10
130.147	0.725	-0.677	2.54305642552284e-09	3.87415079711439e-10	-3.87415003471635e-10
131.529	0.474	-0.658	2.92252064956807e-09	4.45223629895234e-10	-4.45223488462265e-10
132.660	0.678	-0.656	2.33101820217231e-09	3.55112703570795e-10	-3.55112637056326e-10
134.114	0.723	-0.777	1.98111851529336e-09	3.01808266275167e-10	-3.0180813919506e-10
135.464	0.622	-0.627	2.34506736791371e-09	3.57253031910396e-10	-3.57252969277609e-10
137.031	0.908	-0.944	1.57822083887301e-09	2.40429842668216e-10	-2.40429780196238e-10
138.613	0.619	-0.675	2.31790755382865e-09	3.53115429204265e-10	-3.53115365142152e-10
139.987	0.821	-0.755	1.86388598676405e-09	2.96725505009925e-10	-2.9672544013147e-10
141.842	0.823	-1.034	1.4358289375433e-09	2.28579998528368e-10	-2.28579998528368e-10
143.473	0.895	-0.807	1.4400624668176e-09	2.29253964230314e-10	-2.2925391008876e-10
145.100	0.862	-0.732	1.80716320310368e-09	2.75307465096237e-10	-2.7530740353943e-10
146.822	0.752	-0.86	2.02992180066924e-09	3.16091039639316e-10	-3.16090968570042e-10
148.240	0.641	-0.665	2.45555047633869e-09	3.74084284260871e-10	-3.74084215723642e-10
149.689	0.819	-0.809	1.7950537173376e-09	2.67591136443136e-10	-2.67591074981891e-10
151.424	0.851	-0.916	1.52436983098186e-09	2.27239914940866e-10	-2.27239858296954e-10
153.214	1.029	-0.939	1.34944944930318e-09	2.01164289612903e-10	-2.01164233761952e-10
155.388	0.875	-1.146	1.24148004965108e-09	1.89129981295768e-10	-1.89129927667356e-10
156.685	0.425	-0.422	2.84340501686579e-09	4.33170923746855e-10	-4.33170820817124e-10
158.167	0.954	-1.057	1.18596562451253e-09	1.80672703999617e-10	-1.80672703999617e-10
160.153	0.983	-1.033	1.25111941116668e-09	1.86506065446078e-10	-1.86506012399794e-10
162.395	1.677	-1.259	8.10139363531341e-10	1.28971966547254e-10	-1.28971914017277e-10
165.970	2.648	-1.898	4.45447024592138e-10	7.58801646552329e-11	-7.58801646552329e-11
170.457	1.756	-1.839	3.37010586583681e-10	6.79528879024621e-11	-6.79528879024621e-11
175.306	2.735	-3.093	1.71290113650826e-10	3.69973314583416e-11	-3.69972956918081e-11
182.106	3.739	-4.064	1.72631759447485e-10	3.15181337534247e-11	-3.15181252534964e-11
191.310	3.840	-5.465	1.43669698642415e-10	2.71004405014059e-11	-2.71004362514417e-11
200.066	6.893	-4.917	9.63559525704126e-11	2.23487043158852e-11	-2.23487000659211e-11
NO NO NO NO NO NO
! xrtpcflux
222.533	13.149	-9.417	9.91868507453261e-11	2.07691907276164e-11	-2.07691907276164e-11
249.757	18.520	-14.075	7.07767609568705e-11	1.51339914169682e-11	-1.51339914169682e-11
287.835	15.544	-19.558	6.50098576960093e-11	1.46309375777886e-11	-1.46309375777886e-11
329.857	26.176	-26.478	4.42352174868559e-11	9.69756040512217e-12	-9.69756040512217e-12
376.788	19.363	-20.754	5.0339135331409e-11	1.13291847286627e-11	-1.13291847286627e-11
419.774	19.001	-23.624	5.28006559701992e-11	1.08507320746395e-11	-1.08507320746395e-11
473.188	30.777	-34.413	3.0242679042479e-11	6.4572194788644e-12	-6.4572194788644e-12
531.595	22.516	-27.63	3.69833518419798e-11	7.94304816996812e-12	-7.94304816996812e-12
590.861	33.455	-36.75	2.34097974566164e-11	5.25151231832619e-12	-5.25151231832619e-12
650.280	24.179	-25.964	3.40181386871329e-11	7.50396426094951e-12	-7.50396426094951e-12
4111.497	124.248	-141.528	2.8638133684346e-12	7.47610825519216e-13	-7.47610825519216e-13
4373.120	115.864	-137.376	2.99796427830964e-12	7.84208308735069e-13	-7.84208308735069e-13
4600.756	131.438	-111.772	3.12456500796662e-12	8.14861865191362e-13	-8.14861865191362e-13
4862.226	95.627	-130.032	3.34687888095542e-12	8.74596377848877e-13	-8.74596377848877e-13
5123.742	192.657	-165.889	2.08707595111586e-12	5.50931856107143e-13	-5.50931856107143e-13
5441.714	120.402	-125.315	3.07985511704786e-12	8.05629248168948e-13	-8.05629248168948e-13
5671.719	126.084	-109.603	3.22566200429599e-12	8.40383300888459e-13	-8.40383300888459e-13
6101.367	313.219	-303.564	1.37679349571285e-12	3.47644354029659e-13	-3.47644354029659e-13
10795.199	1359.982	-1210.196	1.18401110852436e-12	2.69968447118776e-13	-2.69968447118776e-13
20741.169	13561.113	-4362.462	4.06302071897649e-13	9.01217452150868e-14	-9.01217452150868e-14
NO NO NO NO NO NO
! batSNR4flux
0.301000018119812	0.02	-0.02	1.81314969523412e-08	3.7439039500253e-09	-3.7439039500253e-09
0.361000020503998	0.04	-0.04	8.19582228607544e-09	2.27317796498844e-09	-2.27317796498844e-09
0.441000003814697	0.04	-0.04	8.3054555553503e-09	2.01369659769323e-09	-2.01369659769323e-09
0.541000027656555	0.06	-0.06	7.08115018247811e-09	1.18678875536423e-09	-1.18678875536423e-09
0.621000070571899	0.02	-0.02	7.30730766470584e-09	1.71292592406478e-09	-1.71292592406478e-09
0.68100001335144	0.04	-0.04	5.35275744438327e-09	1.02667744226957e-09	-1.02667744226957e-09
0.781000037193298	0.06	-0.06	3.28555526363306e-09	5.76590810486447e-10	-5.76590810486447e-10
0.861000080108643	0.02	-0.02	3.76925094510899e-09	8.73181387479812e-10	-8.73181387479812e-10
0.921000022888184	0.04	-0.04	1.8719465884378e-09	5.01646766489364e-10	-5.01646766489364e-10
0.981000084877014	0.02	-0.02	2.38550839732163e-09	5.74983196905229e-10	-5.74983196905229e-10
1.02100004673004	0.02	-0.02	2.01559995567241e-09	5.52195298364457e-10	-5.52195298364457e-10
1.06100000858307	0.02	-0.02	2.08763876006851e-09	5.18736455678908e-10	-5.18736455678908e-10
1.10100008964539	0.02	-0.02	2.34364866286734e-09	5.54033538421849e-10	-5.54033538421849e-10
1.14100005149841	0.02	-0.02	2.1579780052354e-09	6.92793239436423e-10	-6.92793239436423e-10
1.18100001335144	0.02	-0.02	2.82613029327543e-09	6.96779810498947e-10	-6.96779810498947e-10
1.24100007534027	0.04	-0.04	2.04882586062392e-09	6.55984686161157e-10	-6.55984686161157e-10
1.30100001811981	0.02	-0.02	6.27375395698705e-09	1.34497338700498e-09	-1.34497338700498e-09
1.361000020504	0.04	-0.04	6.39793865222296e-09	1.40751717666729e-09	-1.40751717666729e-09
1.42100002288818	0.02	-0.02	1.55519692921333e-08	2.78293367950627e-09	-2.78293367950627e-09
1.46099998474121	0.02	-0.02	1.49415144111882e-08	3.57977671320638e-09	-3.57977671320638e-09
1.50100006580353	0.02	-0.02	1.58894932724154e-08	3.86007710126431e-09	-3.86007710126431e-09
1.54100002765656	0.02	-0.02	1.92757400927961e-08	5.02652824469284e-09	-5.02652824469284e-09
1.58099998950958	0.02	-0.02	2.92587117243165e-08	6.46533959331546e-09	-6.46533959331546e-09
1.6210000705719	0.02	-0.02	3.82680472788434e-08	8.18930449624256e-09	-8.18930449624256e-09
1.66100003242493	0.02	-0.02	5.69338108266004e-08	1.02381392374916e-08	-1.02381392374916e-08
1.70099999427795	0.02	-0.02	6.11022028066497e-08	1.15179551378411e-08	-1.15179551378411e-08
1.74100007534027	0.02	-0.02	9.51684786893835e-08	1.43437255667415e-08	-1.43437255667415e-08
1.7810000371933	0.02	-0.02	9.41498053635788e-08	1.72351223410621e-08	-1.72351223410621e-08
1.84100003957748	0.04	-0.04	6.031591882455e-08	1.40950847919975e-08	-1.40950847919975e-08
1.96100004434586	0.08	-0.08	2.1902326851008e-08	6.40146095572875e-09	-6.40146095572875e-09
2.06100000858307	0.02	-0.02	5.15334744826076e-08	1.04670348119694e-08	-1.04670348119694e-08
2.10100008964539	0.02	-0.02	4.06090732970904e-08	8.30907040113168e-09	-8.30907040113168e-09
2.14100005149841	0.02	-0.02	2.09468131277396e-08	7.47413404999252e-09	-7.47413404999252e-09
2.18100001335144	0.02	-0.02	2.9819771719358e-08	6.60107392034052e-09	-6.60107392034052e-09
2.22100009441376	0.02	-0.02	2.0279588278417e-08	5.78680580036221e-09	-5.78680580036221e-09
2.26100005626678	0.02	-0.02	2.41068299464953e-08	5.18800967066631e-09	-5.18800967066631e-09
2.30100001811981	0.02	-0.02	2.26282769449528e-08	4.50935268945732e-09	-4.50935268945732e-09
2.34099997997284	0.02	-0.02	1.26249493533981e-08	4.05813101373977e-09	-4.05813101373977e-09
2.38100006103516	0.02	-0.02	1.49000786658091e-08	3.71208491964495e-09	-3.71208491964495e-09
2.42100002288818	0.02	-0.02	1.41634377277595e-08	3.2574143782649e-09	-3.2574143782649e-09
2.5010000260671	0.06	-0.06	7.9542619316939e-09	1.34314211804127e-09	-1.34314211804127e-09
2.58099998950958	0.02	-0.02	8.22192817317226e-09	1.87792234809586e-09	-1.87792234809586e-09
2.6210000705719	0.02	-0.02	1.02193640145657e-08	1.77317513918604e-09	-1.77317513918604e-09
2.66100003242493	0.02	-0.02	7.91157137893324e-09	1.8910211996472e-09	-1.8910211996472e-09
2.72100003480911	0.04	-0.04	4.45443141110644e-09	1.5146476170388e-09	-1.5146476170388e-09
2.80100001811981	0.04	-0.04	9.1711725744959e-09	1.85001235011361e-09	-1.85001235011361e-09
2.88100006103516	0.04	-0.04	1.26895018290165e-08	2.79275223417644e-09	-2.79275223417644e-09
2.9410000038147	0.02	-0.02	2.28691174557969e-08	5.239692967306e-09	-5.239692967306e-09
3.02100004673004	0.06	-0.06	2.35392636545927e-08	4.00336108523925e-09	-4.00336108523925e-09
3.10100008964539	0.02	-0.02	5.42759957308836e-08	1.12039855624957e-08	-1.12039855624957e-08
3.14100005149841	0.02	-0.02	6.89275190040955e-08	1.31816021812625e-08	-1.31816021812625e-08
3.18100001335144	0.02	-0.02	9.34658599382377e-08	1.52335851288575e-08	-1.52335851288575e-08
3.22100009441376	0.02	-0.02	1.0275918551597e-07	1.63979817626723e-08	-1.63979817626723e-08
3.26100005626678	0.02	-0.02	6.0406944191108e-08	1.26132152350865e-08	-1.26132152350865e-08
3.30100001811981	0.02	-0.02	6.47104279087193e-08	9.74581813647696e-09	-9.74581813647696e-09
3.34099997997284	0.02	-0.02	2.54331732846705e-08	7.50557619949219e-09	-7.50557619949219e-09
3.38100006103516	0.02	-0.02	2.68338327630894e-08	5.77662990594246e-09	-5.77662990594246e-09
3.42100002288818	0.02	-0.02	2.79436975569161e-08	4.65923249776881e-09	-4.65923249776881e-09
3.46099998474121	0.02	-0.02	1.38381692202477e-08	3.34872130943653e-09	-3.34872130943653e-09
3.50100006580353	0.02	-0.02	1.64054577408375e-08	3.32437061732324e-09	-3.32437061732324e-09
3.54100002765656	0.02	-0.02	1.15596865022013e-08	4.71840534529012e-09	-4.71840534529012e-09
3.58099998950958	0.02	-0.02	3.12153932955421e-08	6.5952396310856e-09	-6.5952396310856e-09
3.6210000705719	0.02	-0.02	4.41619698994668e-08	9.78926667925099e-09	-9.78926667925099e-09
3.66100003242493	0.02	-0.02	6.61012408136017e-08	1.43776237562419e-08	-1.43776237562419e-08
3.70099999427795	0.02	-0.02	1.22637739678722e-07	2.31329343098185e-08	-2.31329343098185e-08
3.74100007534027	0.02	-0.02	2.30739753852302e-07	3.55654799754783e-08	-3.55654799754783e-08
3.7810000371933	0.02	-0.02	2.18503629285971e-07	3.29900596706956e-08	-3.29900596706956e-08
3.82099999904633	0.02	-0.02	1.1765193787639e-07	2.42468676384318e-08	-2.42468676384318e-08
3.86100008010864	0.02	-0.02	6.03404824655201e-08	1.83960011209426e-08	-1.83960011209426e-08
3.90100004196167	0.02	-0.02	6.72156457993734e-08	1.45825826447968e-08	-1.45825826447968e-08
3.9410000038147	0.02	-0.02	4.85034701058758e-08	1.08628485446973e-08	-1.08628485446973e-08
3.98100008487701	0.02	-0.02	4.79370933025463e-08	7.94765717643541e-09	-7.94765717643541e-09
4.02100004673004	0.02	-0.02	3.2792001052824e-08	6.10746829288104e-09	-6.10746829288104e-09
4.06100000858307	0.02	-0.02	2.26270308837157e-08	5.41335950425644e-09	-5.41335950425644e-09
4.10100008964539	0.02	-0.02	1.38333838594643e-08	3.78301245812546e-09	-3.78301245812546e-09
4.14100005149841	0.02	-0.02	1.89272938200468e-08	3.95983925412779e-09	-3.95983925412779e-09
4.2010000538826	0.04	-0.04	1.50757716872159e-08	3.17008445097732e-09	-3.17008445097732e-09
4.26100005626678	0.02	-0.02	3.31032005207038e-08	5.38572149219491e-09	-5.38572149219491e-09
4.30100001811981	0.02	-0.02	2.51238101185057e-08	6.02125909680595e-09	-6.02125909680595e-09
4.34099997997284	0.02	-0.02	1.97974375451161e-08	7.11876074270235e-09	-7.11876074270235e-09
4.38100006103516	0.02	-0.02	4.62366461936316e-08	7.95478122203899e-09	-7.95478122203899e-09
4.42100002288818	0.02	-0.02	5.49193955355083e-08	9.30778066063026e-09	-9.30778066063026e-09
4.46099998474121	0.02	-0.02	7.19878313344076e-08	1.06151348252091e-08	-1.06151348252091e-08
4.50100006580353	0.02	-0.02	5.17556388478657e-08	1.17919406334023e-08	-1.17919406334023e-08
4.54100002765655	0.02	-0.02	4.29494402307815e-08	1.18960057425021e-08	-1.18960057425021e-08
4.58099998950958	0.02	-0.02	3.12378425826916e-08	6.94697573282032e-09	-6.94697573282032e-09
4.64100005149841	0.04	-0.04	1.37009571222194e-08	2.46387810866036e-09	-2.46387810866036e-09
4.70099999427795	0.02	-0.02	7.60276236667201e-09	1.60004015392366e-09	-1.60004015392366e-09
4.74100007534027	0.02	-0.02	3.92389799670708e-09	9.34724383842752e-10	-9.34724383842752e-10
4.7810000371933	0.02	-0.02	2.73747515109765e-09	5.66750205504953e-10	-5.66750205504953e-10
4.82099999904633	0.02	-0.02	1.95551276209582e-09	4.78245070620153e-10	-4.78245070620153e-10
4.86100008010864	0.02	-0.02	3.38281979047174e-09	8.14255749568435e-10	-8.14255749568435e-10
4.90100004196167	0.02	-0.02	7.95734955114562e-09	1.45345638454706e-09	-1.45345638454706e-09
4.9410000038147	0.02	-0.02	1.14066508032415e-08	2.6119417206934e-09	-2.6119417206934e-09
4.98100008487701	0.02	-0.02	2.28515832751543e-08	4.67396821669325e-09	-4.67396821669325e-09
5.02100004673004	0.02	-0.02	3.17962216008569e-08	8.28564940633802e-09	-8.28564940633802e-09
5.06100000858307	0.02	-0.02	6.69450135651286e-08	1.55088481980705e-08	-1.55088481980705e-08
5.10100008964539	0.02	-0.02	1.29352714669507e-07	2.55434396202027e-08	-2.55434396202027e-08
5.14100005149841	0.02	-0.02	1.29784932651701e-07	2.9912626946532e-08	-2.9912626946532e-08
5.18100001335144	0.02	-0.02	1.02997057282849e-07	2.65977270680167e-08	-2.65977270680167e-08
5.22100009441376	0.02	-0.02	1.34986739680986e-07	2.86890042047524e-08	-2.86890042047524e-08
5.26100005626678	0.02	-0.02	9.10433991141741e-08	2.59836515832013e-08	-2.59836515832013e-08
5.30100001811981	0.02	-0.02	1.55886646626321e-07	2.57756540393377e-08	-2.57756540393377e-08
5.34099997997284	0.02	-0.02	1.26182665391661e-07	2.62429996952558e-08	-2.62429996952558e-08
5.38100006103516	0.02	-0.02	8.63951928228837e-08	2.18341962072625e-08	-2.18341962072625e-08
5.42100002288818	0.02	-0.02	1.18133621727501e-07	2.09696498230274e-08	-2.09696498230274e-08
5.48100002527237	0.04	-0.04	5.4127413821423e-08	1.17371509990804e-08	-1.17371509990804e-08
5.62100002288818	0.1	-0.1	2.9597420430482e-08	5.54548493952676e-09	-5.54548493952676e-09
5.74100007534027	0.02	-0.02	4.40202972311792e-08	9.91378522211532e-09	-9.91378522211532e-09
5.80100001811981	0.04	-0.04	1.7329586354805e-08	7.83208232403224e-09	-7.83208232403224e-09
5.88100006103516	0.04	-0.04	4.59026089917485e-08	1.03715332896905e-08	-1.03715332896905e-08
5.96100004434586	0.04	-0.04	2.74856649355271e-08	1.34678966589569e-08	-1.34678966589569e-08
6.04100002765655	0.04	-0.04	8.1149427860944e-08	1.83797040849854e-08	-1.83797040849854e-08
6.1210000705719	0.04	-0.04	1.19284384162434e-07	2.40372889229267e-08	-2.40372889229267e-08
6.18100001335144	0.02	-0.02	1.99400488815095e-07	4.61368429373537e-08	-4.61368429373537e-08
6.22100009441376	0.02	-0.02	1.36576098600631e-07	4.97712027289196e-08	-4.97712027289196e-08
6.26100005626678	0.02	-0.02	2.19895825938728e-07	4.2315229477403e-08	-4.2315229477403e-08
6.40100004196167	0.04	-0.04	5.64722882408049e-08	1.29880596910891e-08	-1.29880596910891e-08
6.48100002527237	0.04	-0.04	2.99813401954003e-08	8.94315023295165e-09	-8.94315023295165e-09
6.54100002765655	0.02	-0.02	4.86809661472084e-08	9.45105634220599e-09	-9.45105634220599e-09
6.58099998950958	0.02	-0.02	3.15828982008051e-08	7.79838485739282e-09	-7.79838485739282e-09
6.64100005149841	0.04	-0.04	1.85618879463446e-08	3.71786504639102e-09	-3.71786504639102e-09
6.72100003480911	0.04	-0.04	1.02017767574523e-08	2.41492028237733e-09	-2.41492028237733e-09
6.82100003878276	0.06	-0.06	1.43286653276688e-08	2.82995237823681e-09	-2.82995237823681e-09
6.90100004196167	0.02	-0.02	2.60853888856783e-08	5.71548965901433e-09	-5.71548965901433e-09
6.96100004434586	0.04	-0.04	1.56936612764805e-08	4.64669869184323e-09	-4.64669869184323e-09
7.02100004673004	0.02	-0.02	3.38943898430949e-08	8.29895534571964e-09	-8.29895534571964e-09
7.06100000858307	0.02	-0.02	4.61791027670737e-08	9.53378604783635e-09	-9.53378604783635e-09
7.14100005149841	0.06	-0.06	2.93097697741025e-08	6.37210034388817e-09	-6.37210034388817e-09
7.22100009441376	0.02	-0.02	7.92463795916284e-08	1.49301109636254e-08	-1.49301109636254e-08
7.26100005626678	0.02	-0.02	4.51620646588364e-08	1.49897416403071e-08	-1.49897416403071e-08
7.30100001811981	0.02	-0.02	7.93993897491312e-08	1.56892893419076e-08	-1.56892893419076e-08
7.34099997997284	0.02	-0.02	7.49219946991195e-08	1.32010006267584e-08	-1.32010006267584e-08
7.40100004196167	0.04	-0.04	3.10956689668943e-08	7.4561100096289e-09	-7.4561100096289e-09
7.48100002527237	0.04	-0.04	1.72402231162986e-08	6.15678332773886e-09	-6.15678332773886e-09
7.54100002765655	0.02	-0.02	8.07077817733554e-08	1.09603350310432e-08	-1.09603350310432e-08
7.58099998950958	0.02	-0.02	3.73370014309623e-08	8.87990225675858e-09	-8.87990225675858e-09
7.6210000705719	0.02	-0.02	3.66769544475621e-08	6.78441271400176e-09	-6.78441271400176e-09
7.66100003242493	0.02	-0.02	1.86884071318056e-08	4.28517938618873e-09	-4.28517938618873e-09
7.70099999427795	0.02	-0.02	1.78402955059766e-08	3.08902039293209e-09	-3.08902039293209e-09
7.74100007534027	0.02	-0.02	1.14005427007024e-08	2.28231905457954e-09	-2.28231905457954e-09
7.7810000371933	0.02	-0.02	1.07151692712247e-08	1.6458780462587e-09	-1.6458780462587e-09
7.82099999904633	0.02	-0.02	7.05823047137611e-09	1.24899150390352e-09	-1.24899150390352e-09
7.86100008010864	0.02	-0.02	8.11574645693745e-09	1.5596241777982e-09	-1.5596241777982e-09
7.90100004196167	0.02	-0.02	1.31277010788484e-08	2.5273854341376e-09	-2.5273854341376e-09
7.9410000038147	0.02	-0.02	2.50178876424874e-08	4.41672259918035e-09	-4.41672259918035e-09
7.98100008487701	0.02	-0.02	3.33075647850046e-08	7.72654510919268e-09	-7.72654510919268e-09
8.02100004673004	0.02	-0.02	7.11576722964073e-08	1.25558914271428e-08	-1.25558914271428e-08
8.06100000858307	0.02	-0.02	8.5129019827253e-08	2.0228836041372e-08	-2.0228836041372e-08
8.10100008964539	0.02	-0.02	1.31389044390442e-07	3.24452314520229e-08	-3.24452314520229e-08
8.14100005149841	0.02	-0.02	3.00156904970548e-07	5.47811847689069e-08	-5.47811847689069e-08
8.18100001335144	0.02	-0.02	2.64883252460202e-07	5.09621095381706e-08	-5.09621095381706e-08
8.22100009441376	0.02	-0.02	1.64488062031258e-07	3.44495894800147e-08	-3.44495894800147e-08
8.26100005626678	0.02	-0.02	9.09976462112501e-08	2.65392108227012e-08	-2.65392108227012e-08
8.30100001811981	0.02	-0.02	8.37535223572752e-08	1.8712509976982e-08	-1.8712509976982e-08
8.34099997997284	0.02	-0.02	4.9353025816411e-08	1.40001011737312e-08	-1.40001011737312e-08
8.38100006103516	0.02	-0.02	5.77053785348967e-08	1.06800704276426e-08	-1.06800704276426e-08
8.42100002288818	0.02	-0.02	3.69920096231109e-08	7.93938405754458e-09	-7.93938405754458e-09
8.46099998474121	0.02	-0.02	2.20574296237587e-08	5.4780031382646e-09	-5.4780031382646e-09
8.52100004673004	0.04	-0.04	1.11451517199698e-08	2.57505699773863e-09	-2.57505699773863e-09
8.58099998950958	0.02	-0.02	9.46596040857827e-09	2.28493712444072e-09	-2.28493712444072e-09
8.6210000705719	0.02	-0.02	8.08121636171068e-09	1.64804383824192e-09	-1.64804383824192e-09
8.66100003242493	0.02	-0.02	6.24090835895187e-09	1.30391439472374e-09	-1.30391439472374e-09
8.70099999427795	0.02	-0.02	4.64687406860564e-09	1.01536939327913e-09	-1.01536939327913e-09
8.76100005626678	0.04	-0.04	4.36824024159214e-09	9.9228119821426e-10	-9.9228119821426e-10
8.90100004196167	0.02	-0.02	1.42555343491633e-08	3.09648916680212e-09	-3.09648916680212e-09
8.9410000038147	0.02	-0.02	2.22729433079513e-08	4.31330013650237e-09	-4.31330013650237e-09
8.98100008487701	0.02	-0.02	2.50982911971907e-08	5.01857361109226e-09	-5.01857361109226e-09
9.04100002765655	0.04	-0.04	2.12314221364317e-08	4.81477300517941e-09	-4.81477300517941e-09
9.10100008964539	0.02	-0.02	4.28083802825546e-08	9.63638958852133e-09	-9.63638958852133e-09
9.14100005149841	0.02	-0.02	3.94821696157574e-08	1.24316114088722e-08	-1.24316114088722e-08
9.18100001335144	0.02	-0.02	7.46210029180009e-08	1.56126297155523e-08	-1.56126297155523e-08
9.22100009441376	0.02	-0.02	8.37066187716106e-08	1.67248366458021e-08	-1.67248366458021e-08
9.26100005626678	0.02	-0.02	3.19766990748674e-08	1.2057155538506e-08	-1.2057155538506e-08
9.30100001811981	0.02	-0.02	4.55219095832429e-08	9.34635493431234e-09	-9.34635493431234e-09
9.361000020504	0.04	-0.04	2.16979964985612e-08	4.4010290559756e-09	-4.4010290559756e-09
9.42100002288818	0.02	-0.02	1.6914592528749e-08	4.19327920328335e-09	-4.19327920328335e-09
9.52100001692772	0.08	-0.08	4.44022299384503e-09	1.02342569794005e-09	-1.02342569794005e-09
9.68100004315376	0.08	-0.08	2.24737428148946e-09	7.79029584988192e-10	-7.79029584988192e-10
9.82100003878275	0.06	-0.06	6.44101871538596e-09	1.26684963592834e-09	-1.26684963592834e-09
9.90100004196167	0.02	-0.02	1.25564977717565e-08	3.06323882539414e-09	-3.06323882539414e-09
9.9410000038147	0.02	-0.02	1.71352624888337e-08	3.88606138782285e-09	-3.88606138782285e-09
9.98100008487701	0.02	-0.02	1.94581722476944e-08	4.11231094753199e-09	-4.11231094753199e-09
10.02100004673	0.02	-0.02	2.8066271527402e-08	4.83047327704611e-09	-4.83047327704611e-09
10.0610000085831	0.02	-0.02	2.51546889362801e-08	5.66965113647307e-09	-5.66965113647307e-09
10.1010000896454	0.02	-0.02	3.50246639777343e-08	6.32600776833935e-09	-6.32600776833935e-09
10.1410000514984	0.02	-0.02	3.44830848293156e-08	6.81833928468639e-09	-6.81833928468639e-09
10.1810000133514	0.02	-0.02	3.05520953329197e-08	7.51325268727678e-09	-7.51325268727678e-09
10.2210000944138	0.02	-0.02	6.44820891335863e-08	9.22135194476316e-09	-9.22135194476316e-09
10.2610000562668	0.02	-0.02	7.66537639173873e-08	1.00143423295586e-08	-1.00143423295586e-08
10.3010000181198	0.02	-0.02	7.92104709293944e-08	9.24306721663026e-09	-9.24306721663026e-09
10.3409999799728	0.02	-0.02	4.88536217572397e-08	7.9351553469022e-09	-7.9351553469022e-09
10.3810000610352	0.02	-0.02	3.33752468489108e-08	7.0058647209725e-09	-7.0058647209725e-09
10.4210000228882	0.02	-0.02	2.4667982269919e-08	5.97508918418417e-09	-5.97508918418417e-09
10.4609999847412	0.02	-0.02	2.73722148122404e-08	5.53437804561446e-09	-5.53437804561446e-09
10.5010000658035	0.02	-0.02	3.71457282196828e-08	5.6982165143889e-09	-5.6982165143889e-09
10.5410000276566	0.02	-0.02	2.77487756863401e-08	5.47055858098648e-09	-5.47055858098648e-09
10.5809999895096	0.02	-0.02	3.13203050484399e-08	5.08563645313322e-09	-5.08563645313322e-09
10.6210000705719	0.02	-0.02	2.89568989539137e-08	5.45073770192706e-09	-5.45073770192706e-09
10.6610000324249	0.02	-0.02	2.41389822051864e-08	5.25932273864315e-09	-5.25932273864315e-09
10.700999994278	0.02	-0.02	2.95422260169324e-08	5.28908452952291e-09	-5.28908452952291e-09
10.7410000753403	0.02	-0.02	2.43990106319529e-08	4.79693103333055e-09	-4.79693103333055e-09
10.7810000371933	0.02	-0.02	3.19641266899632e-08	5.36402226224525e-09	-5.36402226224525e-09
10.8209999990463	0.02	-0.02	3.01397317293055e-08	5.42075525606345e-09	-5.42075525606345e-09
10.8610000801086	0.02	-0.02	2.72687140847061e-08	5.75781742944037e-09	-5.75781742944037e-09
10.9010000419617	0.02	-0.02	3.31081576039599e-08	5.83612132750782e-09	-5.83612132750782e-09
10.9410000038147	0.02	-0.02	3.4261206621579e-08	5.55604640624797e-09	-5.55604640624797e-09
10.981000084877	0.02	-0.02	1.98023667148938e-08	5.55755409029138e-09	-5.55755409029138e-09
11.02100004673	0.02	-0.02	3.90412952816894e-08	6.07308196070596e-09	-6.07308196070596e-09
11.0610000085831	0.02	-0.02	2.76733053194672e-08	6.64454038593477e-09	-6.64454038593477e-09
11.1010000896454	0.02	-0.02	3.17277068629455e-08	6.36923246519431e-09	-6.36923246519431e-09
11.1410000514984	0.02	-0.02	4.63223263166942e-08	7.51763702028926e-09	-7.51763702028926e-09
11.1810000133514	0.02	-0.02	5.06845683370335e-08	7.69516058810118e-09	-7.69516058810118e-09
11.2210000944138	0.02	-0.02	4.66735674149374e-08	7.46955089928799e-09	-7.46955089928799e-09
11.2610000562668	0.02	-0.02	3.20422404144788e-08	5.91350138239927e-09	-5.91350138239927e-09
11.3010000181198	0.02	-0.02	1.58608593544577e-08	3.85208820508928e-09	-3.85208820508928e-09
11.3409999799728	0.02	-0.02	1.23969109536648e-08	2.56013078818407e-09	-2.56013078818407e-09
11.3810000610352	0.02	-0.02	8.87372051777076e-09	1.6876417747285e-09	-1.6876417747285e-09
11.4210000228882	0.02	-0.02	4.09724735257091e-09	1.16788473457762e-09	-1.16788473457762e-09
11.4609999847412	0.02	-0.02	5.44488320258899e-09	1.03512092236296e-09	-1.03512092236296e-09
11.5010000658035	0.02	-0.02	7.07182527673851e-09	1.67625038467305e-09	-1.67625038467305e-09
11.5410000276566	0.02	-0.02	1.57879060802764e-08	3.04483368676835e-09	-3.04483368676835e-09
11.5809999895096	0.02	-0.02	3.19682734122223e-08	5.6028484900536e-09	-5.6028484900536e-09
11.6210000705719	0.02	-0.02	5.23912632791637e-08	9.29930334584959e-09	-9.29930334584959e-09
11.6610000324249	0.02	-0.02	9.47647478956272e-08	1.6559914331686e-08	-1.6559914331686e-08
11.700999994278	0.02	-0.02	8.77759743636913e-08	1.68291532361909e-08	-1.68291532361909e-08
11.7810000371933	0.06	-0.06	4.42398101817177e-08	6.65607806342888e-09	-6.65607806342888e-09
11.8610000801086	0.02	-0.02	4.71843962749086e-08	8.83293513236202e-09	-8.83293513236202e-09
11.9010000419617	0.02	-0.02	3.3756364641073e-08	7.19094791140065e-09	-7.19094791140065e-09
11.9410000038147	0.02	-0.02	2.48304802058247e-08	6.03779013882782e-09	-6.03779013882782e-09
11.981000084877	0.02	-0.02	1.60190635117224e-08	5.48908784900557e-09	-5.48908784900557e-09
12.02100004673	0.02	-0.02	2.92363479510934e-08	5.77500097918438e-09	-5.77500097918438e-09
12.0610000085831	0.02	-0.02	2.322437041913e-08	5.53463978747155e-09	-5.53463978747155e-09
12.1010000896454	0.02	-0.02	3.48781990773998e-08	6.49841003613586e-09	-6.49841003613586e-09
12.1410000514984	0.02	-0.02	2.8597474412791e-08	6.62736527299572e-09	-6.62736527299572e-09
12.1810000133514	0.02	-0.02	4.00314244603004e-08	6.6995339074744e-09	-6.6995339074744e-09
12.2210000944138	0.02	-0.02	3.66334916701822e-08	6.50926887650056e-09	-6.50926887650056e-09
12.2810000371933	0.04	-0.04	2.18091188186338e-08	4.427965026021e-09	-4.427965026021e-09
12.3409999799728	0.02	-0.02	3.80826515595357e-08	9.27142071649941e-09	-9.27142071649941e-09
12.3810000610352	0.02	-0.02	5.12593378443646e-08	1.32759274495365e-08	-1.32759274495365e-08
12.4210000228882	0.02	-0.02	8.29956779707427e-08	1.90893826152056e-08	-1.90893826152056e-08
12.4609999847412	0.02	-0.02	1.74814096945112e-07	3.20960931290979e-08	-3.20960931290979e-08
12.5010000658035	0.02	-0.02	3.31915318171871e-07	4.8277231109966e-08	-4.8277231109966e-08
12.5410000276566	0.02	-0.02	1.89336392338236e-07	3.33632985593312e-08	-3.33632985593312e-08
12.5809999895096	0.02	-0.02	1.12471928679506e-07	1.84367150627354e-08	-1.84367150627354e-08
12.6210000705719	0.02	-0.02	4.39453699909163e-08	9.56438052599477e-09	-9.56438052599477e-09
12.6610000324249	0.02	-0.02	2.83929602296759e-08	5.29455524505258e-09	-5.29455524505258e-09
12.700999994278	0.02	-0.02	2.87871694025349e-08	6.84448154285648e-09	-6.84448154285648e-09
12.7410000753403	0.02	-0.02	4.71645310494429e-08	1.11993557085686e-08	-1.11993557085686e-08
12.7810000371933	0.02	-0.02	1.27373674759639e-07	2.09423786200257e-08	-2.09423786200257e-08
12.8209999990463	0.02	-0.02	1.69951767557334e-07	3.73620341142409e-08	-3.73620341142409e-08
12.8610000801086	0.02	-0.02	3.73905094913121e-07	5.50122426738467e-08	-5.50122426738467e-08
12.9010000419617	0.02	-0.02	1.56633844866446e-07	2.98944280357521e-08	-2.98944280357521e-08
12.9410000038147	0.02	-0.02	1.0011956101848e-07	1.64125743337359e-08	-1.64125743337359e-08
12.981000084877	0.02	-0.02	4.27751815718362e-08	9.97737703571711e-09	-9.97737703571711e-09
13.02100004673	0.02	-0.02	2.08076585685589e-08	5.803291167051e-09	-5.803291167051e-09
13.0610000085831	0.02	-0.02	3.48544084523794e-08	5.40217730990814e-09	-5.40217730990814e-09
13.1010000896454	0.02	-0.02	3.98238876819295e-08	6.07133473967298e-09	-6.07133473967298e-09
13.1410000514984	0.02	-0.02	4.13987629276654e-08	7.22748711150389e-09	-7.22748711150389e-09
13.1810000133514	0.02	-0.02	4.67964929747462e-08	7.5645837341614e-09	-7.5645837341614e-09
13.2210000944138	0.02	-0.02	5.71815889810402e-08	9.20898631931363e-09	-9.20898631931363e-09
13.2610000562668	0.02	-0.02	6.21466396967608e-08	8.9199482056587e-09	-8.9199482056587e-09
13.3010000181198	0.02	-0.02	4.03800611091655e-08	8.23580263668716e-09	-8.23580263668716e-09
13.3409999799728	0.02	-0.02	2.47313362090123e-08	7.04431658913111e-09	-7.04431658913111e-09
13.3810000610352	0.02	-0.02	3.79725811454391e-08	6.1123031583865e-09	-6.1123031583865e-09
13.4410000038147	0.04	-0.04	1.53699825367479e-08	3.23682282089783e-09	-3.23682282089783e-09
13.5410000276566	0.06	-0.06	1.09198239348545e-08	1.82007709753509e-09	-1.82007709753509e-09
13.6210000705719	0.02	-0.02	2.0287535663561e-08	4.02046242630037e-09	-4.02046242630037e-09
13.6610000324249	0.02	-0.02	2.65733054490732e-08	4.33495519063968e-09	-4.33495519063968e-09
13.700999994278	0.02	-0.02	1.97743266590211e-08	4.55880161484345e-09	-4.55880161484345e-09
13.7410000753403	0.02	-0.02	2.23491289774244e-08	4.49688725440283e-09	-4.49688725440283e-09
13.7810000371933	0.02	-0.02	3.19478641136116e-08	4.78647196689081e-09	-4.78647196689081e-09
13.8209999990463	0.02	-0.02	3.39795465392836e-08	4.99812697252404e-09	-4.99812697252404e-09
13.8610000801086	0.02	-0.02	3.1992426999077e-08	5.39394820765288e-09	-5.39394820765288e-09
13.9010000419617	0.02	-0.02	4.3783725901973e-08	6.38860162596274e-09	-6.38860162596274e-09
13.9410000038147	0.02	-0.02	2.99009499856111e-08	6.60571563790596e-09	-6.60571563790596e-09
13.981000084877	0.02	-0.02	4.8434363837708e-08	7.07978065039118e-09	-7.07978065039118e-09
14.02100004673	0.02	-0.02	4.75443364291261e-08	7.1303861556645e-09	-7.1303861556645e-09
14.0610000085831	0.02	-0.02	2.70810895933884e-08	5.50470226288262e-09	-5.50470226288262e-09
14.1010000896454	0.02	-0.02	2.65323837987247e-08	4.19276774202475e-09	-4.19276774202475e-09
14.1410000514984	0.02	-0.02	1.91855681310122e-08	3.36544673467513e-09	-3.36544673467513e-09
14.1810000133514	0.02	-0.02	1.22075823908364e-08	2.40303410041209e-09	-2.40303410041209e-09
14.2210000944138	0.02	-0.02	1.07513180355776e-08	1.9091966670077e-09	-1.9091966670077e-09
14.2610000562668	0.02	-0.02	1.20001002110286e-08	2.02768260409835e-09	-2.02768260409835e-09
14.3010000181198	0.02	-0.02	1.6494717258229e-08	3.25714778133091e-09	-3.25714778133091e-09
14.3409999799728	0.02	-0.02	2.52772836345872e-08	5.04493408116999e-09	-5.04493408116999e-09
14.3810000610352	0.02	-0.02	6.56563638839275e-08	9.88606078944591e-09	-9.88606078944591e-09
14.4210000228882	0.02	-0.02	1.84981286992229e-07	2.10147717893686e-08	-2.10147717893686e-08
14.4609999847412	0.02	-0.02	4.31076847646209e-07	4.65166073893646e-08	-4.65166073893646e-08
14.5010000658035	0.02	-0.02	6.80989365873352e-07	8.54132336065208e-08	-8.54132336065208e-08
14.5410000276566	0.02	-0.02	2.46475498636744e-07	3.46246250826852e-08	-3.46246250826852e-08
14.5809999895096	0.02	-0.02	5.00179716862397e-08	7.83492118661274e-09	-7.83492118661274e-09
14.6210000705719	0.02	-0.02	1.74508713850231e-08	2.88402028687773e-09	-2.88402028687773e-09
14.6610000324249	0.02	-0.02	6.13540675263804e-08	9.25630609040056e-09	-9.25630609040056e-09
14.700999994278	0.02	-0.02	1.79265153256276e-07	2.51043610891736e-08	-2.51043610891736e-08
14.7410000753403	0.02	-0.02	3.71299070127036e-07	5.25432374979225e-08	-5.25432374979225e-08
14.7810000371933	0.02	-0.02	2.23774443980229e-07	3.55174828704732e-08	-3.55174828704732e-08
14.8209999990463	0.02	-0.02	1.29135313640312e-07	2.4540647717943e-08	-2.4540647717943e-08
14.8610000801086	0.02	-0.02	1.12730341838333e-07	1.78990424698974e-08	-1.78990424698974e-08
14.9010000419617	0.02	-0.02	9.87055732825749e-08	1.29146724127997e-08	-1.29146724127997e-08
14.9410000038147	0.02	-0.02	4.72627265714915e-08	9.27027757779177e-09	-9.27027757779177e-09
14.981000084877	0.02	-0.02	3.42705187182696e-08	6.33969341492492e-09	-6.33969341492492e-09
15.02100004673	0.02	-0.02	3.31033925929179e-08	5.51202955191505e-09	-5.51202955191505e-09
15.0610000085831	0.02	-0.02	2.11485882812956e-08	5.22283004310651e-09	-5.22283004310651e-09
15.1010000896454	0.02	-0.02	1.54019774405336e-08	4.89072801344424e-09	-4.89072801344424e-09
15.1410000514984	0.02	-0.02	2.00587324067989e-08	4.46796248511079e-09	-4.46796248511079e-09
15.1810000133514	0.02	-0.02	1.74788806951367e-08	5.02282025980489e-09	-5.02282025980489e-09
15.2210000944138	0.02	-0.02	2.83986569156922e-08	5.0051164205172e-09	-5.0051164205172e-09
15.2610000562668	0.02	-0.02	3.00943295571763e-08	4.75555188092717e-09	-4.75555188092717e-09
15.3010000181198	0.02	-0.02	3.76807158869857e-08	5.1569007342649e-09	-5.1569007342649e-09
15.3409999799728	0.02	-0.02	3.22877960422503e-08	5.49681046116054e-09	-5.49681046116054e-09
15.3810000610352	0.02	-0.02	3.56188045054678e-08	6.03320938521472e-09	-6.03320938521472e-09
15.4210000228882	0.02	-0.02	3.31095425891939e-08	6.58454002726107e-09	-6.58454002726107e-09
15.4609999847412	0.02	-0.02	2.96876338235788e-08	6.95607339478412e-09	-6.95607339478412e-09
15.5010000658035	0.02	-0.02	3.06428964326261e-08	7.48926533167061e-09	-7.48926533167061e-09
15.5410000276566	0.02	-0.02	4.16996393277224e-08	8.03193255108393e-09	-8.03193255108393e-09
15.5809999895096	0.02	-0.02	2.84117081807876e-08	9.04404097305466e-09	-9.04404097305466e-09
15.6210000705719	0.02	-0.02	4.6997011231028e-08	1.0022680688279e-08	-1.0022680688279e-08
15.6610000324249	0.02	-0.02	3.78774606352726e-08	1.24634842607647e-08	-1.24634842607647e-08
15.700999994278	0.02	-0.02	6.53030506560289e-08	1.55551102658414e-08	-1.55551102658414e-08
15.7610000562668	0.04	-0.04	6.20169477580561e-08	1.56510989996846e-08	-1.56510989996846e-08
15.8209999990463	0.02	-0.02	1.81396953449793e-07	3.19091778903703e-08	-3.19091778903703e-08
15.8610000801086	0.02	-0.02	1.79154759519033e-07	4.48608853565059e-08	-4.48608853565059e-08
15.9010000419617	0.02	-0.02	3.16483583152582e-07	5.49592071399158e-08	-5.49592071399158e-08
15.9410000038147	0.02	-0.02	3.97229810520173e-07	7.01180979625156e-08	-7.01180979625156e-08
15.981000084877	0.02	-0.02	5.32956235368892e-07	8.56783922736752e-08	-8.56783922736752e-08
16.02100004673	0.02	-0.02	3.80322146617781e-07	8.34040957065716e-08	-8.34040957065716e-08
16.0610000085831	0.02	-0.02	3.46273519698967e-07	6.36511816502101e-08	-6.36511816502101e-08
16.1010000896454	0.02	-0.02	2.19573038570467e-07	5.21162155046409e-08	-5.21162155046409e-08
16.1410000514984	0.02	-0.02	1.82219292731239e-07	3.81679564611993e-08	-3.81679564611993e-08
16.2010000538826	0.04	-0.04	9.41359169148902e-08	2.03339979567463e-08	-2.03339979567463e-08
16.2610000562668	0.02	-0.02	7.98448539925206e-08	1.8770455852674e-08	-1.8770455852674e-08
16.3010000181198	0.02	-0.02	7.68488067241783e-08	1.67149328847774e-08	-1.67149328847774e-08
16.3409999799728	0.02	-0.02	5.6788552040908e-08	1.24272915586956e-08	-1.24272915586956e-08
16.3810000610352	0.02	-0.02	2.30038108810895e-08	1.07870126174772e-08	-1.07870126174772e-08
16.4210000228882	0.02	-0.02	3.92251220103046e-08	8.80073052927861e-09	-8.80073052927861e-09
16.4609999847412	0.02	-0.02	2.68178456051901e-08	7.07113947028197e-09	-7.07113947028197e-09
16.5010000658035	0.02	-0.02	3.13318446443254e-08	5.668036490304e-09	-5.668036490304e-09
16.5610000085831	0.04	-0.04	8.85194728939404e-09	3.56348848990853e-09	-3.56348848990853e-09
16.6410000514984	0.04	-0.04	1.96619872042298e-08	4.35621618918032e-09	-4.35621618918032e-09
16.7610000264645	0.08	-0.08	1.88456325714757e-08	4.3985944689929e-09	-4.3985944689929e-09
16.8610000801086	0.02	-0.02	4.96956311691257e-08	1.185419532984e-08	-1.185419532984e-08
16.9010000419617	0.02	-0.02	7.77310506468539e-08	1.4971130138835e-08	-1.4971130138835e-08
16.9410000038147	0.02	-0.02	9.6088102145171e-08	1.76967726315997e-08	-1.76967726315997e-08
16.981000084877	0.02	-0.02	9.50495523881669e-08	1.93813207220472e-08	-1.93813207220472e-08
17.02100004673	0.02	-0.02	1.36592411070937e-07	2.06434076651654e-08	-2.06434076651654e-08
17.0610000085831	0.02	-0.02	1.03235056263332e-07	1.34313891963477e-08	-1.34313891963477e-08
17.1010000896454	0.02	-0.02	7.69204417007856e-08	8.9381663676482e-09	-8.9381663676482e-09
17.1410000514984	0.02	-0.02	4.66041669537112e-08	5.35722930509002e-09	-5.35722930509002e-09
17.1810000133514	0.02	-0.02	3.29520564046981e-08	4.7679968325583e-09	-4.7679968325583e-09
17.2210000944138	0.02	-0.02	3.0654684436579e-08	5.68137689597562e-09	-5.68137689597562e-09
17.2610000562668	0.02	-0.02	5.11732970670808e-08	6.67962363982767e-09	-6.67962363982767e-09
17.3010000181198	0.02	-0.02	4.95546204827635e-08	7.70250826047404e-09	-7.70250826047404e-09
17.3409999799728	0.02	-0.02	4.51893682956785e-08	8.51465925875117e-09	-8.51465925875117e-09
17.3810000610352	0.02	-0.02	4.95588269130148e-08	9.41891060160559e-09	-9.41891060160559e-09
17.4210000228882	0.02	-0.02	6.49471869856016e-08	9.89885411323472e-09	-9.89885411323472e-09
17.4609999847412	0.02	-0.02	5.30041072340891e-08	1.10059522716026e-08	-1.10059522716026e-08
17.5610000383854	0.08	-0.08	3.34144882191975e-08	6.43511702840434e-09	-6.43511702840434e-09
17.6610000324249	0.02	-0.02	7.00582843573988e-08	1.74656161881046e-08	-1.74656161881046e-08
17.700999994278	0.02	-0.02	9.4766709483198e-08	2.26802683195518e-08	-2.26802683195518e-08
17.7410000753403	0.02	-0.02	1.62884348722658e-07	2.72974247440154e-08	-2.72974247440154e-08
17.7810000371933	0.02	-0.02	9.82521099337381e-08	2.18301210630336e-08	-2.18301210630336e-08
17.8209999990463	0.02	-0.02	7.98347445796636e-08	1.8114995410434e-08	-1.8114995410434e-08
17.8610000801086	0.02	-0.02	6.28704180292393e-08	1.49052960381934e-08	-1.49052960381934e-08
17.9210000228882	0.04	-0.04	2.91520043531121e-08	7.63898005985298e-09	-7.63898005985298e-09
17.981000084877	0.02	-0.02	4.04308279752043e-08	8.68780317686152e-09	-8.68780317686152e-09
18.0410000276566	0.04	-0.04	1.62747357015849e-08	4.53522204680159e-09	-4.53522204680159e-09
18.1010000896454	0.02	-0.02	2.58600613935679e-08	5.08826633678501e-09	-5.08826633678501e-09
18.1410000514984	0.02	-0.02	2.83264272153659e-08	4.3456573197874e-09	-4.3456573197874e-09
18.1810000133514	0.02	-0.02	1.1444702114912e-08	3.3246084651304e-09	-3.3246084651304e-09
18.2210000944138	0.02	-0.02	1.57491162126656e-08	2.77192364149397e-09	-2.77192364149397e-09
18.2610000562668	0.02	-0.02	1.73571552399275e-08	2.9959384226767e-09	-2.9959384226767e-09
18.3010000181198	0.02	-0.02	1.54367984592539e-08	3.13228560234857e-09	-3.13228560234857e-09
18.3810000212987	0.06	-0.06	1.28742101020352e-08	2.31931129289046e-09	-2.31931129289046e-09
18.4609999847412	0.02	-0.02	2.40867052025489e-08	5.36723189316464e-09	-5.36723189316464e-09
18.5010000658035	0.02	-0.02	2.44412849095119e-08	5.47635908492182e-09	-5.47635908492182e-09
18.5410000276566	0.02	-0.02	3.39768539756939e-08	6.91189789409411e-09	-6.91189789409411e-09
18.5809999895096	0.02	-0.02	3.75379182908769e-08	7.28079783327853e-09	-7.28079783327853e-09
18.6210000705719	0.02	-0.02	5.12282683423135e-08	8.95239703020307e-09	-8.95239703020307e-09
18.6610000324249	0.02	-0.02	3.97957911407885e-08	9.5043115689201e-09	-9.5043115689201e-09
18.700999994278	0.02	-0.02	6.72155001352391e-08	1.13824433280929e-08	-1.13824433280929e-08
18.7410000753403	0.02	-0.02	4.5335070886102e-08	1.21596132286858e-08	-1.21596132286858e-08
18.7810000371933	0.02	-0.02	5.0670855141481e-08	1.1776529642278e-08	-1.1776529642278e-08
18.8209999990463	0.02	-0.02	6.09373984725137e-08	1.36214895170033e-08	-1.36214895170033e-08
18.8610000801086	0.02	-0.02	4.10675066253441e-08	1.27006333155661e-08	-1.27006333155661e-08
18.9010000419617	0.02	-0.02	6.84253814177515e-08	1.54140644668872e-08	-1.54140644668872e-08
18.9410000038147	0.02	-0.02	8.42714127747752e-08	1.74882831608425e-08	-1.74882831608425e-08
18.981000084877	0.02	-0.02	5.89968422017957e-08	1.7322507820666e-08	-1.7322507820666e-08
19.02100004673	0.02	-0.02	9.01190948908286e-08	1.94480394819017e-08	-1.94480394819017e-08
19.0610000085831	0.02	-0.02	8.53853994147626e-08	2.06503295035501e-08	-2.06503295035501e-08
19.1210000705719	0.04	-0.04	6.31199659829093e-08	1.41216991097188e-08	-1.41216991097188e-08
19.2010000538826	0.04	-0.04	6.71507134079119e-08	1.48692578921636e-08	-1.48692578921636e-08
19.2810000371933	0.04	-0.04	7.38242432123377e-08	1.54833152320333e-08	-1.54833152320333e-08
19.361000020504	0.04	-0.04	5.96645062578008e-08	1.54224380291423e-08	-1.54224380291423e-08
19.4610000244776	0.06	-0.06	5.17941074879019e-08	1.01006912862223e-08	-1.01006912862223e-08
19.5410000276566	0.02	-0.02	5.18793385833147e-08	1.26763679284161e-08	-1.26763679284161e-08
19.6010000300407	0.04	-0.04	3.117989708218e-08	7.56809599337528e-09	-7.56809599337528e-09
19.6810000133514	0.04	-0.04	2.41906406281112e-08	6.1026908521703e-09	-6.1026908521703e-09
19.7410000753403	0.02	-0.02	3.00937437507853e-08	7.15187634555752e-09	-7.15187634555752e-09
19.7810000371933	0.02	-0.02	2.52128056060387e-08	8.50452446649422e-09	-8.50452446649422e-09
19.8209999990463	0.02	-0.02	4.12601936717486e-08	9.7511107277455e-09	-9.7511107277455e-09
19.8610000801086	0.02	-0.02	3.09258572399795e-08	1.13506315541275e-08	-1.13506315541275e-08
19.9010000419617	0.02	-0.02	7.15418344292188e-08	1.39209594394427e-08	-1.39209594394427e-08
19.9410000038147	0.02	-0.02	3.44441334834894e-08	1.59292027356261e-08	-1.59292027356261e-08
19.981000084877	0.02	-0.02	9.14272133097399e-08	2.09814602979028e-08	-2.09814602979028e-08
20.02100004673	0.02	-0.02	8.53969884941054e-08	2.43490022554192e-08	-2.43490022554192e-08
20.0610000085831	0.02	-0.02	1.37075876402706e-07	3.27999772240491e-08	-3.27999772240491e-08
20.1010000896454	0.02	-0.02	9.22463047821732e-08	3.45880968926029e-08	-3.45880968926029e-08
20.1410000514984	0.02	-0.02	1.2401802244525e-07	2.5331967118239e-08	-2.5331967118239e-08
20.2010000538826	0.04	-0.04	3.35697214615123e-08	1.00518418162808e-08	-1.00518418162808e-08
20.2810000371933	0.04	-0.04	2.14802684763119e-08	5.00133279993525e-09	-5.00133279993525e-09
20.4210000228882	0.1	-0.1	7.77438900688043e-09	1.41077078942776e-09	-1.41077078942776e-09
20.5410000276566	0.02	-0.02	1.70641549390955e-08	3.65032680301766e-09	-3.65032680301766e-09
20.5809999895096	0.02	-0.02	2.20012808167596e-08	3.76167819888161e-09	-3.76167819888161e-09
20.6210000705719	0.02	-0.02	1.61994498651081e-08	3.39709699391299e-09	-3.39709699391299e-09
20.6610000324249	0.02	-0.02	1.52175658562165e-08	3.67933236812849e-09	-3.67933236812849e-09
20.700999994278	0.02	-0.02	1.37934579156192e-08	3.70956811929803e-09	-3.70956811929803e-09
20.7410000753403	0.02	-0.02	1.76674720323739e-08	4.24305552435396e-09	-4.24305552435396e-09
20.8010000181198	0.04	-0.04	1.18365923663918e-08	3.03090858296607e-09	-3.03090858296607e-09
20.8610000801086	0.02	-0.02	2.85530261725753e-08	5.15820534330132e-09	-5.15820534330132e-09
20.9010000419617	0.02	-0.02	3.68400461747446e-08	5.47881256693375e-09	-5.47881256693375e-09
20.9410000038147	0.02	-0.02	2.26360482550512e-08	4.77622342328416e-09	-4.77622342328416e-09
20.981000084877	0.02	-0.02	1.65093457309664e-08	4.41724024931227e-09	-4.41724024931227e-09
21.02100004673	0.02	-0.02	2.81699781233121e-08	4.52073427976492e-09	-4.52073427976492e-09
21.0610000085831	0.02	-0.02	2.2656649714497e-08	4.29610403226699e-09	-4.29610403226699e-09
21.1010000896454	0.02	-0.02	2.06641461324405e-08	3.73523180657409e-09	-3.73523180657409e-09
21.1410000514984	0.02	-0.02	2.04169261772689e-08	3.31863301698942e-09	-3.31863301698942e-09
21.1810000133514	0.02	-0.02	1.73766748602931e-08	2.58472119076848e-09	-2.58472119076848e-09
21.2210000944138	0.02	-0.02	1.26924333667323e-08	2.16686163998532e-09	-2.16686163998532e-09
21.2610000562668	0.02	-0.02	1.07543796068877e-08	1.65873626054653e-09	-1.65873626054653e-09
21.3010000181198	0.02	-0.02	7.1487292108765e-09	1.64165924876475e-09	-1.64165924876475e-09
21.3409999799728	0.02	-0.02	2.37584026725029e-08	3.62450329771977e-09	-3.62450329771977e-09
21.3810000610352	0.02	-0.02	5.68782925365479e-08	8.30176503918526e-09	-8.30176503918526e-09
21.4210000228882	0.02	-0.02	7.71719266831589e-08	1.46470836802942e-08	-1.46470836802942e-08
21.4609999847412	0.02	-0.02	1.8465099375616e-07	3.41266980144345e-08	-3.41266980144345e-08
21.5010000658035	0.02	-0.02	1.68420358213442e-07	3.10954539098299e-08	-3.10954539098299e-08
21.5410000276566	0.02	-0.02	7.76532956427768e-08	2.02824232341981e-08	-2.02824232341981e-08
21.5809999895096	0.02	-0.02	8.08749677134904e-08	1.65464606387103e-08	-1.65464606387103e-08
21.6210000705719	0.02	-0.02	4.11361025888048e-08	1.07906287538549e-08	-1.07906287538549e-08
21.6610000324249	0.02	-0.02	3.31886947783783e-08	7.61322563144711e-09	-7.61322563144711e-09
21.700999994278	0.02	-0.02	3.7810499481531e-08	7.71918461719903e-09	-7.71918461719903e-09
21.8010000479221	0.08	-0.08	2.7847608057504e-08	5.3986372170015e-09	-5.3986372170015e-09
21.9210000228882	0.04	-0.04	4.80703522783781e-08	1.0533073923793e-08	-1.0533073923793e-08
22.02100004673	0.06	-0.06	5.18473684399455e-08	1.3180263037791e-08	-1.3180263037791e-08
22.1410000514984	0.06	-0.06	7.81613964695042e-08	1.81336448575377e-08	-1.81336448575377e-08
22.3010000419617	0.1	-0.1	3.75666624031002e-08	1.3195807684792e-08	-1.3195807684792e-08
22.4210000228882	0.02	-0.02	1.29265869469584e-07	2.87401467754258e-08	-2.87401467754258e-08
22.4810000252724	0.04	-0.04	6.80384512839824e-08	2.02366188819299e-08	-2.02366188819299e-08
22.5610000085831	0.04	-0.04	8.51112241011736e-08	1.97932219222766e-08	-1.97932219222766e-08
22.6410000514984	0.04	-0.04	5.57901165302462e-08	1.75862841944056e-08	-1.75862841944056e-08
22.7210000348091	0.04	-0.04	7.97471864601633e-08	1.66279641214901e-08	-1.66279641214901e-08
22.9210000377893	0.16	-0.16	4.01874431658911e-08	7.59164276105658e-09	-7.59164276105658e-09
23.1410000514984	0.06	-0.06	7.13945344347303e-08	1.38481259469019e-08	-1.38481259469019e-08
23.2210000944138	0.02	-0.02	1.34799159791697e-07	2.50831884644287e-08	-2.50831884644287e-08
23.2610000562668	0.02	-0.02	5.09042060637134e-08	2.37781532047882e-08	-2.37781532047882e-08
23.3010000181198	0.02	-0.02	1.01763808281939e-07	2.53191186988459e-08	-2.53191186988459e-08
23.361000020504	0.04	-0.04	6.48182864373459e-08	1.77081378478459e-08	-1.77081378478459e-08
23.4410000038147	0.04	-0.04	7.40365786708114e-08	1.78123914837842e-08	-1.78123914837842e-08
23.52100004673	0.04	-0.04	7.6294749898204e-08	1.87780405178979e-08	-1.87780405178979e-08
23.6410000216961	0.08	-0.08	3.06150563886957e-08	1.17764309364514e-08	-1.17764309364514e-08
23.7410000753403	0.02	-0.02	9.6271436718229e-08	2.2523836183985e-08	-2.2523836183985e-08
23.8810000411669	0.12	-0.12	4.0092672431574e-08	7.86111541270908e-09	-7.86111541270908e-09
24.02100004673	0.02	-0.02	7.63470602574915e-08	1.76932402785981e-08	-1.76932402785981e-08
24.0610000085831	0.02	-0.02	7.69219861075977e-08	1.78696058993622e-08	-1.78696058993622e-08
24.1010000896454	0.02	-0.02	3.7802896801194e-08	1.6062969222671e-08	-1.6062969222671e-08
24.1410000514984	0.02	-0.02	8.84892964484674e-08	1.70558679579456e-08	-1.70558679579456e-08
24.1810000133514	0.02	-0.02	1.0057582200807e-07	1.6438048603748e-08	-1.6438048603748e-08
24.2210000944138	0.02	-0.02	5.20435497515598e-08	1.57144816972975e-08	-1.57144816972975e-08
24.2610000562668	0.02	-0.02	8.41336959795563e-08	1.58156241725855e-08	-1.58156241725855e-08
24.3010000181198	0.02	-0.02	6.53668318355006e-08	1.63869057331204e-08	-1.63869057331204e-08
24.3409999799728	0.02	-0.02	6.2903187527661e-08	1.53732888924411e-08	-1.53732888924411e-08
24.3810000610352	0.02	-0.02	8.52349597626936e-08	1.57706190437488e-08	-1.57706190437488e-08
24.4210000228882	0.02	-0.02	7.65307527299038e-08	1.75337219178367e-08	-1.75337219178367e-08
24.4609999847412	0.02	-0.02	6.89403932225479e-08	1.48830171781417e-08	-1.48830171781417e-08
24.5010000658035	0.02	-0.02	7.08366486406602e-08	1.56166912612505e-08	-1.56166912612505e-08
24.5610000085831	0.04	-0.04	4.03333244602909e-08	1.01906789373711e-08	-1.01906789373711e-08
24.6210000705719	0.02	-0.02	6.82882379418391e-08	1.27828753067902e-08	-1.27828753067902e-08
24.6610000324249	0.02	-0.02	4.72073568073641e-08	1.08427301238202e-08	-1.08427301238202e-08
24.700999994278	0.02	-0.02	4.87804679355178e-08	9.81682880739793e-09	-9.81682880739793e-09
24.7410000753403	0.02	-0.02	4.60051573399435e-08	9.31023722172114e-09	-9.31023722172114e-09
24.7810000371933	0.02	-0.02	3.66680809363508e-08	1.08227682963203e-08	-1.08227682963203e-08
24.8209999990463	0.02	-0.02	5.15046124037654e-08	1.22589668170665e-08	-1.22589668170665e-08
24.9010000419617	0.06	-0.06	4.49140642459413e-08	8.0385168209202e-09	-8.0385168209202e-09
24.981000084877	0.02	-0.02	8.18276022716655e-08	1.74743604380634e-08	-1.74743604380634e-08
25.02100004673	0.02	-0.02	8.75433139279378e-08	1.96183331473221e-08	-1.96183331473221e-08
25.1210000407696	0.08	-0.08	3.09151907626681e-08	8.08313864931745e-09	-8.08313864931745e-09
25.2410000753403	0.04	-0.04	3.56102579806115e-08	7.56083534139932e-09	-7.56083534139932e-09
25.3209999990463	0.04	-0.04	1.79173271123736e-08	5.45891949157871e-09	-5.45891949157871e-09
25.3810000610352	0.02	-0.02	2.8474869291271e-08	5.83167727347358e-09	-5.83167727347358e-09
25.4210000228882	0.02	-0.02	2.05966376570902e-08	5.4307302321562e-09	-5.4307302321562e-09
25.4609999847412	0.02	-0.02	2.15698976114485e-08	4.96426303892291e-09	-4.96426303892291e-09
25.52100004673	0.04	-0.04	1.39586315774249e-08	3.41002373219364e-09	-3.41002373219364e-09
25.5809999895096	0.02	-0.02	2.57849880934103e-08	6.44235913768187e-09	-6.44235913768187e-09
25.6210000705719	0.02	-0.02	4.80747433409512e-08	9.1192917653844e-09	-9.1192917653844e-09
25.6610000324249	0.02	-0.02	5.97665633850897e-08	1.16484002466279e-08	-1.16484002466279e-08
25.700999994278	0.02	-0.02	1.04610470856884e-07	1.51012127883776e-08	-1.51012127883776e-08
25.7410000753403	0.02	-0.02	1.3843060394453e-07	2.15384374759022e-08	-2.15384374759022e-08
25.7810000371933	0.02	-0.02	1.62782018988387e-07	2.52468108121745e-08	-2.52468108121745e-08
25.8209999990463	0.02	-0.02	1.16465157223636e-07	2.45747218794671e-08	-2.45747218794671e-08
25.8610000801086	0.02	-0.02	6.77817981484595e-08	2.0699513079239e-08	-2.0699513079239e-08
25.9010000419617	0.02	-0.02	9.81180853724588e-08	1.96199004808167e-08	-1.96199004808167e-08
25.9810000451406	0.06	-0.06	2.21094963382508e-08	7.9394119778241e-09	-7.9394119778241e-09
26.0610000085831	0.02	-0.02	5.24471912576737e-08	1.11777200766153e-08	-1.11777200766153e-08
26.1410000514984	0.06	-0.06	2.61252816989595e-08	5.33713884648047e-09	-5.33713884648047e-09
26.2210000944138	0.02	-0.02	3.21356839188228e-08	7.84547123467214e-09	-7.84547123467214e-09
26.361000020504	0.12	-0.12	1.53823987673448e-08	3.90779678809658e-09	-3.90779678809658e-09
26.5410000276566	0.06	-0.06	3.68769272097092e-08	9.10416172361505e-09	-9.10416172361505e-09
26.6210000705719	0.02	-0.02	9.40128130676273e-08	2.09282061233332e-08	-2.09282061233332e-08
26.6610000324249	0.02	-0.02	9.25152920537284e-08	2.4389430664165e-08	-2.4389430664165e-08
26.700999994278	0.02	-0.02	1.33921726854247e-07	2.64586996794759e-08	-2.64586996794759e-08
26.7410000753403	0.02	-0.02	9.40019346740165e-08	1.85524707037247e-08	-1.85524707037247e-08
26.7810000371933	0.02	-0.02	4.42012936816014e-08	1.12324569635788e-08	-1.12324569635788e-08
26.8209999990463	0.02	-0.02	2.70333493614178e-08	6.51322580501366e-09	-6.51322580501366e-09
26.8610000801086	0.02	-0.02	1.04055987013882e-08	3.85384852691311e-09	-3.85384852691311e-09
26.9010000419617	0.02	-0.02	1.1618233783534e-08	2.20894139528635e-09	-2.20894139528635e-09
26.9410000038147	0.02	-0.02	6.06601358405784e-09	1.30007452975591e-09	-1.30007452975591e-09
26.981000084877	0.02	-0.02	9.2162533188132e-09	1.88030502813166e-09	-1.88030502813166e-09
27.02100004673	0.02	-0.02	1.14673989394142e-08	3.83955359302886e-09	-3.83955359302886e-09
27.0610000085831	0.02	-0.02	4.44813357716207e-08	8.44610377146574e-09	-8.44610377146574e-09
27.1010000896454	0.02	-0.02	7.05560532161996e-08	1.6860359505931e-08	-1.6860359505931e-08
27.1610000324249	0.04	-0.04	1.80794279587973e-07	3.61539604730602e-08	-3.61539604730602e-08
27.2410000753403	0.04	-0.04	1.38773694892045e-07	2.73705516189252e-08	-2.73705516189252e-08
27.3209999990463	0.04	-0.04	6.2208911361099e-08	1.50417505666985e-08	-1.50417505666985e-08
27.3810000610352	0.02	-0.02	7.34995700717719e-08	1.49835494485683e-08	-1.49835494485683e-08
27.4610000244776	0.06	-0.06	3.01303695830332e-08	5.12393353002851e-09	-5.12393353002851e-09
27.5410000276566	0.02	-0.02	2.64434736794863e-08	5.19303555437104e-09	-5.19303555437104e-09
27.6410000216961	0.08	-0.08	7.22041890423778e-09	1.50857303202119e-09	-1.50857303202119e-09
27.7610000562668	0.04	-0.04	1.08435096245941e-08	2.15320795054396e-09	-2.15320795054396e-09
27.8810000312328	0.08	-0.08	2.00116266267829e-08	4.6689562856303e-09	-4.6689562856303e-09
27.981000084877	0.02	-0.02	1.1811792632558e-07	2.50231775578804e-08	-2.50231775578804e-08
28.02100004673	0.02	-0.02	1.57059344518424e-07	3.13282589908522e-08	-3.13282589908522e-08
28.0610000085831	0.02	-0.02	1.43510997892194e-07	3.27665236045381e-08	-3.27665236045381e-08
28.1010000896454	0.02	-0.02	1.39913263197229e-07	3.37264467104487e-08	-3.37264467104487e-08
28.1410000514984	0.02	-0.02	1.79971265530339e-07	3.96576420807698e-08	-3.96576420807698e-08
28.1810000133514	0.02	-0.02	1.95973072923102e-07	4.07547617722453e-08	-4.07547617722453e-08
28.2210000944138	0.02	-0.02	2.76719191935762e-07	4.35258767027017e-08	-4.35258767027017e-08
28.2610000562668	0.02	-0.02	2.23031649683994e-07	4.44778618984911e-08	-4.44778618984911e-08
28.3010000181198	0.02	-0.02	1.74864917880852e-07	4.8347523533524e-08	-4.8347523533524e-08
28.3409999799728	0.02	-0.02	2.82725226976871e-07	5.05203929938749e-08	-5.05203929938749e-08
28.3810000610352	0.02	-0.02	2.59242568456494e-07	5.24856921286353e-08	-5.24856921286353e-08
28.4210000228882	0.02	-0.02	1.9052778552084e-07	4.06645857328239e-08	-4.06645857328239e-08
28.5010000260671	0.06	-0.06	6.45624085382006e-08	1.23723713764386e-08	-1.23723713764386e-08
28.5809999895096	0.02	-0.02	5.59875910994431e-08	1.2274926192054e-08	-1.2274926192054e-08
28.6210000705719	0.02	-0.02	2.91591266599011e-08	8.96308739779104e-09	-8.96308739779104e-09
28.6610000324249	0.02	-0.02	3.13910615581636e-08	6.63297463865e-09	-6.63297463865e-09
28.700999994278	0.02	-0.02	1.00418591725787e-08	4.9484412273816e-09	-4.9484412273816e-09
28.7410000753403	0.02	-0.02	2.25541932569348e-08	5.49100707469801e-09	-5.49100707469801e-09
28.8010000181198	0.04	-0.04	1.35232409823464e-08	5.62870562038977e-09	-5.62870562038977e-09
28.9010000419617	0.06	-0.06	6.25956029025476e-08	1.04361602793013e-08	-1.04361602793013e-08
28.981000084877	0.02	-0.02	2.28612387127948e-07	3.49321009548594e-08	-3.49321009548594e-08
29.02100004673	0.02	-0.02	2.62391690336046e-07	4.44742466662671e-08	-4.44742466662671e-08
29.0610000085831	0.02	-0.02	2.50070219516559e-07	4.98722552430315e-08	-4.98722552430315e-08
29.1010000896454	0.02	-0.02	2.09676583239912e-07	5.37456932617401e-08	-5.37456932617401e-08
29.1410000514984	0.02	-0.02	2.59846690218985e-07	6.25990054222127e-08	-6.25990054222127e-08
29.2810000371933	0.12	-0.12	1.29747956201562e-07	4.08548037785023e-08	-4.08548037785023e-08
29.5210000268618	0.12	-0.12	5.84866734578659e-08	1.25127687750313e-08	-1.25127687750313e-08
29.7010000340144	0.06	-0.06	4.37445874164814e-08	8.89308923337362e-09	-8.89308923337362e-09
29.7810000371933	0.02	-0.02	5.58573562998162e-08	1.27261641941141e-08	-1.27261641941141e-08
29.8209999990463	0.02	-0.02	3.66413562092244e-08	1.11742803801855e-08	-1.11742803801855e-08
29.8610000801086	0.02	-0.02	4.50587980803959e-08	1.04344684823439e-08	-1.04344684823439e-08
29.9010000419617	0.02	-0.02	3.14188476890563e-08	9.15486376978912e-09	-9.15486376978912e-09
29.9410000038147	0.02	-0.02	4.19700494144346e-08	8.70524530082935e-09	-8.70524530082935e-09
29.981000084877	0.02	-0.02	3.75733144860225e-08	7.91044577262337e-09	-7.91044577262337e-09
30.02100004673	0.02	-0.02	2.21322182767287e-08	6.21921425231305e-09	-6.21921425231305e-09
30.0610000085831	0.02	-0.02	2.91485139138695e-08	5.34762320847089e-09	-5.34762320847089e-09
30.1010000896454	0.02	-0.02	2.31285623461155e-08	4.89554343942842e-09	-4.89554343942842e-09
30.1410000514984	0.02	-0.02	2.05271293216288e-08	4.09860871978611e-09	-4.09860871978611e-09
30.1810000133514	0.02	-0.02	1.70187489797049e-08	3.54635957738285e-09	-3.54635957738285e-09
30.2210000944138	0.02	-0.02	1.74277575695504e-08	3.23657787555849e-09	-3.23657787555849e-09
30.2610000562668	0.02	-0.02	1.89106288593504e-08	3.36247374610879e-09	-3.36247374610879e-09
30.3010000181198	0.02	-0.02	2.23498243591442e-08	3.47015571701163e-09	-3.47015571701163e-09
30.3409999799728	0.02	-0.02	1.41145936839078e-08	3.45945506445706e-09	-3.45945506445706e-09
30.3810000610352	0.02	-0.02	1.86686945005144e-08	3.1151773814502e-09	-3.1151773814502e-09
30.4210000228882	0.02	-0.02	2.06661305412415e-08	3.26617006914956e-09	-3.26617006914956e-09
30.4609999847412	0.02	-0.02	1.8529604342099e-08	3.27140790254519e-09	-3.27140790254519e-09
30.5010000658035	0.02	-0.02	2.01016897057072e-08	3.49736655480978e-09	-3.49736655480978e-09
30.5410000276566	0.02	-0.02	2.95414060005157e-08	4.16960035741594e-09	-4.16960035741594e-09
30.5809999895096	0.02	-0.02	4.10989316252974e-08	5.14895400901938e-09	-5.14895400901938e-09
30.6210000705719	0.02	-0.02	4.77792324413356e-08	6.08684807672504e-09	-6.08684807672504e-09
30.6610000324249	0.02	-0.02	4.78636933855535e-08	7.05818137047242e-09	-7.05818137047242e-09
30.700999994278	0.02	-0.02	5.04004427584973e-08	8.21241486702884e-09	-8.21241486702884e-09
30.7410000753403	0.02	-0.02	6.14777205723355e-08	1.14512010403666e-08	-1.14512010403666e-08
30.7810000371933	0.02	-0.02	9.4210930504579e-08	1.77204340870656e-08	-1.77204340870656e-08
30.8209999990463	0.02	-0.02	1.9322308940229e-07	2.74308619429335e-08	-2.74308619429335e-08
30.8610000801086	0.02	-0.02	1.52796571518519e-07	2.38821070216908e-08	-2.38821070216908e-08
30.9010000419617	0.02	-0.02	9.11913386383395e-08	1.58720802622696e-08	-1.58720802622696e-08
30.9410000038147	0.02	-0.02	6.11090590400742e-08	1.23768803409128e-08	-1.23768803409128e-08
30.981000084877	0.02	-0.02	5.82187498166004e-08	1.08760184140443e-08	-1.08760184140443e-08
31.02100004673	0.02	-0.02	3.5862600207246e-08	9.46668565909865e-09	-9.46668565909865e-09
31.0610000085831	0.02	-0.02	3.53395101682246e-08	8.51486188750071e-09	-8.51486188750071e-09
31.1010000896454	0.02	-0.02	4.7228103388138e-08	8.130351281561e-09	-8.130351281561e-09
31.1410000514984	0.02	-0.02	3.71289319095994e-08	7.34871949640253e-09	-7.34871949640253e-09
31.2410000455379	0.08	-0.08	1.22183913661993e-08	2.98291442304194e-09	-2.98291442304194e-09
31.3409999799728	0.02	-0.02	3.27793186890941e-08	7.20018993759328e-09	-7.20018993759328e-09
31.3810000610352	0.02	-0.02	3.00930358686606e-08	7.87727672187996e-09	-7.87727672187996e-09
31.4210000228882	0.02	-0.02	3.96660778846483e-08	8.43137708124097e-09	-8.43137708124097e-09
31.4609999847412	0.02	-0.02	3.12577693386012e-08	8.85383937091508e-09	-8.85383937091508e-09
31.5010000658035	0.02	-0.02	5.11921252647206e-08	9.83142878836911e-09	-9.83142878836911e-09
31.5410000276566	0.02	-0.02	4.59825103831365e-08	9.02324697547308e-09	-9.02324697547308e-09
31.5809999895096	0.02	-0.02	4.41202928532607e-08	1.03873506913104e-08	-1.03873506913104e-08
31.6410000514984	0.04	-0.04	3.56206043118542e-08	8.64937384166873e-09	-8.64937384166873e-09
31.700999994278	0.02	-0.02	1.14276909721123e-07	1.72268772408887e-08	-1.72268772408887e-08
31.7410000753403	0.02	-0.02	8.89460848428781e-08	2.01492018517562e-08	-2.01492018517562e-08
31.7810000371933	0.02	-0.02	1.31173161173984e-07	2.32364685640136e-08	-2.32364685640136e-08
31.8410000395775	0.04	-0.04	7.87999212087598e-08	1.93465214177436e-08	-1.93465214177436e-08
31.9010000419617	0.02	-0.02	2.17127566828004e-07	3.43866479543062e-08	-3.43866479543062e-08
31.9410000038147	0.02	-0.02	1.97280862729507e-07	3.73949595585754e-08	-3.73949595585754e-08
31.981000084877	0.02	-0.02	1.74629251492597e-07	3.2476080440884e-08	-3.2476080440884e-08
32.02100004673	0.02	-0.02	1.37909837002296e-07	2.83943956964149e-08	-2.83943956964149e-08
32.0610000085831	0.02	-0.02	1.21386516623613e-07	2.5540417532973e-08	-2.5540417532973e-08
32.1010000896454	0.02	-0.02	1.28583320604308e-07	2.43209775792891e-08	-2.43209775792891e-08
32.1410000514984	0.02	-0.02	1.19360935986792e-07	2.26698968959666e-08	-2.26698968959666e-08
32.1810000133514	0.02	-0.02	1.33517591993279e-07	2.57979470800178e-08	-2.57979470800178e-08
32.2210000944138	0.02	-0.02	1.69718471270946e-07	2.67109333338857e-08	-2.67109333338857e-08
32.2610000562668	0.02	-0.02	1.54332368691218e-07	2.97278142700297e-08	-2.97278142700297e-08
32.3010000181198	0.02	-0.02	2.40437603745731e-07	3.65589753990454e-08	-3.65589753990454e-08
32.3409999799728	0.02	-0.02	2.68405011338462e-07	4.08158330106509e-08	-4.08158330106509e-08
32.3810000610352	0.02	-0.02	2.73356302763277e-07	4.32319800877085e-08	-4.32319800877085e-08
32.4210000228882	0.02	-0.02	1.35142760966389e-07	3.66151289618797e-08	-3.66151289618797e-08
32.4609999847412	0.02	-0.02	2.15103887339677e-07	3.54879508538536e-08	-3.54879508538536e-08
32.5010000658035	0.02	-0.02	2.20100229925708e-07	3.25526865871503e-08	-3.25526865871503e-08
32.5410000276566	0.02	-0.02	1.96857028903797e-07	2.9369742383101e-08	-2.9369742383101e-08
32.5809999895096	0.02	-0.02	1.84111210210574e-07	2.61658861665281e-08	-2.61658861665281e-08
32.6210000705719	0.02	-0.02	3.10026960496607e-07	4.51453837732596e-08	-4.51453837732596e-08
32.6610000324249	0.02	-0.02	7.66716380417299e-07	9.4876509515928e-08	-9.4876509515928e-08
32.700999994278	0.02	-0.02	5.43341693804513e-07	9.45025890479143e-08	-9.45025890479143e-08
32.7410000753403	0.02	-0.02	5.62245644960644e-07	7.06632647396336e-08	-7.06632647396336e-08
32.7810000371933	0.02	-0.02	3.1134140685634e-07	5.37899900601685e-08	-5.37899900601685e-08
32.8209999990463	0.02	-0.02	2.16159148069725e-07	3.99446859227903e-08	-3.99446859227903e-08
32.8610000801086	0.02	-0.02	1.29197946764027e-07	3.19240061753796e-08	-3.19240061753796e-08
32.9210000228882	0.04	-0.04	5.73144621350237e-08	1.3746192482701e-08	-1.3746192482701e-08
33.0010000658035	0.04	-0.04	3.83118764283112e-08	8.68037988127151e-09	-8.68037988127151e-09
33.0610000085831	0.02	-0.02	4.85477337059051e-08	8.96073012018188e-09	-8.96073012018188e-09
33.1210000705719	0.04	-0.04	2.19971002838125e-08	4.62609006689744e-09	-4.62609006689744e-09
33.1810000133514	0.02	-0.02	2.14270854564766e-08	4.61422190689143e-09	-4.61422190689143e-09
33.2410000753403	0.04	-0.04	1.85364538083682e-08	3.84251607938907e-09	-3.84251607938907e-09
33.3410000197093	0.06	-0.06	1.79651820059611e-08	5.0531444023202e-09	-5.0531444023202e-09
33.4610000244776	0.06	-0.06	3.57990022910569e-08	8.53283683457812e-09	-8.53283683457812e-09
33.581000029246	0.06	-0.06	5.31245373050322e-08	1.52626673092286e-08	-1.52626673092286e-08
33.6610000324249	0.02	-0.02	2.18298204930825e-07	4.3818333068939e-08	-4.3818333068939e-08
33.700999994278	0.02	-0.02	1.83087580212454e-07	4.65601259735592e-08	-4.65601259735592e-08
33.7410000753403	0.02	-0.02	1.44860210476195e-07	3.08983584185908e-08	-3.08983584185908e-08
33.8010000181198	0.04	-0.04	7.3748479750466e-08	1.41596919575209e-08	-1.41596919575209e-08
33.8810000610352	0.04	-0.04	2.89559224393428e-08	6.77566455304627e-09	-6.77566455304627e-09
33.9410000038147	0.02	-0.02	3.14430325447613e-08	5.94584146556274e-09	-5.94584146556274e-09
33.981000084877	0.02	-0.02	1.63247952854552e-08	4.37364382677077e-09	-4.37364382677077e-09
34.02100004673	0.02	-0.02	2.44440072877756e-08	5.67838716803277e-09	-5.67838716803277e-09
34.0610000085831	0.02	-0.02	3.07284765304054e-08	9.71105554976753e-09	-9.71105554976753e-09
34.1010000896454	0.02	-0.02	7.10083069835594e-08	1.72268021689986e-08	-1.72268021689986e-08
34.1410000514984	0.02	-0.02	1.32933727077442e-07	2.76567058153695e-08	-2.76567058153695e-08
34.1810000133514	0.02	-0.02	2.49957435056303e-07	4.78241234295232e-08	-4.78241234295232e-08
34.2210000944138	0.02	-0.02	3.84336767499205e-07	7.20100405228409e-08	-7.20100405228409e-08
34.2610000562668	0.02	-0.02	3.16858026845328e-07	5.57002291319414e-08	-5.57002291319414e-08
34.3010000181198	0.02	-0.02	2.08967246623751e-07	3.78674716867745e-08	-3.78674716867745e-08
34.3409999799728	0.02	-0.02	1.60931650340686e-07	3.14601468828164e-08	-3.14601468828164e-08
34.3810000610352	0.02	-0.02	2.01367100402623e-07	3.09890639193827e-08	-3.09890639193827e-08
34.4210000228882	0.02	-0.02	1.7896010041768e-07	2.90007742864453e-08	-2.90007742864453e-08
34.4609999847412	0.02	-0.02	7.26398137675193e-08	2.97543490236712e-08	-2.97543490236712e-08
34.5010000658035	0.02	-0.02	1.4437173624196e-07	2.96278768341266e-08	-2.96278768341266e-08
34.581000029246	0.06	-0.06	8.37104026542157e-08	1.3871222910384e-08	-1.3871222910384e-08
34.6610000324249	0.02	-0.02	8.38134794112331e-08	1.72852417394297e-08	-1.72852417394297e-08
34.700999994278	0.02	-0.02	6.18533444653935e-08	1.34216768484251e-08	-1.34216768484251e-08
34.7410000753403	0.02	-0.02	6.17162831024031e-08	1.1789239480438e-08	-1.1789239480438e-08
34.7810000371933	0.02	-0.02	4.47476982181885e-08	9.71604184379788e-09	-9.71604184379788e-09
34.8209999990463	0.02	-0.02	9.02190497753369e-08	1.44372483021053e-08	-1.44372483021053e-08
34.8610000801086	0.02	-0.02	1.44398721052441e-07	2.26925454158267e-08	-2.26925454158267e-08
34.9010000419617	0.02	-0.02	2.10691959998338e-07	3.6010508888635e-08	-3.6010508888635e-08
34.9410000038147	0.02	-0.02	1.92146702437863e-07	5.7044956858936e-08	-5.7044956858936e-08
34.981000084877	0.02	-0.02	1.99820957065043e-07	3.74997564416708e-08	-3.74997564416708e-08
35.02100004673	0.02	-0.02	6.93127283371606e-08	1.4467367677536e-08	-1.4467367677536e-08
35.0610000085831	0.02	-0.02	2.89573727473223e-08	5.94611811940007e-09	-5.94611811940007e-09
35.1010000896454	0.02	-0.02	1.11240864255198e-08	2.38854128327835e-09	-2.38854128327835e-09
35.1410000514984	0.02	-0.02	8.09969270744569e-09	3.25517510099831e-09	-3.25517510099831e-09
35.1810000133514	0.02	-0.02	3.57748114532426e-08	6.8021406511686e-09	-6.8021406511686e-09
35.2210000944138	0.02	-0.02	5.79463125929951e-08	1.25672994690101e-08	-1.25672994690101e-08
35.2610000562668	0.02	-0.02	1.24240299706207e-07	2.62282954965722e-08	-2.62282954965722e-08
35.3010000181198	0.02	-0.02	1.34666737832832e-07	2.45205261848512e-08	-2.45205261848512e-08
35.3409999799728	0.02	-0.02	8.3959068047883e-08	1.73285009320039e-08	-1.73285009320039e-08
35.3810000610352	0.02	-0.02	6.38279691648924e-08	1.34138403558631e-08	-1.34138403558631e-08
35.4210000228882	0.02	-0.02	5.3239647097258e-08	9.28879044831929e-09	-9.28879044831929e-09
35.4609999847412	0.02	-0.02	5.77697256147561e-08	1.07055432024968e-08	-1.07055432024968e-08
35.5010000658035	0.02	-0.02	9.56039123094916e-08	1.5479388044663e-08	-1.5479388044663e-08
35.5410000276566	0.02	-0.02	9.58863849747393e-08	2.10317645360409e-08	-2.10317645360409e-08
35.5809999895096	0.02	-0.02	1.04107081334331e-07	2.75215888651143e-08	-2.75215888651143e-08
35.6210000705719	0.02	-0.02	1.57889858398377e-07	2.95795153793346e-08	-2.95795153793346e-08
35.6610000324249	0.02	-0.02	1.33483908410202e-07	2.7671214072752e-08	-2.7671214072752e-08
35.700999994278	0.02	-0.02	1.09910408274385e-07	2.6989018333845e-08	-2.6989018333845e-08
35.7410000753403	0.02	-0.02	1.19347371187156e-07	2.65527372716307e-08	-2.65527372716307e-08
35.7810000371933	0.02	-0.02	1.51411379136841e-07	2.8037481343554e-08	-2.8037481343554e-08
35.8209999990463	0.02	-0.02	1.02945553876566e-07	2.68343199699719e-08	-2.68343199699719e-08
35.8610000801086	0.02	-0.02	1.64280198152726e-07	2.8982292393885e-08	-2.8982292393885e-08
35.9010000419617	0.02	-0.02	1.33735716500347e-07	3.09796747352085e-08	-3.09796747352085e-08
35.9410000038147	0.02	-0.02	8.22660295632098e-08	2.65101264168179e-08	-2.65101264168179e-08
35.981000084877	0.02	-0.02	8.41767568388332e-08	2.06153000848551e-08	-2.06153000848551e-08
36.02100004673	0.02	-0.02	8.01368447508901e-08	1.76393375368237e-08	-1.76393375368237e-08
36.0610000085831	0.02	-0.02	6.70162044658203e-08	1.44531924809204e-08	-1.44531924809204e-08
36.1210000705719	0.04	-0.04	3.02294890020991e-08	6.77709800902583e-09	-6.77709800902583e-09
36.1810000133514	0.02	-0.02	3.53174674823876e-08	7.01831666272189e-09	-7.01831666272189e-09
36.2410000753403	0.04	-0.04	1.99085632702449e-08	5.49153966496023e-09	-5.49153966496023e-09
36.3209999990463	0.04	-0.04	3.71976216853525e-08	8.15684852559108e-09	-8.15684852559108e-09
36.4210000228882	0.06	-0.06	5.70731129281494e-08	1.03575550400135e-08	-1.03575550400135e-08
36.5010000658035	0.02	-0.02	1.06200654317246e-07	2.37484814677111e-08	-2.37484814677111e-08
36.5410000276566	0.02	-0.02	1.13613526472931e-07	2.52370980633043e-08	-2.52370980633043e-08
36.6010000300407	0.04	-0.04	8.16179013667599e-08	1.79984842435108e-08	-1.79984842435108e-08
36.6610000324249	0.02	-0.02	1.24274915057285e-07	2.85644359086159e-08	-2.85644359086159e-08
36.700999994278	0.02	-0.02	1.3310931766071e-07	2.65255260697336e-08	-2.65255260697336e-08
36.7610000562668	0.04	-0.04	6.95447367262651e-08	1.30490421723231e-08	-1.30490421723231e-08
36.8209999990463	0.02	-0.02	5.27772788154939e-08	1.19743400373516e-08	-1.19743400373516e-08
36.8610000801086	0.02	-0.02	4.78544412497428e-08	1.0177786755755e-08	-1.0177786755755e-08
36.9010000419617	0.02	-0.02	2.93253056817579e-08	7.33470372491202e-09	-7.33470372491202e-09
36.9410000038147	0.02	-0.02	2.19422739113959e-08	5.21069216829487e-09	-5.21069216829487e-09
36.981000084877	0.02	-0.02	1.69589335684193e-08	4.76797787098962e-09	-4.76797787098962e-09
37.02100004673	0.02	-0.02	3.46007337143075e-08	6.26161733405933e-09	-6.26161733405933e-09
37.0610000085831	0.02	-0.02	2.94984497579492e-08	7.75155338947143e-09	-7.75155338947143e-09
37.1010000896454	0.02	-0.02	3.85273225661233e-08	9.32456715017812e-09	-9.32456715017812e-09
37.1410000514984	0.02	-0.02	5.18496654656087e-08	1.29370140850992e-08	-1.29370140850992e-08
37.1810000133514	0.02	-0.02	1.01425354112577e-07	1.72367312319189e-08	-1.72367312319189e-08
37.2210000944138	0.02	-0.02	8.12757593321585e-08	1.88553773417109e-08	-1.88553773417109e-08
37.2610000562668	0.02	-0.02	1.14633814846059e-07	1.7588495077559e-08	-1.7588495077559e-08
37.3010000181198	0.02	-0.02	6.02165648267653e-08	1.31079568214612e-08	-1.31079568214612e-08
37.3409999799728	0.02	-0.02	4.68238320802907e-08	1.12893138248035e-08	-1.12893138248035e-08
37.3810000610352	0.02	-0.02	5.7728302482681e-08	1.31246591482014e-08	-1.31246591482014e-08
37.4210000228882	0.02	-0.02	1.0773809829401e-07	1.87958543734598e-08	-1.87958543734598e-08
37.4609999847412	0.02	-0.02	7.63307241301851e-08	2.52697649064296e-08	-2.52697649064296e-08
37.5010000658035	0.02	-0.02	1.94074308080146e-07	3.68527624107408e-08	-3.68527624107408e-08
37.5410000276566	0.02	-0.02	2.07243144810872e-07	6.84679151752701e-08	-6.84679151752701e-08
37.9610000443459	0.04	-0.04	3.29982337771569e-07	6.51313788846724e-08	-6.51313788846724e-08
38.02100004673	0.02	-0.02	3.25447757950421e-07	7.09284519791095e-08	-7.09284519791095e-08
38.0810000491142	0.04	-0.04	1.8908623014559e-07	3.66708804458896e-08	-3.66708804458896e-08
38.1610000324249	0.04	-0.04	1.34437574925891e-07	2.52053847335243e-08	-2.52053847335243e-08
38.2210000944138	0.02	-0.02	1.00747229822872e-07	2.4435145048761e-08	-2.4435145048761e-08
38.3010000181198	0.02	-0.02	1.41584316537041e-07	3.36397965684796e-08	-3.36397965684796e-08
38.361000020504	0.04	-0.04	1.13596564183645e-07	2.73756913070114e-08	-2.73756913070114e-08
38.4410000038147	0.04	-0.04	1.70952700455723e-07	3.6650826327601e-08	-3.6650826327601e-08
38.52100004673	0.04	-0.04	2.04577487101832e-07	4.46851095554459e-08	-4.46851095554459e-08
38.5809999895096	0.02	-0.02	2.51566395909778e-07	5.94642155264791e-08	-5.94642155264791e-08
38.6210000705719	0.02	-0.02	1.7970336143494e-07	4.48217447396992e-08	-4.48217447396992e-08
38.6810000133514	0.04	-0.04	6.52750076696096e-08	2.07185683295857e-08	-2.07185683295857e-08
38.7410000753403	0.02	-0.02	7.87195469484376e-08	1.92038614729379e-08	-1.92038614729379e-08
38.8010000181198	0.04	-0.04	3.92438598709979e-08	8.36060583200571e-09	-8.36060583200571e-09
38.8810000610352	0.04	-0.04	2.35726500588152e-08	4.78259661810237e-09	-4.78259661810237e-09
38.9610000443459	0.04	-0.04	2.34465099880943e-08	5.28164628425247e-09	-5.28164628425247e-09
39.02100004673	0.02	-0.02	3.83082732673463e-08	8.91216949075585e-09	-8.91216949075585e-09
39.1010000896454	0.02	-0.02	4.64849466805801e-08	9.49301073913469e-09	-9.49301073913469e-09
39.2410000356038	0.12	-0.12	1.38464540551843e-08	4.03608654094716e-09	-4.03608654094716e-09
39.4810000252724	0.12	-0.12	2.26651763785058e-08	4.87138397904843e-09	-4.87138397904843e-09
39.6810000431538	0.08	-0.08	2.15791683880444e-08	5.05166547488899e-09	-5.05166547488899e-09
39.8210000387828	0.06	-0.06	2.78802138874305e-08	5.21827676947802e-09	-5.21827676947802e-09
39.9010000419617	0.02	-0.02	3.47292682007635e-08	8.47255630686211e-09	-8.47255630686211e-09
39.9610000443459	0.04	-0.04	2.87873563400873e-08	6.87212459291373e-09	-6.87212459291373e-09
40.0410000276566	0.04	-0.04	4.5672111633206e-08	9.98163034732531e-09	-9.98163034732531e-09
40.1210000705719	0.04	-0.04	5.96154535317377e-08	1.52077908986898e-08	-1.52077908986898e-08
40.1810000133514	0.02	-0.02	1.22657719392153e-07	2.81282327796642e-08	-2.81282327796642e-08
40.3210000387828	0.12	-0.12	1.02708335067624e-07	2.41433169634435e-08	-2.41433169634435e-08
40.5210000169277	0.08	-0.08	2.17452498381895e-07	4.85977501401947e-08	-4.85977501401947e-08
40.6210000705719	0.02	-0.02	2.25776932223025e-07	5.30816616029513e-08	-5.30816616029513e-08
40.7210000348091	0.08	-0.08	6.04511161984471e-08	1.47696144100091e-08	-1.47696144100091e-08
40.8209999990463	0.02	-0.02	7.57574007657817e-08	1.73550832208977e-08	-1.73550832208977e-08
40.8610000801086	0.02	-0.02	6.81834571377131e-08	1.33159801307673e-08	-1.33159801307673e-08
40.9410000435511	0.06	-0.06	1.57788137679627e-08	4.66825504638992e-09	-4.66825504638992e-09
41.0610000483195	0.06	-0.06	1.05089158887385e-08	2.43869739475881e-09	-2.43869739475881e-09
41.2610000392369	0.14	-0.14	4.3237569535353e-09	9.85630815184125e-10	-9.85630815184125e-10
41.5410000276566	0.14	-0.14	1.44320762588914e-08	3.74022874553575e-09	-3.74022874553575e-09
41.7210000348091	0.04	-0.04	6.84930168357836e-08	1.65031859552068e-08	-1.65031859552068e-08
41.8010000181198	0.04	-0.04	5.69919836580045e-08	2.35537000467036e-08	-2.35537000467036e-08
41.8810000610352	0.04	-0.04	8.99853119614972e-08	2.09945297871678e-08	-2.09945297871678e-08
41.9610000443459	0.04	-0.04	7.28615823112571e-08	1.86453964501035e-08	-1.86453964501035e-08
42.02100004673	0.02	-0.02	1.02276917023484e-07	2.53854993745409e-08	-2.53854993745409e-08
42.0810000491142	0.04	-0.04	6.10742029516717e-08	1.5162872421153e-08	-1.5162872421153e-08
42.1410000514984	0.02	-0.02	9.07212573937379e-08	2.00652863617333e-08	-2.00652863617333e-08
42.241000045538	0.08	-0.08	2.89602097098373e-08	7.81380247792044e-09	-7.81380247792044e-09
42.4010000121594	0.08	-0.08	3.02999980754152e-08	6.80831436995273e-09	-6.80831436995273e-09
42.6410000365973	0.16	-0.16	1.63332920760991e-08	3.78259236510383e-09	-3.78259236510383e-09
42.8410000395775	0.04	-0.04	2.50748848874635e-08	6.06412978797306e-09	-6.06412978797306e-09
42.9210000228882	0.04	-0.04	2.50352207995152e-08	5.95611285392224e-09	-5.95611285392224e-09
43.2810000371933	0.32	-0.32	6.180758620424e-09	1.27213249676463e-09	-1.27213249676463e-09
43.6810000431538	0.08	-0.08	9.83496529306244e-09	2.15142420546917e-09	-2.15142420546917e-09
43.8410000395775	0.08	-0.08	8.5403216344685e-09	2.16784204028191e-09	-2.16784204028191e-09
43.9810000451406	0.06	-0.06	1.00435501156457e-08	2.48847386499765e-09	-2.48847386499765e-09
44.1210000407696	0.08	-0.08	5.58745461316073e-09	2.25827365199687e-09	-2.25827365199687e-09
44.2210000944138	0.02	-0.02	1.90050206116436e-08	4.6115965207933e-09	-4.6115965207933e-09
44.2810000371933	0.04	-0.04	1.63367752554e-08	3.58056120066755e-09	-3.58056120066755e-09
44.4410000236829	0.12	-0.12	8.14845194613056e-09	2.04821803984653e-09	-2.04821803984653e-09
44.6010000300407	0.04	-0.04	1.49212742366699e-08	3.7265054285714e-09	-3.7265054285714e-09
44.6810000133514	0.04	-0.04	1.7659466460461e-08	3.80875498916467e-09	-3.80875498916467e-09
44.7610000562668	0.04	-0.04	1.20629788435233e-08	3.89172136099879e-09	-3.89172136099879e-09
44.8209999990463	0.02	-0.02	2.38949405858194e-08	5.37310188351025e-09	-5.37310188351025e-09
44.9210000526905	0.08	-0.08	1.29999239507408e-08	2.66274549388332e-09	-2.66274549388332e-09
45.0410000276566	0.04	-0.04	2.06519231559154e-08	4.8386839024457e-09	-4.8386839024457e-09
45.1210000705719	0.04	-0.04	2.02613632957005e-08	5.7684553582813e-09	-5.7684553582813e-09
45.2210000546773	0.06	-0.06	2.89782158285248e-08	6.00435507606385e-09	-6.00435507606385e-09
45.3010000181198	0.02	-0.02	5.48091671527234e-08	1.18084967393969e-08	-1.18084967393969e-08
45.3409999799728	0.02	-0.02	5.67556676530604e-08	1.3483496686439e-08	-1.3483496686439e-08
45.4610000324249	0.1	-0.1	2.92714116491611e-08	7.3575271375504e-09	-7.3575271375504e-09
45.5809999895096	0.02	-0.02	9.7437828392324e-08	2.12960206603701e-08	-2.12960206603701e-08
45.6610000324249	0.06	-0.06	6.80396884079305e-08	1.40165580946896e-08	-1.40165580946896e-08
45.7410000753403	0.02	-0.02	1.52448238639437e-07	2.98646569884528e-08	-2.98646569884528e-08
45.8410000395775	0.08	-0.08	5.18543565750581e-08	1.72982645491729e-08	-1.72982645491729e-08
45.9610000443459	0.04	-0.04	1.49192052089265e-07	3.21652859076729e-08	-3.21652859076729e-08
46.0610000483195	0.06	-0.06	1.05524545239204e-07	3.14606076043139e-08	-3.14606076043139e-08
46.1810000530879	0.06	-0.06	1.82033750974268e-07	3.80366570411477e-08	-3.80366570411477e-08
46.3010000181198	0.06	-0.06	1.99076763146514e-07	4.83462880774837e-08	-4.83462880774837e-08
46.4610000324249	0.1	-0.1	1.91670759970261e-07	4.76367913953993e-08	-4.76367913953993e-08
46.6010000300407	0.04	-0.04	4.12774947630963e-07	9.84674798870794e-08	-9.84674798870794e-08
46.7410000276566	0.1	-0.1	2.39640374167017e-07	7.6427728750344e-08	-7.6427728750344e-08
46.8610000801086	0.02	-0.02	7.79652149833759e-07	1.899034095944e-07	-1.899034095944e-07
47.0810000491142	0.2	-0.2	3.71248121689321e-07	8.52296501288264e-08	-8.52296501288264e-08
47.3810000133514	0.1	-0.1	4.55409372009951e-07	1.00256950391594e-07	-1.00256950391594e-07
47.5810000371933	0.1	-0.1	3.29068313294503e-07	8.79895247490583e-08	-8.79895247490583e-08
47.8210000331061	0.14	-0.14	3.0811004117905e-07	6.32120511134241e-08	-6.32120511134241e-08
47.981000084877	0.02	-0.02	6.43230138270376e-07	1.56487714374625e-07	-1.56487714374625e-07
48.0410000276566	0.04	-0.04	5.36237915087598e-07	1.00477616351102e-07	-1.00477616351102e-07
48.2410000455379	0.16	-0.16	1.08533585311579e-07	3.61256598536424e-08	-3.61256598536424e-08
48.5610000234842	0.16	-0.16	1.04476603653371e-07	2.54634115697282e-08	-2.54634115697282e-08
48.7610000562668	0.04	-0.04	2.33395153642179e-07	4.21332389982422e-08	-4.21332389982422e-08
48.8810000312328	0.08	-0.08	1.0093392349002e-07	2.40533128550116e-08	-2.40533128550116e-08
49.801000037988	0.84	-0.84	2.79985119666917e-08	5.69654552471682e-09	-5.69654552471682e-09
50.9210000399181	0.28	-0.28	4.01665494963292e-08	8.74876975305748e-09	-8.74876975305748e-09
51.2610000562668	0.06	-0.06	8.42337994435045e-08	1.87465578727526e-08	-1.87465578727526e-08
51.4010000121594	0.08	-0.08	7.68797977068714e-08	1.73937572986392e-08	-1.73937572986392e-08
51.5010000658035	0.02	-0.02	1.6430556633898e-07	3.50961112433631e-08	-3.50961112433631e-08
51.6010000300407	0.08	-0.08	4.65211826637319e-08	1.61239328731218e-08	-1.61239328731218e-08
51.7610000264645	0.08	-0.08	6.22505326434481e-08	1.44149591540129e-08	-1.44149591540129e-08
52.0810000491142	0.24	-0.24	3.08544689517009e-08	7.90349483924971e-09	-7.90349483924971e-09
52.4010000121594	0.08	-0.08	6.23055570677208e-08	1.37944425392512e-08	-1.37944425392512e-08
52.5810000371933	0.1	-0.1	4.77337673068128e-08	1.13710409274736e-08	-1.13710409274736e-08
53.1810000371933	0.5	-0.5	2.04683113729409e-08	5.26388898256009e-09	-5.26388898256009e-09
53.700999994278	0.02	-0.02	1.20554743013228e-07	2.97161613930527e-08	-2.97161613930527e-08
53.881000046134	0.16	-0.16	3.54597403132214e-08	1.1065891628149e-08	-1.1065891628149e-08
54.0610000085831	0.02	-0.02	1.36262460468438e-07	3.04612519844359e-08	-3.04612519844359e-08
54.2410000455379	0.16	-0.16	4.8468598938824e-08	1.18477229559496e-08	-1.18477229559496e-08
54.5610000234842	0.16	-0.16	3.5720732751344e-08	1.24100415271799e-08	-1.24100415271799e-08
54.881000046134	0.16	-0.16	5.62967510116278e-08	1.35236705931802e-08	-1.35236705931802e-08
55.2410000395775	0.2	-0.2	4.21165952574798e-08	1.32222052815203e-08	-1.32222052815203e-08
55.4810000252724	0.04	-0.04	1.48148607658021e-07	3.4092010700572e-08	-3.4092010700572e-08
55.6010000300407	0.08	-0.08	9.58231409918066e-08	2.50127226151541e-08	-2.50127226151541e-08
55.7210000348091	0.04	-0.04	1.42855292366369e-07	3.56292061331035e-08	-3.56292061331035e-08
55.8810000411669	0.12	-0.12	9.67537516616438e-08	2.18356640518849e-08	-2.18356640518849e-08
56.2410000356038	0.24	-0.24	7.12503063378805e-08	1.5246330336155e-08	-1.5246330336155e-08
56.6010000300407	0.12	-0.12	6.84010815178686e-08	1.64220879788665e-08	-1.64220879788665e-08
56.8010000479221	0.08	-0.08	6.8079500791773e-08	1.59860327086572e-08	-1.59860327086572e-08
57.4610000381798	0.58	-0.58	1.80206515135486e-08	3.814759524958e-09	-3.814759524958e-09
58.101000049909	0.06	-0.06	4.72058901074855e-08	1.12565136686261e-08	-1.12565136686261e-08
58.4010000320276	0.24	-0.24	2.25652432978586e-08	5.4490635400227e-09	-5.4490635400227e-09
58.7210000348091	0.08	-0.08	4.03291576737463e-08	9.75818306820237e-09	-9.75818306820237e-09
58.9610000443459	0.16	-0.16	2.5324988167689e-08	7.1506419113477e-09	-7.1506419113477e-09
59.2810000371933	0.16	-0.16	3.14192588314182e-08	7.38557945697149e-09	-7.38557945697149e-09
60.1410000344685	0.7	-0.7	1.8291245118652e-08	3.99693048997849e-09	-3.99693048997849e-09
61.5410000412805	0.7	-0.7	1.37051423834563e-08	5.09576376925504e-09	-5.09576376925504e-09
62.4410000276565	0.2	-0.2	4.24629524406026e-08	1.05385607419843e-08	-1.05385607419843e-08
63.3610000370608	0.72	-0.72	2.4218668256231e-08	5.64403910494214e-09	-5.64403910494214e-09
