## BAT - batSNR4flux
0.0609999986489614	0.06	-0.06	3.55178142890022e-08	1.02431627215041e-08	-1.02431627215041e-08
0.140999991893768	0.02	-0.02	9.43801833922537e-08	1.97711238910894e-08	-1.97711238910894e-08
0.201000009179115	0.04	-0.04	6.46497303954064e-08	1.42668448739517e-08	-1.42668448739517e-08
0.300999998251597	0.06	-0.06	6.29952016473487e-08	1.27180937679806e-08	-1.27180937679806e-08
0.381000001430511	0.02	-0.02	9.74914554403577e-08	2.32504121883612e-08	-2.32504121883612e-08
0.521000002026558	0.12	-0.12	5.40442911027087e-08	1.04293438219118e-08	-1.04293438219118e-08
0.72099999755621	0.08	-0.08	4.02980205993772e-08	9.07388606608371e-09	-9.07388606608371e-09
0.840999994874001	0.04	-0.04	4.20534172543671e-08	9.30656431835337e-09	-9.30656431835337e-09
1.02099999989782	0.14	-0.14	1.54705526416678e-08	3.35460443029924e-09	-3.35460443029924e-09
1.30100000108991	0.14	-0.14	6.57875718021253e-09	1.83213620874572e-09	-1.83213620874572e-09
1.48100001037121	0.04	-0.04	9.19751038462806e-09	2.24338064731484e-09	-2.24338064731484e-09
1.58099999944369	0.06	-0.06	6.15448107554149e-09	1.44776535309304e-09	-1.44776535309304e-09
1.6610000026226	0.02	-0.02	9.12472171789531e-09	2.1580546767781e-09	-2.1580546767781e-09
1.76099999666214	0.08	-0.08	3.86430691799064e-09	8.39960088890222e-10	-8.39960088890222e-10
1.88100000143051	0.04	-0.04	4.04632691249959e-09	8.86211528776523e-10	-8.86211528776523e-10
2.08100000068545	0.16	-0.16	3.25933430609772e-09	7.6327098231559e-10	-7.6327098231559e-10
2.32099999904633	0.08	-0.08	9.75082342766517e-09	2.1526491534859e-09	-2.1526491534859e-09
2.46100000460943	0.06	-0.06	1.57961191741738e-08	3.8015368495883e-09	-3.8015368495883e-09
2.66099999836513	0.14	-0.14	1.76968246421159e-08	4.34930827684733e-09	-4.34930827684733e-09
2.82099999904633	0.02	-0.02	8.13271461837771e-08	1.93984209358651e-08	-1.93984209358651e-08
2.88100000143051	0.04	-0.04	3.57791937598892e-08	1.51085976141313e-08	-1.51085976141313e-08
2.98099999547005	0.06	-0.06	6.77803273027372e-08	1.64272620021243e-08	-1.64272620021243e-08
3.06100000858307	0.02	-0.02	1.4166415693711e-07	3.41341226311651e-08	-3.41341226311651e-08
3.1610000026226	0.08	-0.08	9.13371610489084e-08	2.52620788067147e-08	-2.52620788067147e-08
3.28099999248981	0.04	-0.04	8.98804884918746e-08	2.17586039551624e-08	-2.17586039551624e-08
3.40100000470877	0.08	-0.08	3.83249898369271e-08	8.71611221146034e-09	-8.71611221146034e-09
3.56100000113249	0.08	-0.08	1.94503514540851e-08	4.23059083072956e-09	-4.23059083072956e-09
3.70099999427795	0.06	-0.06	1.11844815146093e-08	2.64359214012881e-09	-2.64359214012881e-09
3.78100000739098	0.02	-0.02	1.38613245336436e-08	3.08312445210314e-09	-3.08312445210314e-09
3.88100000143051	0.08	-0.08	3.41213743007671e-09	1.00842461969961e-09	-1.00842461969961e-09
4.00099999129772	0.04	-0.04	3.5181482423088e-09	7.87005942700596e-10	-7.87005942700596e-10
4.22100000169542	0.18	-0.18	1.23555424233783e-09	3.07026435334692e-10	-3.07026435334692e-10
4.46100000460943	0.06	-0.06	6.30129037375091e-09	1.1542276277683e-09	-1.1542276277683e-09
4.70099999758932	0.18	-0.18	6.75858511575139e-09	1.46479776324481e-09	-1.46479776324481e-09
4.98100000143051	0.1	-0.1	2.31021186361531e-08	4.94903176806865e-09	-4.94903176806865e-09
5.14100000182788	0.06	-0.06	4.56354645002674e-08	1.08525353480978e-08	-1.08525353480978e-08
5.22100000500679	0.02	-0.02	9.82934313431476e-08	2.16973620131919e-08	-2.16973620131919e-08
5.3009999982516	0.06	-0.06	3.31511857834779e-08	1.09272116884624e-08	-1.09272116884624e-08
5.4410000038147	0.08	-0.08	3.14977992238165e-08	7.27987691768459e-09	-7.27987691768459e-09
5.54099999785423	0.02	-0.02	5.31336647321879e-08	1.25094334562947e-08	-1.25094334562947e-08
5.64099999934435	0.08	-0.08	1.21782232474531e-08	4.94683033825068e-09	-4.94683033825068e-09
5.76099999666214	0.04	-0.04	2.3290954048215e-08	5.64942327730642e-09	-5.64942327730642e-09
5.88100000143051	0.08	-0.08	1.50969029611329e-08	3.28673199350306e-09	-3.28673199350306e-09
6.00099999129772	0.04	-0.04	1.57559449670201e-08	3.72915956610601e-09	-3.72915956610601e-09
6.1610000026226	0.12	-0.12	6.02767922607287e-09	1.61446058460519e-09	-1.61446058460519e-09
6.40100000222524	0.12	-0.12	4.78089852550625e-09	1.01314899197758e-09	-1.01314899197758e-09
6.58099999944369	0.06	-0.06	4.96109524249132e-09	1.04057754413365e-09	-1.04057754413365e-09
6.72099999755621	0.08	-0.08	1.77863473216892e-09	6.96740004101583e-10	-6.96740004101583e-10
6.88100000143051	0.08	-0.08	2.35601286601108e-09	5.73877991704491e-10	-5.73877991704491e-10
7.12099999979138	0.16	-0.16	2.0955783156102e-09	6.65237512287577e-10	-6.65237512287577e-10
7.38100000143051	0.1	-0.1	5.71258750585877e-09	1.41008115750705e-09	-1.41008115750705e-09
7.52100000202656	0.04	-0.04	1.22401817441413e-08	3.00062814019617e-09	-3.00062814019617e-09
7.64099999934435	0.08	-0.08	1.48091662875914e-08	2.75405688253065e-09	-2.75405688253065e-09
7.76099999666214	0.04	-0.04	2.5175700412118e-08	4.7756025133141e-09	-4.7756025133141e-09
7.88100000143051	0.08	-0.08	1.88752947901513e-08	4.49429284436985e-09	-4.49429284436985e-09
8.04099999785423	0.08	-0.08	3.05822277144225e-08	6.02455229997565e-09	-6.02455229997565e-09
8.14099999189377	0.02	-0.02	6.14808353905248e-08	1.43358299507586e-08	-1.43358299507586e-08
8.20100000917911	0.04	-0.04	3.559642888955e-08	1.13926527065059e-08	-1.13926527065059e-08
8.28099999248981	0.04	-0.04	6.43569751073649e-08	1.40010181156083e-08	-1.40010181156083e-08
8.36100000560284	0.04	-0.04	6.37129461628248e-08	1.62098692042297e-08	-1.62098692042297e-08
8.4410000038147	0.04	-0.04	7.44710222040293e-08	1.62144422573851e-08	-1.62144422573851e-08
8.56100000113249	0.08	-0.08	2.61324939578674e-08	7.6642371256966e-09	-7.6642371256966e-09
8.68099999845028	0.04	-0.04	2.85949723106709e-08	6.64992324859168e-09	-6.64992324859168e-09
8.76099999666214	0.04	-0.04	1.83690534738142e-08	4.80749565190281e-09	-4.80749565190281e-09
8.840999994874	0.04	-0.04	1.69381031412289e-08	3.6567130492797e-09	-3.6567130492797e-09
8.92100000798702	0.04	-0.04	9.16720034823996e-09	2.66417129352393e-09	-2.66417129352393e-09
9.00099999129772	0.04	-0.04	8.45663920558929e-09	2.10215900900867e-09	-2.10215900900867e-09
9.1610000026226	0.12	-0.12	3.19665747672339e-09	6.26502639983298e-10	-6.26502639983298e-10
9.34099999984105	0.06	-0.06	2.04628648496272e-09	4.51242306160567e-10	-4.51242306160567e-10
9.46100000460943	0.06	-0.06	1.07482917567141e-09	4.34513739808445e-10	-4.34513739808445e-10
9.54099999785423	0.02	-0.02	4.97659478625298e-09	1.07188854169843e-09	-1.07188854169843e-09
9.58099998950958	0.02	-0.02	5.88943674815933e-09	1.46602889248488e-09	-1.46602889248488e-09
9.64100000679493	0.04	-0.04	3.83520223947752e-09	1.23473156477635e-09	-1.23473156477635e-09
9.70099999427795	0.02	-0.02	1.203463415195e-08	2.44225555990639e-09	-2.44225555990639e-09
9.7409999859333	0.02	-0.02	7.28447522518997e-09	2.99274305561548e-09	-2.99274305561548e-09
9.78100000739098	0.02	-0.02	1.42755143480429e-08	3.40124774552148e-09	-3.40124774552148e-09
9.92099999805291	0.12	-0.12	1.5219517485445e-08	2.87152991159996e-09	-2.87152991159996e-09
10.1010000002384	0.06	-0.06	4.02824238357809e-08	9.63287802663602e-09	-9.63287802663602e-09
10.2210000050068	0.06	-0.06	7.88249071797765e-08	1.81302342014388e-08	-1.81302342014388e-08
10.4610000012981	0.18	-0.18	8.23906022425059e-08	2.01757437874247e-08	-2.01757437874247e-08
10.8209999990463	0.18	-0.18	4.95724456343552e-08	1.26279082915562e-08	-1.26279082915562e-08
11.0209999871254	0.02	-0.02	1.17796640843809e-07	2.86559479153486e-08	-2.86559479153486e-08
11.2410000008345	0.2	-0.2	2.72543364109156e-08	6.99743925925658e-09	-6.99743925925658e-09
11.5410000038147	0.1	-0.1	3.14860966995341e-08	6.66947578940205e-09	-6.66947578940205e-09
11.9009999984044	0.26	-0.26	1.29055897104282e-08	2.71866418925366e-09	-2.71866418925366e-09
12.2610000026226	0.1	-0.1	1.15886002663502e-08	2.81097868368103e-09	-2.81097868368103e-09
12.42100000302	0.06	-0.06	1.3666203258619e-08	2.93891780089735e-09	-2.93891780089735e-09
12.7210000000397	0.24	-0.24	5.64024648068038e-09	1.01579641206349e-09	-1.01579641206349e-09
13.0809999994437	0.12	-0.12	5.27843959106873e-09	1.30788975249752e-09	-1.30788975249752e-09
13.3209999990463	0.12	-0.12	4.30247957707339e-09	1.35478196456736e-09	-1.35478196456736e-09
13.6010000002384	0.16	-0.16	4.88830282684065e-09	1.19268609632875e-09	-1.19268609632875e-09
13.9009999993869	0.14	-0.14	5.10434395156746e-09	1.26476606609131e-09	-1.26476606609131e-09
14.1010000002384	0.06	-0.06	7.33498123258564e-09	1.80434855847742e-09	-1.80434855847742e-09
14.3410000031524	0.18	-0.18	4.22134261782511e-09	1.11379098202659e-09	-1.11379098202659e-09
14.5809999994437	0.06	-0.06	7.7657850500852e-09	1.89463049762891e-09	-1.89463049762891e-09
16.4410000001722	1.8	-1.8	2.24900585487732e-09	3.74199752950918e-10	-3.74199752950918e-10
18.3009999982516	0.06	-0.06	9.43846003664404e-09	2.17015276926479e-09	-2.17015276926479e-09
18.9210000005364	0.56	-0.56	3.52225858922323e-09	7.55103102020634e-10	-7.55103102020634e-10
25.7610000001741	6.27999999999995	-6.27999999999995	1.20951972561917e-09	3.00925980979795e-10	-3.00925980979795e-10
44.6410000002672	12.5999999999998	-12.5999999999998	1.8032996873814e-09	6.0103757851361e-10	-6.0103757851361e-10
58.7009999999935	1.46	-1.46	2.09024229956783e-08	4.95109847609738e-09	-4.95109847609738e-09
60.5010000009396	0.34	-0.34	5.1075775949167e-08	1.16912344243702e-08	-1.16912344243702e-08
61.0210000003709	0.18	-0.18	6.86520467001141e-08	1.6695152867191e-08	-1.6695152867191e-08
61.6409999993444	0.08	-0.08	1.10398910202081e-07	2.66986701753448e-08	-2.66986701753448e-08
62.9010000000364	1.18	-1.18	3.33821088092681e-08	7.35646759555897e-09	-7.35646759555897e-09
79.6210000002265	15.5399999999998	-15.5399999999998	2.52336441947547e-08	5.787536357651e-09	-5.787536357651e-09
95.2210000050068	0.06	-0.06	3.18874237358764e-08	7.71428724954526e-09	-7.71428724954526e-09
95.4010000022252	0.12	-0.12	1.33797512874459e-08	5.21173724810482e-09	-5.21173724810482e-09
95.6409999968608	0.12	-0.12	2.05050439228237e-08	5.00782983924953e-09	-5.00782983924953e-09
95.9210000005364	0.16	-0.16	8.34284570743443e-09	4.15073775341019e-09	-4.15073775341019e-09
96.1209999960661	0.04	-0.04	3.33689518553468e-08	8.08591005323712e-09	-8.08591005323712e-09
96.481000001058	0.32	-0.32	1.09095856497519e-08	2.62470104412669e-09	-2.62470104412669e-09
96.9609999996424	0.16	-0.16	1.46102146234491e-08	3.4184121462454e-09	-3.4184121462454e-09
98.1209999990463	0.2	-0.2	1.09020205945447e-08	2.50608165343388e-09	-2.50608165343388e-09
98.8010000007351	0.48	-0.48	6.03831411994827e-09	1.45833552851191e-09	-1.45833552851191e-09
99.3409999998411	0.06	-0.06	2.71183836802912e-08	6.33289981088362e-09	-6.33289981088362e-09
99.8410000002926	0.44	-0.44	1.52292086908415e-08	3.50814790933808e-09	-3.50814790933808e-09
100.541000000147	0.26	-0.26	3.58886874468746e-08	8.01889354650219e-09	-8.01889354650219e-09
100.980999998781	0.18	-0.18	5.82295119965168e-08	1.39492648889961e-08	-1.39492648889961e-08
101.30100000109	0.14	-0.14	9.51802225528758e-08	2.09575074965438e-08	-2.09575074965438e-08
101.501000006199	0.06	-0.06	1.71382688932272e-07	3.61650138495024e-08	-3.61650138495024e-08
101.860999998649	0.3	-0.3	4.64918150317132e-08	1.01366656487959e-08	-1.01366656487959e-08
102.461000000636	0.3	-0.3	1.5756472742856e-08	3.83928501626654e-09	-3.83928501626654e-09
102.981000000889	0.22	-0.22	2.34287484836067e-08	5.30457895341022e-09	-5.30457895341022e-09
103.241000000834	0.04	-0.04	5.35006525026902e-08	1.31949910371571e-08	-1.31949910371571e-08
103.340999999841	0.06	-0.06	3.13947123253863e-08	1.13692824456068e-08	-1.13692824456068e-08
103.461000004609	0.06	-0.06	4.83113368358623e-08	1.19994313403781e-08	-1.19994313403781e-08
103.760999999146	0.24	-0.24	3.71209402140233e-08	8.03651133280821e-09	-8.03651133280821e-09
104.121000001033	0.12	-0.12	6.67270200415673e-08	1.54845460715635e-08	-1.54845460715635e-08
104.28099999249	0.04	-0.04	1.45144564160469e-07	3.13833862768901e-08	-3.13833862768901e-08
104.401000004709	0.08	-0.08	9.70102930834315e-08	2.48589009800686e-08	-2.48589009800686e-08
104.501000006199	0.02	-0.02	2.33871870294903e-07	5.16726274205759e-08	-5.16726274205759e-08
104.601000000238	0.08	-0.08	1.15643889487768e-07	2.59585576555626e-08	-2.59585576555626e-08
104.720999990106	0.04	-0.04	1.8623066250381e-07	3.92229683131011e-08	-3.92229683131011e-08
104.801000003219	0.04	-0.04	1.85033987081043e-07	4.05371293779874e-08	-4.05371293779874e-08
104.881000001431	0.04	-0.04	1.07617108113363e-07	4.04140687932887e-08	-4.04140687932887e-08
104.941000003815	0.02	-0.02	2.46374360020748e-07	5.45327699514453e-08	-5.45327699514453e-08
105.060999996662	0.1	-0.1	1.14165614889948e-07	2.27940488416314e-08	-2.27940488416314e-08
105.261000002623	0.1	-0.1	8.57242933086979e-08	2.01209034654734e-08	-2.01209034654734e-08
105.400999997258	0.04	-0.04	1.26011309819831e-07	2.96151364924483e-08	-2.96151364924483e-08
105.481000010371	0.04	-0.04	7.52529929867358e-08	3.06016356882259e-08	-3.06016356882259e-08
105.560999993682	0.04	-0.04	1.46021793271355e-07	3.41543443766331e-08	-3.41543443766331e-08
105.781000000768	0.18	-0.18	8.85500188426074e-08	2.1795323262993e-08	-2.1795323262993e-08
106.140999998517	0.18	-0.18	1.73441787029713e-07	3.5230131733911e-08	-3.5230131733911e-08
106.381000001431	0.06	-0.06	2.67130898396647e-07	6.42888484816169e-08	-6.42888484816169e-08
106.561000003616	0.12	-0.12	1.39485480381848e-07	3.50324244801712e-08	-3.50324244801712e-08
106.740999995867	0.06	-0.06	1.63346627544993e-07	3.78954886780838e-08	-3.78954886780838e-08
107.28099999994	0.48	-0.48	2.55498371243032e-08	5.99582903080648e-09	-5.99582903080648e-09
107.781000007391	0.02	-0.02	5.79964974291057e-08	1.3969103707537e-08	-1.3969103707537e-08
108.081000000153	0.28	-0.28	1.34798607099985e-08	3.21521796498525e-09	-3.21521796498525e-09
108.641000000409	0.28	-0.28	8.0004173133674e-09	2.55781912134534e-09	-2.55781912134534e-09
109.061000000068	0.14	-0.14	1.44483680295425e-08	2.97067460641542e-09	-2.97067460641542e-09
109.381000001431	0.18	-0.18	5.13123852657773e-09	2.21439245035423e-09	-2.21439245035423e-09
109.700999998535	0.14	-0.14	2.16656347065361e-08	3.80001058253765e-09	-3.80001058253765e-09
109.901000002225	0.06	-0.06	3.55404853444935e-08	8.38810603442677e-09	-8.38810603442677e-09
110.040999997854	0.08	-0.08	4.48872821150892e-08	9.87980198529457e-09	-9.87980198529457e-09
110.28099999994	0.16	-0.16	5.12376818493095e-08	1.11520632969144e-08	-1.11520632969144e-08
110.501000006199	0.06	-0.06	1.08514034795836e-07	2.51456483883457e-08	-2.51456483883457e-08
110.58099998951	0.02	-0.02	1.45478694099492e-07	3.24951512231628e-08	-3.24951512231628e-08
110.641000006795	0.04	-0.04	5.25356028563898e-08	1.88095185848476e-08	-1.88095185848476e-08
110.720999990106	0.04	-0.04	6.10188962178329e-08	1.51595017971641e-08	-1.51595017971641e-08
110.820999999046	0.06	-0.06	3.21587154648408e-08	8.63500115784326e-09	-8.63500115784326e-09
110.941000003815	0.06	-0.06	2.52394967401327e-08	5.83873630447257e-09	-5.83873630447257e-09
111.040999997854	0.04	-0.04	2.12042206926025e-08	5.19093881141179e-09	-5.19093881141179e-09
111.201000009179	0.04	-0.04	1.1841301136733e-08	2.92764483029279e-09	-2.92764483029279e-09
111.300999998252	0.06	-0.06	7.6216275825443e-09	1.80359348743539e-09	-1.80359348743539e-09
111.42100000302	0.06	-0.06	8.77096197749369e-09	2.05300666866848e-09	-2.05300666866848e-09
111.521000002027	0.04	-0.04	1.22668685405304e-08	3.04890021298666e-09	-3.04890021298666e-09
111.621000001033	0.06	-0.06	7.87311325109661e-09	2.97486527786904e-09	-2.97486527786904e-09
111.740999995867	0.06	-0.06	1.83893329476046e-08	3.66141041087202e-09	-3.66141041087202e-09
111.840999994874	0.04	-0.04	2.44294697617562e-08	5.17115171987544e-09	-5.17115171987544e-09
111.960999999642	0.08	-0.08	2.17361758069329e-08	4.59495881704491e-09	-4.59495881704491e-09
112.081000004411	0.04	-0.04	4.23278759395626e-08	8.29467375675129e-09	-8.29467375675129e-09
112.161000002623	0.04	-0.04	2.4191594530129e-08	9.54682834527445e-09	-9.54682834527445e-09
112.241000000834	0.04	-0.04	3.68459344035345e-08	7.99920544417172e-09	-7.99920544417172e-09
112.401000002225	0.12	-0.12	1.25467040459546e-08	3.56281514319419e-09	-3.56281514319419e-09
112.580999999444	0.06	-0.06	1.544714838573e-08	3.79688134194564e-09	-3.79688134194564e-09
112.700999994278	0.06	-0.06	1.51154684570007e-08	3.04049210966047e-09	-3.04049210966047e-09
112.801000003219	0.04	-0.04	1.42572099730237e-08	3.15184401020618e-09	-3.15184401020618e-09
112.881000001431	0.04	-0.04	9.99156382221696e-09	2.81862667995325e-09	-2.81862667995325e-09
112.941000003815	0.02	-0.02	1.6355348071022e-08	3.58436416271626e-09	-3.58436416271626e-09
113.000999991298	0.04	-0.04	8.04415940694446e-09	2.1838124419745e-09	-2.1838124419745e-09
113.081000004411	0.04	-0.04	1.07210386676931e-08	2.64509947732251e-09	-2.64509947732251e-09
113.161000002623	0.04	-0.04	1.33879372617382e-08	2.98999935410784e-09	-2.98999935410784e-09
113.28099999994	0.08	-0.08	8.77851152412424e-09	2.54922679788792e-09	-2.54922679788792e-09
113.461000002623	0.1	-0.1	1.5751034651546e-08	3.01910998178072e-09	-3.01910998178072e-09
113.58099998951	0.02	-0.02	3.6429945542895e-08	8.27715174733324e-09	-8.27715174733324e-09
113.68099999845	0.08	-0.08	2.05806531916427e-08	4.81537768024526e-09	-4.81537768024526e-09
113.841000002325	0.08	-0.08	3.2077784130677e-08	5.98192587454209e-09	-5.98192587454209e-09
113.941000003815	0.02	-0.02	5.16342855060437e-08	1.22327494700413e-08	-1.22327494700413e-08
114.040999997854	0.08	-0.08	3.35197915377575e-08	6.23433530592443e-09	-6.23433530592443e-09
114.161000002623	0.04	-0.04	3.6373375284542e-08	8.55397284170219e-09	-8.55397284170219e-09
114.241000000834	0.04	-0.04	4.00980875035213e-08	8.94389856188472e-09	-8.94389856188472e-09
114.320999999046	0.04	-0.04	3.76110840523766e-08	9.10734372712346e-09	-9.10734372712346e-09
114.42100000302	0.06	-0.06	2.88421923501965e-08	7.03727105378276e-09	-7.03727105378276e-09
114.561000001132	0.08	-0.08	2.10758545859158e-08	6.38044567154229e-09	-6.38044567154229e-09
114.720999997556	0.08	-0.08	2.65691382527793e-08	6.239400821993e-09	-6.239400821993e-09
114.881000001431	0.08	-0.08	1.22419941250964e-08	6.03825290466124e-09	-6.03825290466124e-09
115.02099999706	0.06	-0.06	2.79200871534407e-08	6.96666526174319e-09	-6.96666526174319e-09
115.161000002623	0.08	-0.08	2.7140256924624e-08	6.09026278674194e-09	-6.09026278674194e-09
115.320999999046	0.08	-0.08	1.90428659843649e-08	6.25597139393754e-09	-6.25597139393754e-09
115.481000002921	0.08	-0.08	2.70963089935179e-08	6.26818669939253e-09	-6.26818669939253e-09
115.800999998252	0.24	-0.24	1.64762137577965e-08	3.66750623834693e-09	-3.66750623834693e-09
116.201000001729	0.16	-0.16	1.87107607742759e-08	4.54480027698094e-09	-4.54480027698094e-09
116.461000002623	0.1	-0.1	4.54123270479045e-08	1.07293799168392e-08	-1.07293799168392e-08
116.780999999263	0.22	-0.22	6.24101011247926e-08	1.70263808018888e-08	-1.70263808018888e-08
117.08099999696	0.08	-0.08	2.81671911245829e-07	6.45421391503384e-08	-6.45421391503384e-08
117.201000009179	0.04	-0.04	3.95891351475999e-07	7.60315928588732e-08	-7.60315928588732e-08
117.28099999249	0.04	-0.04	2.71702260685829e-07	6.52536774588764e-08	-6.52536774588764e-08
117.361000005603	0.04	-0.04	1.39374149144101e-07	5.73176674555614e-08	-5.73176674555614e-08
117.420999993086	0.02	-0.02	3.11330059104474e-07	7.72409334569036e-08	-7.72409334569036e-08
117.461000014544	0.02	-0.02	3.39169169471172e-07	7.29319507246109e-08	-7.29319507246109e-08
117.601000000238	0.12	-0.12	9.83267447152026e-08	2.25920219064687e-08	-2.25920219064687e-08
117.840999999841	0.12	-0.12	4.03950762915599e-08	1.52028053480524e-08	-1.52028053480524e-08
118.080999999444	0.12	-0.12	4.51541023112254e-08	1.02711825808271e-08	-1.02711825808271e-08
118.441000001331	0.24	-0.24	2.56603227735396e-08	5.11745539721837e-09	-5.11745539721837e-09
118.78099999547	0.1	-0.1	3.07925493959748e-08	7.45192875536035e-09	-7.45192875536035e-09
119.121000001033	0.24	-0.24	1.9425673922207e-08	4.52811987703109e-09	-4.52811987703109e-09
119.521000002027	0.16	-0.16	2.30791680529722e-08	5.23078277459208e-09	-5.23078277459208e-09
119.78099999547	0.1	-0.1	2.80896221835001e-08	6.31273528740371e-09	-6.31273528740371e-09
120.001000001232	0.12	-0.12	2.59992007894157e-08	6.9808959180438e-09	-6.9808959180438e-09
120.161000002623	0.04	-0.04	7.4646744044609e-08	1.64791924124592e-08	-1.64791924124592e-08
120.28099999994	0.08	-0.08	6.54929864200343e-08	1.44768538844692e-08	-1.44768538844692e-08
120.461000002623	0.1	-0.1	7.90797848421999e-08	1.82317678985815e-08	-1.82317678985815e-08
120.660999996662	0.1	-0.1	1.32285959228773e-07	2.60613863079352e-08	-2.60613863079352e-08
120.781000007391	0.02	-0.02	3.35869360725978e-07	7.27569402374818e-08	-7.27569402374818e-08
120.960999999642	0.16	-0.16	1.31305897922017e-07	3.09505463001969e-08	-3.09505463001969e-08
121.601000000238	0.48	-0.48	1.16277860937356e-07	2.66619831776371e-08	-2.66619831776371e-08
122.241000000834	0.16	-0.16	2.7209571672755e-07	6.75786223332766e-08	-6.75786223332766e-08
122.580999999444	0.18	-0.18	2.335154938445e-07	6.1871484797657e-08	-6.1871484797657e-08
122.941000000503	0.18	-0.18	2.55095867154813e-07	5.78740003041647e-08	-5.78740003041647e-08
123.521000000536	0.4	-0.4	8.65486456095719e-08	3.53295623057195e-08	-3.53295623057195e-08
124.120999999046	0.2	-0.2	1.97071888693383e-07	4.46443329356993e-08	-4.46443329356993e-08
124.961000000574	0.64	-0.64	8.88314511017507e-08	2.16566519837099e-08	-2.16566519837099e-08
126.901000000239	1.3	-1.3	4.83613866705078e-08	1.08924050785101e-08	-1.08924050785101e-08
128.221000005007	0.02	-0.02	3.17198530121471e-07	7.55074840363248e-08	-7.55074840363248e-08
129.640999999983	1.4	-1.4	3.62798929455236e-08	9.10447977677485e-09	-9.10447977677485e-09
132.441000000409	1.4	-1.4	4.60903112415153e-08	8.58592434074427e-09	-8.58592434074427e-09
134.401000000451	0.56	-0.56	5.43918536987294e-08	1.31200775017181e-08	-1.31200775017181e-08
135.520999999898	0.56	-0.56	6.03644514406952e-08	1.27598721109337e-08	-1.27598721109337e-08
137.241000000321	1.16	-1.16	5.61415842309377e-08	1.09986383960226e-08	-1.09986383960226e-08
139.561000000362	1.16	-1.16	6.79358844377853e-08	1.488488145441e-08	-1.488488145441e-08
181.521000000288	2.4	-2.4	1.06526470451776e-07	2.32099623277666e-08	-2.32099623277666e-08

## XRT - xrtwtflux
94.045	0.481	-0.585	1.87679687692078e-08	2.39843854775607e-09	-2.32020386059499e-09
94.970	0.517	-0.444	2.10489627502199e-08	2.70913182828758e-09	-2.60349349657112e-09
95.886	0.419	-0.399	2.49781169014216e-08	3.1862990507692e-09	-3.08765523459976e-09
96.796	0.429	-0.491	2.24614169544608e-08	2.86213824464468e-09	-2.77861847095637e-09
97.793	0.581	-0.568	1.80439426351768e-08	2.35430965175907e-09	-2.23397735948733e-09
98.858	0.425	-0.484	2.25364887490137e-08	3.12100758605674e-09	-2.82507795874034e-09
99.863	0.595	-0.58	1.75480087203678e-08	2.36267471009932e-09	-2.1770825281714e-09
101.002	0.555	-0.545	1.6834871263988e-08	2.28866693376142e-09	-2.09344834690497e-09
101.999	0.558	-0.442	1.64856372055194e-08	2.25182690584951e-09	-2.06711359801534e-09
103.012	0.378	-0.455	2.04355971159092e-08	2.68140860099029e-09	-2.53034814011033e-09
103.886	0.443	-0.496	2.00315404840767e-08	2.65076802670017e-09	-2.48439647640831e-09
104.768	0.654	-0.439	1.86081986430666e-08	2.43482240268549e-09	-2.35283106500585e-09
105.890	0.415	-0.469	2.25113246512635e-08	2.9693625490892e-09	-2.87832712461713e-09
106.777	0.489	-0.471	2.02436144318486e-08	2.58094471544304e-09	-2.50245021806855e-09
107.757	0.468	-0.49	1.90381080987918e-08	2.4548804085279e-09	-2.37945511399401e-09
108.658	0.353	-0.433	2.44510049760005e-08	3.14955021392885e-09	-3.05746578504329e-09
109.390	0.445	-0.379	2.46221436905711e-08	3.21047588572572e-09	-3.11264998256502e-09
110.263	0.389	-0.428	2.69246711974688e-08	3.47239631089127e-09	-3.36577432780677e-09
110.979	0.313	-0.327	3.20974684351444e-08	4.23058702751418e-09	-4.10386299393547e-09
111.679	0.311	-0.386	2.83472934061633e-08	3.69270831281309e-09	-3.58465537664783e-09
112.346	0.319	-0.357	2.86877962270025e-08	3.65396056431843e-09	-3.50963022023013e-09
113.187	0.494	-0.521	1.81597448349287e-08	2.3728577100937e-09	-2.29740472161997e-09
114.170	0.490	-0.488	1.78619265822298e-08	2.50916747615857e-09	-2.33770273198124e-09
115.108	0.501	-0.448	1.91497592104916e-08	2.63655008161673e-09	-2.39457228328644e-09
116.117	0.443	-0.509	1.94652199005105e-08	2.57091699478563e-09	-2.46709019965353e-09
117.066	0.511	-0.505	1.85707391918638e-08	2.50824168235199e-09	-2.37791487706624e-09
117.906	0.288	-0.33	3.02102421455289e-08	4.08412351611611e-09	-3.82605883108072e-09
118.654	0.428	-0.46	2.03658880428246e-08	2.70502047847993e-09	-2.52155932066381e-09
119.400	0.382	-0.319	2.41506404038212e-08	3.20164666375653e-09	-3.06144969420343e-09
120.194	0.400	-0.411	2.23993117698052e-08	3.01327805736726e-09	-2.80339002906975e-09
120.956	0.346	-0.363	2.82140269253869e-08	3.75060188074797e-09	-3.48795680039129e-09
121.650	0.276	-0.349	3.41441611815229e-08	4.36097313532294e-09	-4.26825746994375e-09
122.257	0.338	-0.331	3.19139866689449e-08	4.13694233378829e-09	-3.99495224710306e-09
123.018	0.454	-0.423	2.45930251852525e-08	3.17826332039988e-09	-3.04588716190397e-09
123.968	0.405	-0.495	2.33779051720561e-08	3.09530154065916e-09	-2.99392702672422e-09
124.745	0.368	-0.372	2.83131487673262e-08	3.57605075674729e-09	-3.49970179109541e-09
125.554	0.418	-0.441	2.30864368977392e-08	2.95919043590032e-09	-2.88709709349521e-09
126.345	0.372	-0.373	2.60497197119127e-08	3.27562514841841e-09	-3.18577273399331e-09
127.162	0.363	-0.444	2.40422255739542e-08	3.03858717386719e-09	-2.94186212495451e-09
127.945	0.451	-0.419	2.22522451848821e-08	2.8660857216296e-09	-2.78414262289103e-09
128.834	0.474	-0.439	2.17472943492707e-08	2.74327574268223e-09	-2.68854180714807e-09
129.738	0.433	-0.43	2.11859348596519e-08	2.74035376703888e-09	-2.68138779682131e-09
130.614	0.446	-0.444	1.89380011519401e-08	2.47279322768839e-09	-2.42322455190458e-09
131.420	0.503	-0.36	1.87503867072594e-08	2.40000938324981e-09	-2.34671442007111e-09
132.407	0.453	-0.484	1.65436395487274e-08	2.13389348550051e-09	-2.09220207120853e-09
133.310	0.390	-0.45	1.83989150415775e-08	2.30699753824342e-09	-2.25232533334714e-09
134.179	0.454	-0.478	1.73708370691617e-08	2.20543053469514e-09	-2.13042001967656e-09
135.031	0.333	-0.399	2.25792310236149e-08	2.97092589010812e-09	-2.89730282634078e-09
135.708	0.431	-0.345	2.20459802953807e-08	2.88213491439424e-09	-2.79742023687092e-09
136.529	0.384	-0.39	2.2499789282216e-08	2.90310974617294e-09	-2.79165773388615e-09
137.486	0.588	-0.572	1.49726728884829e-08	1.97214197042625e-09	-1.87855168125544e-09
138.554	0.459	-0.48	1.82424314231097e-08	2.39735543697722e-09	-2.23825395634584e-09
139.490	0.466	-0.477	1.71976880301112e-08	2.30883526661818e-09	-2.18926952441297e-09
140.354	0.441	-0.398	1.91321939364309e-08	2.53311852456109e-09	-2.37366004659553e-09
141.252	0.383	-0.457	1.84765763899497e-08	2.44033735871107e-09	-2.36876929827544e-09
141.978	0.388	-0.343	2.14059733829551e-08	2.76504588973159e-09	-2.70813103812612e-09
142.683	0.287	-0.316	2.63367454533134e-08	3.40986183844362e-09	-3.33356433788287e-09
143.347	0.455	-0.378	1.9341831032095e-08	2.56988996860492e-09	-2.45417131914351e-09
144.365	0.590	-0.563	1.39234351354079e-08	1.82910402352136e-09	-1.72746194151594e-09
145.410	0.529	-0.455	1.58022071721963e-08	2.0954436054926e-09	-1.96051406351064e-09
146.481	0.566	-0.542	1.33887930451165e-08	1.73604839655587e-09	-1.679163575575e-09
147.670	0.639	-0.623	1.11021374912036e-08	1.51695649834314e-09	-1.40855308636453e-09
149.117	0.560	-0.808	9.96655316169512e-09	1.37432609156513e-09	-1.27885552785426e-09
150.310	0.586	-0.633	1.213436119913e-08	1.69236907059158e-09	-1.55692919499105e-09
151.426	0.551	-0.53	1.51371998587142e-08	1.99081821044179e-09	-1.86382123066291e-09
152.430	0.508	-0.453	1.62804948173213e-08	2.09734265425542e-09	-1.99763614833944e-09
153.516	0.502	-0.578	1.32797849624273e-08	1.79667083737893e-09	-1.72367374140521e-09
154.500	0.406	-0.482	1.68655272044498e-08	2.23751810207032e-09	-2.09243284902846e-09
155.536	0.567	-0.631	1.24644627568055e-08	1.70556254573609e-09	-1.58121379391368e-09
156.659	0.529	-0.556	1.34134704415481e-08	1.78444425354359e-09	-1.69971424032164e-09
157.856	0.487	-0.668	1.20531532095492e-08	1.6316404164901e-09	-1.52817344775726e-09
159.086	0.663	-0.743	9.54472638211973e-09	1.2840288981711e-09	-1.18376313518606e-09
160.398	0.609	-0.649	9.92126786711418e-09	1.33000017047549e-09	-1.24467614659043e-09
161.656	0.560	-0.65	9.74910434704929e-09	1.29370290285703e-09	-1.25108934592783e-09
162.841	0.571	-0.625	1.01765991730719e-08	1.30824793442675e-09	-1.26196246361121e-09
164.086	0.708	-0.674	8.76551934270944e-09	1.17730644162325e-09	-1.09905082408705e-09
165.505	0.728	-0.711	8.85475850739452e-09	1.12855245622777e-09	-1.08939011423243e-09
166.787	0.612	-0.553	1.05819421818858e-08	1.432431064486e-09	-1.3888763376155e-09
167.932	0.495	-0.533	1.23714207360077e-08	1.67319345919938e-09	-1.55155979921634e-09
169.035	0.621	-0.608	1.01277224760915e-08	1.34217941466585e-09	-1.26942479525133e-09
170.385	0.643	-0.728	8.75541959506073e-09	1.21181942433727e-09	-1.12335030516228e-09
171.646	0.482	-0.617	1.08642341037325e-08	1.49725533581479e-09	-1.37837312473316e-09
172.782	0.659	-0.654	9.40237835819263e-09	1.24310963110171e-09	-1.17965506110348e-09
173.907	0.375	-0.467	1.70234220882166e-08	2.23669921755336e-09	-2.16007214648245e-09
174.775	0.385	-0.492	1.7893592365017e-08	2.38795024144787e-09	-2.2449497970716e-09
175.541	0.444	-0.382	1.88465600281299e-08	2.46542906248998e-09	-2.31240255780399e-09
176.448	0.446	-0.463	1.67247439014424e-08	2.22070339257494e-09	-2.07460423677644e-09
177.373	0.588	-0.479	1.45669922379537e-08	1.92192930681715e-09	-1.78622638587563e-09
178.348	0.467	-0.387	1.79857680377207e-08	2.40351818538927e-09	-2.25483651658989e-09
179.300	0.456	-0.485	1.60693112283978e-08	2.04617811258901e-09	-1.95413598061454e-09
180.177	0.423	-0.42	1.6307641887663e-08	2.2439947889535e-09	-2.1150616099283e-09
181.122	0.635	-0.522	1.20644506883926e-08	1.6510344596282e-09	-1.53063479116719e-09
182.385	0.601	-0.629	1.15204097599587e-08	1.53170938098566e-09	-1.42923580851911e-09
183.436	0.482	-0.451	1.62106432044799e-08	2.09749896238774e-09	-2.03330324160954e-09
184.381	0.425	-0.463	1.85919187046229e-08	2.33869451074125e-09	-2.278743854776e-09
185.280	0.495	-0.474	1.68043992314057e-08	2.17824223643876e-09	-2.128403269238e-09
186.305	0.543	-0.529	1.45490961457011e-08	1.93216487323264e-09	-1.88676565852891e-09
187.316	0.447	-0.468	1.7518068393991e-08	2.22426331675607e-09	-2.16999001915765e-09
188.231	0.396	-0.468	1.92488824677373e-08	2.47893440202307e-09	-2.41060569567607e-09
189.057	0.446	-0.43	1.91569089601994e-08	2.62438030387264e-09	-2.51512671093162e-09
190.112	0.557	-0.61	1.53259383185081e-08	1.97444492356299e-09	-1.9014457999231e-09
191.169	0.463	-0.5	1.8300079608321e-08	2.4392277139914e-09	-2.27016665267542e-09
192.177	0.475	-0.545	1.67620186242485e-08	2.19984669486043e-09	-2.10081674971462e-09
193.161	0.580	-0.509	1.43927484376268e-08	1.81792131636888e-09	-1.77987941908618e-09
194.283	0.630	-0.542	1.18922314674685e-08	1.51942312201963e-09	-1.48756199021372e-09
195.442	0.551	-0.529	1.24328871772098e-08	1.63757714738402e-09	-1.57740725680174e-09
196.641	0.651	-0.648	1.03560884557239e-08	1.3364760978906e-09	-1.29672286084192e-09
197.934	0.631	-0.643	1.04709974233265e-08	1.33227863121577e-09	-1.2971426768981e-09
199.121	0.571	-0.555	1.16335078442614e-08	1.48856848312447e-09	-1.44258289394955e-09
200.168	0.410	-0.476	1.45243404141801e-08	1.93327724916061e-09	-1.84233770587275e-09
201.079	0.516	-0.501	1.3005655104432e-08	1.77158618078517e-09	-1.6314472702124e-09
202.211	0.593	-0.615	1.12505000033281e-08	1.46637430004292e-09	-1.41150485320005e-09
203.343	0.412	-0.539	1.47230140425645e-08	1.86574292824226e-09	-1.8214394589495e-09
204.343	0.599	-0.588	1.13272180613085e-08	1.45928871489179e-09	-1.43189026925232e-09
205.466	0.454	-0.524	1.30373988087417e-08	1.67031769669628e-09	-1.63221828191066e-09
206.626	0.609	-0.706	9.84894161939806e-09	1.2297743929688e-09	-1.19765824391457e-09
207.787	0.570	-0.552	1.19073021500078e-08	1.4991800010643e-09	-1.45640050172384e-09
208.981	0.543	-0.624	1.00114435431237e-08	1.25930373780805e-09	-1.23763928007387e-09
209.769	0.265	-0.244	9.01217546076716e-09	1.09291721839875e-09	-1.09297286685944e-09
210.367	0.385	-0.333	5.90157172583697e-09	7.21009807374723e-10	-7.21044056064729e-10
211.036	0.322	-0.283	7.03449738409443e-09	8.53078169777564e-10	-8.53117759179465e-10
211.658	0.301	-0.3	4.52227425138865e-09	7.0027713722504e-10	-7.00296529953743e-10
212.212	0.274	-0.253	5.52276854665282e-09	8.05591219678096e-10	-8.05616184595565e-10
212.818	0.265	-0.333	7.07894186621247e-09	8.58466703100058e-10	-8.5850550339079e-10
213.382	0.328	-0.299	5.65352155812196e-09	7.60103425639502e-10	-7.60131074289071e-10
214.035	0.329	-0.326	6.49600723876162e-09	7.93631539693105e-10	-7.93667043361376e-10
214.691	0.242	-0.327	4.79783458740175e-09	7.7732573788055e-10	-7.77346808281982e-10
215.212	0.280	-0.278	5.16463414417721e-09	7.69910882698471e-10	-7.69935573875716e-10
215.749	0.319	-0.257	4.93941429621929e-09	7.36334906748024e-10	-7.36356372022311e-10
216.410	0.331	-0.342	4.14712009865016e-09	6.18225528943582e-10	-6.18244850054098e-10
217.030	0.276	-0.289	4.83733631184923e-09	7.21119161465797e-10	-7.21142023601636e-10
217.601	0.304	-0.294	4.59474272639959e-09	6.8495503649745e-10	-6.84976303109363e-10
218.247	0.316	-0.342	4.18981764038536e-09	6.24592254936872e-10	-6.24612485209761e-10
218.862	0.379	-0.299	4.08471925422056e-09	6.08925246001047e-10	-6.08946119485791e-10
219.536	0.233	-0.296	5.21876129947299e-09	7.77980594492643e-10	-7.78005878649858e-10
220.272	0.389	-0.503	3.11105763742581e-09	4.63777634511831e-10	-4.63793175061652e-10
221.023	0.369	-0.363	3.82755180648792e-09	5.70587329592046e-10	-5.70605125479957e-10
221.792	0.354	-0.4	3.70700099503083e-09	5.52613623426474e-10	-5.52628403824238e-10
222.604	0.435	-0.458	3.13145985842464e-09	4.66815633124445e-10	-4.66827803335852e-10
223.466	0.400	-0.427	3.33282362845114e-09	5.06327570450927e-10	-5.06341242748095e-10
224.287	0.422	-0.421	3.27271311677285e-09	4.97195713509347e-10	-4.97209399027625e-10
225.073	0.460	-0.364	3.40655776129262e-09	5.07826616931127e-10	-5.07841169647179e-10
226.079	0.511	-0.546	2.62491765065942e-09	3.98781846553248e-10	-3.98793030099969e-10
227.189	0.536	-0.599	2.48708337776327e-09	3.70757203277075e-10	-3.70767468515898e-10
228.365	0.559	-0.64	2.35536502624868e-09	3.5112157035376e-10	-3.51131279253416e-10
229.451	0.557	-0.527	2.60255709861703e-09	3.87971704145954e-10	-3.87982854084825e-10
230.602	0.606	-0.594	2.33240348380179e-09	3.47698950667345e-10	-3.477089628648e-10
231.695	0.514	-0.486	2.74098093268476e-09	4.08607089080248e-10	-4.0861903963265e-10
232.755	0.623	-0.546	2.36792028746364e-09	3.52994277314458e-10	-3.53005162110602e-10
234.074	0.497	-0.696	2.33573298384657e-09	3.5484990281499e-10	-3.54861373324741e-10
235.185	0.628	-0.614	2.28681330327292e-09	3.47417049157399e-10	-3.47427439632749e-10
236.658	0.808	-0.845	1.74937251112978e-09	2.60784804248798e-10	-2.60792404406613e-10
238.347	1.010	-0.881	1.4967421757523e-09	2.23124086770028e-10	-2.23130373789928e-10
240.170	1.077	-0.813	1.42270019291843e-09	2.20305958745051e-10	-2.20312104457064e-10
241.980	0.946	-0.733	1.53346850021585e-09	2.46833539763696e-10	-2.46839493656525e-10
243.784	1.275	-0.858	1.26335378922151e-09	1.91931368611112e-10	-1.91937327630076e-10
246.198	1.208	-1.139	1.16635861313943e-09	1.73872890194335e-10	-1.73877963934395e-10
248.586	1.417	-1.18	1.0548873666876e-09	1.57255707784464e-10	-1.57260452295677e-10
251.019	1.156	-1.016	1.22570073651504e-09	1.89800872705552e-10	-1.89806511753804e-10
253.442	1.349	-1.266	1.0712124628766e-09	1.59689735227663e-10	-1.59694981957068e-10
255.895	1.013	-1.104	1.30758279215424e-09	1.98650442998514e-10	-1.98656302034361e-10
258.220	1.208	-1.312	1.11524419465133e-09	1.66252908179172e-10	-1.66257597269006e-10
260.895	1.523	-1.468	9.56613413683714e-10	1.4260587782937e-10	-1.42610425313997e-10
264.169	1.254	-1.751	9.52644769768736e-10	1.42014114037796e-10	-1.42018529950139e-10
266.474	1.271	-1.051	1.24122998944007e-09	1.85034706225328e-10	-1.85040578954039e-10
269.357	1.683	-1.612	8.62728622171242e-10	1.28609970091491e-10	-1.28613851285584e-10
272.325	1.463	-1.286	1.02159752503373e-09	1.52293197865252e-10	-1.52297882176884e-10
275.540	1.673	-1.752	8.15463145568592e-10	1.23886830342544e-10	-1.23890657286116e-10
279.174	1.966	-1.961	7.22534585885228e-10	1.07710558132831e-10	-1.07713713972595e-10
282.549	1.642	-1.409	9.33296010803047e-10	1.39129718562427e-10	-1.39133904383007e-10
285.709	1.058	-1.518	1.05137215677814e-09	1.62805260494144e-10	-1.62809517569442e-10
287.667	0.701	-0.9	1.78599862259577e-09	2.66244412916444e-10	-2.66251869454038e-10
288.942	0.450	-0.573	2.79475362279017e-09	4.32769409211757e-10	-4.32781638761343e-10
290.062	0.500	-0.671	2.54099800216109e-09	3.86032570293354e-10	-3.86043327815349e-10
290.911	0.313	-0.349	4.39497880595144e-09	6.67692997466742e-10	-6.67711631302074e-10
291.673	0.444	-0.449	3.18918407252482e-09	4.84506789391881e-10	-4.84521151228186e-10
292.465	0.426	-0.348	3.7771294050304e-09	5.63070264130388e-10	-5.63087651638182e-10
293.210	0.327	-0.319	4.74481860789431e-09	7.07325353689995e-10	-7.07345953072123e-10
293.957	0.344	-0.421	4.05560662945025e-09	6.28011402420379e-10	-6.28027146111185e-10
294.727	0.357	-0.426	3.84929972616685e-09	5.96066466094569e-10	-5.96083128123216e-10
295.445	0.284	-0.36	4.79520343475613e-09	7.14838045750043e-10	-7.1486013491956e-10
296.174	0.346	-0.445	3.76710678149959e-09	5.72306034996108e-10	-5.72323047135276e-10
296.864	0.298	-0.344	4.62820750578968e-09	6.89943231959102e-10	-6.8996449336438e-10
297.485	0.373	-0.323	4.21658881253805e-09	6.28582062913217e-10	-6.28601877587029e-10
298.325	0.361	-0.467	3.45874260438682e-09	5.25459724301701e-10	-5.25476276791904e-10
298.996	0.339	-0.311	4.24337518688169e-09	6.69875807502972e-10	-6.69895254549005e-10
299.697	0.371	-0.362	3.89707934008842e-09	5.80951410642409e-10	-5.80969571634568e-10
300.419	0.404	-0.351	3.75831172206346e-09	5.60264047679681e-10	-5.60280438894193e-10
301.136	0.303	-0.314	4.55804084988317e-09	6.79481157058528e-10	-6.79500165917183e-10
301.719	0.371	-0.28	4.34178888627581e-09	6.47246277845255e-10	-6.47266499762571e-10
302.505	0.333	-0.414	3.83130444286732e-09	5.71145534737983e-10	-5.71162598987026e-10
303.221	0.399	-0.383	3.69899542229138e-09	5.5142082513481e-10	-5.51436128831004e-10
304.013	0.429	-0.393	3.56856135996726e-09	5.4214051646691e-10	-5.42154469124868e-10
304.773	0.256	-0.33	5.24843647589912e-09	7.82400337398428e-10	-7.82421089444036e-10
305.349	0.400	-0.32	4.33764189768059e-09	6.4662581951648e-10	-6.46643847811185e-10
306.264	0.395	-0.516	3.19387841272629e-09	4.76121873886968e-10	-4.7613556595856e-10
306.977	0.345	-0.317	4.23611436017481e-09	6.31492058353737e-10	-6.31510907174987e-10
307.760	0.447	-0.439	3.09472358960531e-09	4.61341869660624e-10	-4.61356505639703e-10
308.543	0.394	-0.335	3.77484058544814e-09	5.73481624132028e-10	-5.73499266358372e-10
309.233	0.387	-0.296	4.15616623998569e-09	6.19574293227994e-10	-6.1959338302164e-10
310.173	0.425	-0.553	2.84181169792355e-09	4.40056679586754e-10	-4.40069334546238e-10
310.916	0.348	-0.318	4.17915391268208e-09	6.34904808509538e-10	-6.34923199703137e-10
311.659	0.356	-0.395	3.5973361494691e-09	5.57051014965273e-10	-5.57067894102725e-10
312.569	0.559	-0.554	2.47049808139773e-09	3.68286026413095e-10	-3.6829746199413e-10
313.564	0.459	-0.436	3.06442895321168e-09	4.56824640814901e-10	-4.56837938125642e-10
314.473	0.410	-0.449	3.18179461398613e-09	4.74320082168259e-10	-4.7433322794386e-10
315.259	0.364	-0.376	3.69119852404643e-09	5.50258974472149e-10	-5.50274781508771e-10
316.170	0.472	-0.547	2.68631260213168e-09	4.00457509280308e-10	-4.00469114396153e-10
317.224	0.436	-0.581	2.75827000791508e-09	4.06690884717979e-10	-4.06703305667964e-10
318.268	0.545	-0.608	2.31905190621781e-09	3.59107450810707e-10	-3.59118273160973e-10
319.457	0.624	-0.644	2.1394729985692e-09	3.25033025213647e-10	-3.25042898547917e-10
320.705	0.510	-0.623	2.39580960918492e-09	3.63975524244715e-10	-3.63985963260169e-10
321.941	0.684	-0.727	1.9253577487315e-09	2.92504195864576e-10	-2.9251312350144e-10
323.246	0.554	-0.62	2.34596615432678e-09	3.49721476156333e-10	-3.49732140350649e-10
324.367	0.644	-0.567	2.27237927124293e-09	3.38751590759435e-10	-3.38761968741729e-10
325.562	0.752	-0.55	2.11284593623697e-09	3.14969962401896e-10	-3.1498022233486e-10
326.955	0.772	-0.641	1.94647611378814e-09	2.90168097188748e-10	-2.90177005653945e-10
328.535	0.917	-0.809	1.59011440383571e-09	2.37043630157938e-10	-2.37050564155576e-10
330.129	0.691	-0.677	2.00094673809077e-09	2.98287711415566e-10	-2.98296414295976e-10
331.486	0.633	-0.666	1.98365884403924e-09	3.19298855966828e-10	-3.19307318774968e-10
333.062	0.788	-0.943	1.55309699079624e-09	2.35949770793787e-10	-2.3595710740386e-10
334.578	0.702	-0.728	1.91720711104065e-09	2.85805313964648e-10	-2.85814535025044e-10
336.026	0.801	-0.746	1.78305105083784e-09	2.65806064406799e-10	-2.65814603256094e-10
338.134	1.326	-1.308	1.04001992820948e-09	1.58001837837926e-10	-1.58006535750521e-10
340.346	1.279	-0.887	1.29058621525748e-09	1.92392344694171e-10	-1.92398321920568e-10
343.025	1.352	-1.401	9.88256036250035e-10	1.53032193869444e-10	-1.53036528758532e-10
345.526	0.888	-1.149	1.37695373283643e-09	2.05267192725726e-10	-2.05273249780687e-10
347.372	0.918	-0.958	1.49784085351341e-09	2.23288208945719e-10	-2.23294789066278e-10
349.709	1.414	-1.42	9.78227057009424e-10	1.48614056584947e-10	-1.48618526494311e-10
352.813	0.943	-1.69	1.06625802565681e-09	1.58951143462328e-10	-1.58956406332287e-10
355.098	1.340	-1.341	1.03088322855073e-09	1.56614191746339e-10	-1.56619333547929e-10
358.004	1.836	-1.566	8.11171982996046e-10	1.2323515564179e-10	-1.23239148292343e-10
361.606	1.637	-1.766	8.20658929496302e-10	1.223384261702e-10	-1.22342068868424e-10
364.508	1.517	-1.265	9.58912909394406e-10	1.51377434448322e-10	-1.5138146754444e-10
368.363	2.262	-2.337	5.959085554702e-10	9.05315520247624e-11	-9.05342715032458e-11
372.150	2.148	-1.525	5.03263224471919e-10	9.18838702227631e-11	-9.18858481401624e-11
376.266	1.989	-1.968	4.557507785408e-10	8.56108737491572e-11	-8.56126197282354e-11
379.981	2.257	-1.726	5.43327730274368e-10	9.27261660979212e-11	-9.2728411313441e-11
384.136	2.790	-1.898	5.68597123442358e-10	8.80475570222152e-11	-8.80500174649121e-11
389.221	2.137	-2.295	4.12984055844812e-10	7.54010132412994e-11	-7.54025718552876e-11
393.678	2.449	-2.319	5.3786335035217e-10	8.46960844315868e-11	-8.46984131419883e-11
398.984	1.558	-2.857	4.14027776047893e-10	7.77731441750943e-11	-7.77745919471258e-11
403.036	2.342	-2.494	3.62401561811382e-10	7.00673218541687e-11	-7.00684912085018e-11

## XRT - xrtpcflux
419.819	7.244	-7.799	2.45661526639684e-10	5.39025911167965e-11	-5.39025911167965e-11
438.610	11.020	-11.546	1.9340633481613e-10	4.06664865024639e-11	-4.06664865024639e-11
459.446	10.242	-9.817	2.16276563074428e-10	4.72816310157934e-11	-4.72816310157934e-11
488.382	16.409	-18.694	1.29961240801922e-10	2.92844684690581e-11	-2.92844684690581e-11
519.544	15.335	-14.753	1.60996457383578e-10	3.45047142852048e-11	-3.45047142852048e-11
547.079	12.873	-12.2	1.95416636990309e-10	4.102033355658e-11	-4.102033355658e-11
585.126	14.943	-25.174	1.27115251240637e-10	2.72433070697512e-11	-2.72433070697512e-11
617.531	15.133	-17.462	1.63500800530911e-10	3.50414458598628e-11	-3.50414458598628e-11
650.716	24.572	-18.052	1.02037670675229e-10	2.29923835264691e-11	-2.29923835264691e-11
703.065	19.862	-27.777	8.65339547652671e-11	1.85459332700562e-11	-1.85459332700562e-11
742.920	20.124	-19.993	9.05542990421935e-11	2.04442337067718e-11	-2.04442337067718e-11
796.275	31.960	-33.23	5.54902817228164e-11	1.25279153283488e-11	-1.25279153283488e-11
860.674	22.721	-32.439	6.59735325441458e-11	1.48659660570021e-11	-1.48659660570021e-11
907.508	16.005	-24.112	1.02029209844196e-10	2.24281679038436e-11	-2.24281679038436e-11
961.117	20.064	-37.604	7.13770221461556e-11	1.59910029165519e-11	-1.59910029165519e-11
1026.089	30.312	-44.908	5.70458851868449e-11	1.28295317233607e-11	-1.28295317233607e-11
1092.761	23.815	-36.361	7.12036960857461e-11	1.60135959619917e-11	-1.60135959619917e-11
1147.292	29.459	-30.716	6.97836505153073e-11	1.57245064464703e-11	-1.57245064464703e-11
1218.493	48.521	-41.742	4.31947743978893e-11	9.73317776972625e-12	-9.73317776972625e-12
1320.632	34.139	-53.617	4.46939492716272e-11	9.62932619587788e-12	-9.62932619587788e-12
1400.532	34.473	-45.762	4.51944642691585e-11	1.02430424732226e-11	-1.02430424732226e-11
1450.750	24.371	-15.746	9.48436154402192e-11	2.12483609096993e-11	-2.12483609096993e-11
1514.436	38.413	-39.314	5.04102707195286e-11	1.13154078350159e-11	-1.13154078350159e-11
1586.685	53.920	-33.836	4.55166541813982e-11	1.02563750095802e-11	-1.02563750095802e-11
1678.642	34.667	-38.037	6.03420043391773e-11	1.28873897950804e-11	-1.28873897950804e-11
5256.655	49.947	-35.301	1.57702889418816e-11	3.57271290197179e-12	-3.57271290197179e-12
5338.917	27.861	-32.315	2.23108997053349e-11	5.07113658342845e-12	-5.07113658342845e-12
5406.470	38.034	-39.692	1.74668189332537e-11	3.9248035422042e-12	-3.9248035422042e-12
5495.599	31.647	-51.095	1.64680114639382e-11	3.71855852712617e-12	-3.71855852712617e-12
5590.761	34.270	-63.516	1.4734138149427e-11	3.25040883368189e-12	-3.25040883368189e-12
5656.471	33.750	-31.44	2.14638346367783e-11	4.81508567324922e-12	-4.81508567324922e-12
5731.647	38.809	-41.425	1.88865554150466e-11	4.13416139956267e-12	-4.13416139956267e-12
5827.922	45.334	-57.466	1.48840558465749e-11	3.3499176112695e-12	-3.3499176112695e-12
5919.949	56.102	-46.693	2.08193527668061e-11	4.00880931805281e-12	-4.00880931805281e-12
7164.617	49.431	-43.34	1.34734864522236e-11	3.03721176229033e-12	-3.03721176229033e-12
7254.660	37.114	-40.613	1.67253858036493e-11	3.66664465818082e-12	-3.66664465818082e-12
7345.106	59.497	-53.332	1.07762644383261e-11	2.44906910223973e-12	-2.44906910223973e-12
7456.078	41.293	-51.475	1.46192368504349e-11	3.13057851742261e-12	-3.13057851742261e-12
11043.535	73.517	-59.371	9.79121275790415e-12	2.22640021792783e-12	-2.22640021792783e-12
11201.166	86.385	-84.113	7.68966373100806e-12	1.73785052345643e-12	-1.73785052345643e-12
11340.272	65.122	-52.722	1.09283210880819e-11	2.46601429250064e-12	-2.46601429250064e-12
11471.295	51.944	-65.901	1.07296163844049e-11	2.42117556029749e-12	-2.42117556029749e-12
11611.513	67.179	-88.275	7.93318065003716e-12	1.81226051847986e-12	-1.81226051847986e-12
11830.402	83.971	-151.71	5.79815405159262e-12	1.25689564281526e-12	-1.25689564281526e-12
16735.938	108.767	-109.369	5.78292803131946e-12	1.33745979734431e-12	-1.33745979734431e-12
16962.704	87.601	-117.999	4.79471742066621e-12	1.25397100235649e-12	-1.25397100235649e-12
17150.425	82.915	-100.119	5.38719761025659e-12	1.40710678463317e-12	-1.40710678463317e-12
17343.178	118.329	-109.837	5.77482522486345e-12	1.31007179237279e-12	-1.31007179237279e-12
17625.848	118.976	-164.342	4.94061925714352e-12	1.09003816907671e-12	-1.09003816907671e-12
22545.207	114.225	-146.536	4.75824339297308e-12	1.25242756477398e-12	-1.25242756477398e-12
22762.069	140.573	-102.637	5.25485341565982e-12	1.37072231884577e-12	-1.37072231884577e-12
23060.507	160.565	-157.865	3.9137979255163e-12	1.04916508256447e-12	-1.04916508256447e-12
23429.473	255.443	-208.401	3.61375993338964e-12	8.31009411260303e-13	-8.31009411260303e-13
28700.082	386.023	-468.967	2.89867484376424e-12	5.45392656485782e-13	-5.45392656485782e-13
46099.083	7656.464	-10385.793	9.63017942628937e-13	2.08876362598919e-13	-2.08876362598919e-13
64150.727	6952.723	-5277.427	6.89622355591009e-13	1.62226597685865e-13	-1.62226597685865e-13
85046.800	13339.295	-10669.932	3.67705772258516e-13	8.57393914930539e-14	-8.57393914930539e-14
130863.017	37782.082	-26942.463	1.57970024553591e-13	4.16898334004766e-14	-4.16898334004766e-14
291447.167	581477.883	-88650.521	2.29690578149516e-14	7.50934236731028e-15	-7.50934236731028e-15
