## BAT - batSNR4flux
0.141000011761983	0.06	-0.06	3.80487528462724e-08	8.58475441489294e-09	-8.58475441489294e-09
0.220999975204468	0.02	-0.02	7.90333339102138e-08	1.83884157939774e-08	-1.83884157939774e-08
0.261000056266785	0.02	-0.02	1.30026012752186e-07	1.76057467817663e-08	-1.76057467817663e-08
0.320999999046326	0.04	-0.04	3.64333373684079e-08	9.77765288217846e-09	-9.77765288217846e-09
0.40100004196167	0.04	-0.04	3.98041347253231e-08	9.80884257994503e-09	-9.80884257994503e-09
0.521000016927719	0.08	-0.08	2.98847265752639e-08	6.95387261620475e-09	-6.95387261620475e-09
0.641000051498413	0.04	-0.04	5.18423616366215e-08	1.19450392325773e-08	-1.19450392325773e-08
0.761000026464462	0.08	-0.08	2.85340642303059e-08	8.73808759681175e-09	-8.73808759681175e-09
0.921000022888184	0.08	-0.08	4.86512861292603e-08	1.02253671841981e-08	-1.02253671841981e-08
1.0810000193119	0.08	-0.08	4.69200788301698e-08	1.28974262974441e-08	-1.28974262974441e-08
1.2210000149409	0.06	-0.06	7.21778901280473e-08	1.68650811117937e-08	-1.68650811117937e-08
1.361000020504	0.08	-0.08	5.27358083570715e-08	1.75942576276623e-08	-1.75942576276623e-08
1.52100001692772	0.08	-0.08	8.12082217283344e-08	1.97996834316533e-08	-1.97996834316533e-08
1.72100003480911	0.12	-0.12	6.20794853586981e-08	1.57841216705586e-08	-1.57841216705586e-08
1.96100002447764	0.12	-0.12	6.73751112838857e-08	1.58330392880827e-08	-1.58330392880827e-08
2.82100002159943	0.74	-0.74	2.98393899107989e-08	6.84121899387551e-09	-6.84121899387551e-09
4.30100002456356	0.74	-0.74	2.91489564253044e-08	7.50213911394768e-09	-7.50213911394768e-09
5.78100002108394	0.74	-0.74	4.02253266170002e-08	8.32000279443781e-09	-8.32000279443781e-09
8.7410000237903	2.22	-2.22	1.51917329201139e-08	6.1500462988512e-09	-6.1500462988512e-09
10.9809999656677	0.02	-0.02	3.13537523134847e-07	7.69522877855339e-08	-7.69522877855339e-08

## XRT - xrtwtflux
84.635	0.792	-0.754	2.14784607574803e-09	3.44612426883146e-10	-3.44612133393592e-10
86.317	1.069	-0.89	1.78988583519439e-09	2.66821538459739e-10	-2.66821244749223e-10
88.457	0.831	-1.071	1.85410995680141e-09	2.79945562507227e-10	-2.79945268521494e-10
90.294	0.701	-1.007	1.95301371525233e-09	3.13352451265192e-10	-3.13352156452758e-10
92.103	0.864	-1.108	1.70522792461458e-09	2.73596300866381e-10	-2.73596003778123e-10
94.210	1.136	-1.243	1.44660029572103e-09	2.26428711306258e-10	-2.26428487331563e-10
96.281	0.966	-0.936	1.82357507592843e-09	2.78525273385156e-10	-2.7852497772905e-10
98.673	1.268	-1.425	1.21908298506312e-09	2.00546486243863e-10	-2.00546338438695e-10
100.916	1.083	-0.976	1.81181300160656e-09	2.76728897760451e-10	-2.76728579829078e-10
102.942	0.938	-0.943	1.85323402469735e-09	3.37870946651564e-10	-3.37870692348438e-10
104.544	0.899	-0.665	2.47650906780018e-09	3.87635115983256e-10	-3.87634611834813e-10
106.360	0.992	-0.917	2.02966235599352e-09	3.10002220066585e-10	-3.10001889784553e-10
108.430	0.794	-1.078	1.99777162613537e-09	3.05131422140208e-10	-3.05131103406923e-10
110.403	1.204	-1.179	1.52699840304029e-09	2.27632604582888e-10	-2.27632299883711e-10
112.600	1.035	-0.993	1.62063370912885e-09	2.66604046096585e-10	-2.66603750207838e-10
114.593	1.035	-0.958	1.75595683943952e-09	2.68197629123315e-10	-2.6819733086149e-10
116.738	1.601	-1.111	1.30648031559712e-09	2.04496638625663e-10	-2.04496413379498e-10
119.607	1.365	-1.268	1.39918777164349e-09	2.08579643545639e-10	-2.08579417794213e-10
122.316	1.094	-1.344	1.41039297576297e-09	2.32018201116504e-10	-2.32017974731369e-10
124.304	1.149	-0.895	1.78195899630386e-09	2.72169149935961e-10	-2.72168847058775e-10
126.521	1.293	-1.068	1.58640001312531e-09	2.36487765672464e-10	-2.36487459689652e-10
128.871	1.386	-1.057	1.47900027280994e-09	2.43304570734036e-10	-2.4330433283586e-10
131.728	1.100	-1.471	1.57022166491433e-09	2.34076016993632e-10	-2.34075687209702e-10
134.150	1.377	-1.322	1.40479670101776e-09	2.14562943414639e-10	-2.14562628197854e-10
136.966	1.423	-1.439	1.22148327398312e-09	1.91192415726765e-10	-1.91192191183895e-10
139.659	1.159	-1.27	1.39981187259321e-09	2.19105355951188e-10	-2.19105060956939e-10
142.258	1.263	-1.44	1.2963005883866e-09	1.93242036555858e-10	-1.93241816478715e-10
144.615	1.186	-1.095	1.34472281711594e-09	2.38833978666221e-10	-2.38833759300981e-10
147.136	1.282	-1.335	1.29329307716608e-09	2.02432547190644e-10	-2.02432328374138e-10
149.403	1.154	-0.985	1.64230419009861e-09	2.50838916358187e-10	-2.50838551317335e-10
152.249	1.766	-1.692	9.86579997047977e-10	1.58292512594286e-10	-1.58292291995068e-10
155.358	1.317	-1.342	1.3383390390388e-09	2.04412494588299e-10	-2.04412198593656e-10
158.263	0.942	-1.588	1.39195895393449e-09	2.12602160040768e-10	-2.12601937633487e-10
160.537	1.045	-1.332	1.49156091559862e-09	2.22349978645632e-10	-2.22349681679596e-10
162.680	1.361	-1.098	1.26617044228453e-09	2.24882399412724e-10	-2.24882250968344e-10
165.667	1.669	-1.626	9.81218025325103e-10	1.65545207308697e-10	-1.65545059019795e-10
169.208	2.007	-1.872	8.63343064931378e-10	1.38519655703887e-10	-1.38519507762748e-10
172.584	1.474	-1.369	1.23669473634434e-09	1.84356504004434e-10	-1.84356283164248e-10
175.725	2.341	-1.667	8.43342098396224e-10	1.32003954221603e-10	-1.3200380757254e-10
179.820	1.749	-1.754	9.95817954696318e-10	1.4844850241015e-10	-1.48448283286433e-10
183.834	1.754	-2.265	8.06495080609041e-10	1.32673255680142e-10	-1.3267310979558e-10
187.745	1.618	-2.157	5.9887381240567e-10	1.13404385177841e-10	-1.13404312263699e-10
191.411	2.024	-2.048	8.81151380706095e-10	1.31354910276014e-10	-1.31354762792366e-10
195.038	1.709	-1.602	1.07014932922465e-09	1.675048682303e-10	-1.6750471826238e-10
198.743	2.194	-1.996	7.8640191015037e-10	1.36109063322829e-10	-1.36108913041068e-10
203.020	1.665	-2.083	8.89822847701068e-10	1.42768146406852e-10	-1.42767999362357e-10
207.158	2.325	-2.473	7.17109493551824e-10	1.09528327274264e-10	-1.09528253951137e-10
211.336	1.576	-1.853	9.52057097865922e-10	1.60625387401832e-10	-1.60625237704849e-10
214.881	1.889	-1.969	6.0424960382864e-10	1.14422408637524e-10	-1.14422333443475e-10
218.473	1.810	-1.702	7.32485838108322e-10	1.31809703114378e-10	-1.31809627880701e-10
221.716	2.645	-1.433	6.97310940319195e-10	1.23439170102559e-10	-1.2343901980819e-10
226.280	1.982	-1.919	5.79550184646997e-10	1.13884355112049e-10	-1.13884280177828e-10
230.243	1.782	-1.981	5.1471674330877e-10	1.22878750547412e-10	-1.22878750547412e-10
233.877	1.872	-1.852	5.79132869359079e-10	1.18161232913121e-10	-1.18161159430544e-10
237.988	2.014	-2.24	7.44839136274315e-10	1.25664738787026e-10	-1.2566459347014e-10
242.175	2.315	-2.172	4.63728823632936e-10	9.8299617477396e-11	-9.82995448196975e-11
246.304	1.703	-1.814	5.68690367942555e-10	1.30389745897181e-10	-1.30389673239249e-10
250.235	2.132	-2.228	5.04093169469907e-10	1.02850751655513e-10	-1.02850678582985e-10
254.556	1.987	-2.189	4.78072240819627e-10	1.09612757887646e-10	-1.09612684364177e-10
258.286	2.123	-1.743	5.43359047541914e-10	1.15179315360684e-10	-1.15179315360684e-10
262.277	1.682	-1.867	6.43249158811312e-10	1.2180742869233e-10	-1.21807355070923e-10
266.047	1.687	-2.089	4.80698719792096e-10	1.24742377876535e-10	-1.2474230340583e-10
270.248	2.706	-2.514	4.37079335439642e-10	8.91778637116596e-11	-8.91777859707982e-11
274.907	1.502	-1.953	5.8895931146139e-10	1.46523650166669e-10	-1.46523650166669e-10
278.103	1.872	-1.694	6.04534707250238e-10	1.3860815045213e-10	-1.38608070201834e-10
282.155	2.673	-2.181	4.53476075917103e-10	9.99364394495594e-11	-9.99363599604906e-11
286.957	1.886	-2.13	5.72280617159227e-10	1.12455860661456e-10	-1.12455784512606e-10
290.879	2.469	-2.036	3.97926280817285e-10	1.03262746940157e-10	-1.0326267337605e-10
295.673	1.888	-2.325	5.02884691199892e-10	1.06599767685133e-10	-1.06599693391401e-10
299.191	2.284	-1.63	4.08613095493225e-10	1.26919330707899e-10	-1.26919330707899e-10
304.339	1.761	-2.864	5.03169585645605e-10	9.88751736843236e-11	-9.88751736843236e-11
308.513	2.457	-2.413	4.49554737935868e-10	9.52950319574297e-11	-9.52949563921817e-11
312.698	2.579	-1.728	5.31789651867353e-10	1.04499212839171e-10	-1.0449913879022e-10
317.566	2.678	-2.289	4.04182414399466e-10	9.26712262879346e-11	-9.26711528236513e-11
323.448	3.235	-3.204	3.04250043181984e-10	6.97586674618086e-11	-6.97586309954784e-11
329.094	2.285	-2.411	4.54404773954302e-10	9.27128250293786e-11	-9.2712752337269e-11
334.958	2.627	-3.579	3.53938064508248e-10	6.9550510811028e-11	-6.95504671442346e-11
340.231	3.566	-2.647	3.44164665236251e-10	7.0220357784364e-11	-7.02203140719499e-11
347.753	3.498	-3.956	1.8977766059425e-10	6.50166297905156e-11	-6.50166151975043e-11
354.618	3.216	-3.366	2.75607201332612e-10	7.33049629073729e-11	-7.33049629073729e-11
360.426	2.264	-2.591	4.17159824394714e-10	9.19331546171321e-11	-9.19330814653355e-11
365.186	2.748	-2.497	2.59090919617951e-10	9.3453641010849e-11	-9.34535677904842e-11
370.341	2.815	-2.407	4.35239570916582e-10	8.24181714749991e-11	-8.2418098181306e-11

## XRT - xrtpcflux
391.835	9.713	-12.853	1.9871778337714e-10	4.46406323387884e-11	-4.46406323387884e-11
416.181	12.948	-14.632	1.9628492358978e-10	4.05866495523881e-11	-4.05866495523881e-11
439.253	12.442	-10.124	2.01771182509348e-10	4.53265666592547e-11	-4.53265666592547e-11
462.136	12.125	-10.441	2.24706631836061e-10	4.80419670572321e-11	-4.80419670572321e-11
492.106	14.749	-17.846	1.42813449730677e-10	3.20820971886131e-11	-3.20820971886131e-11
521.323	15.620	-14.468	1.53957310322656e-10	3.45321402827316e-11	-3.45321402827316e-11
555.912	18.641	-18.969	1.22275473480807e-10	2.75108715181686e-11	-2.75108715181686e-11
592.924	14.225	-18.37	1.49222187338541e-10	3.26586368739156e-11	-3.26586368739156e-11
619.630	20.114	-12.481	1.40468615357069e-10	3.16531571424486e-11	-3.16531571424486e-11
679.514	35.449	-39.771	5.9281336486508e-11	1.34627447032617e-11	-1.34627447032617e-11
738.095	16.985	-23.132	1.19142944509651e-10	2.61138741742735e-11	-2.61138741742735e-11
781.206	29.035	-26.126	8.23747726182839e-11	1.85049497082068e-11	-1.85049497082068e-11
850.275	37.693	-40.034	5.88315524993184e-11	1.33190070984749e-11	-1.33190070984749e-11
950.766	57.554	-62.797	3.80664026670711e-11	8.67193115895864e-12	-8.67193115895864e-12
1067.088	61.584	-58.768	3.89778860777015e-11	8.78326161519977e-12	-8.78326161519977e-12
1194.352	42.134	-65.68	3.10483811702932e-11	7.02991927143921e-12	-7.02991927143921e-12
1270.976	23.179	-34.49	2.89823808211208e-11	6.50139683346231e-12	-6.50139683346231e-12
1325.170	24.146	-31.015	3.16284637237937e-11	6.93349298459773e-12	-6.93349298459773e-12
1379.448	27.537	-30.132	2.84117574421604e-11	6.40413055193498e-12	-6.40413055193498e-12
1451.318	30.886	-44.334	2.30701609629847e-11	5.06509608900872e-12	-5.06509608900872e-12
1543.631	63.936	-61.427	1.97104319835714e-11	3.62172025273206e-12	-3.62172025273206e-12
5487.793	562.651	-427.738	1.34967445370372e-12	3.57644397488946e-13	-3.57644397488946e-13
7417.757	4126.364	-1367.312	1.4214658753348e-12	2.81174478199951e-13	-2.81174478199951e-13
22334.962	7029.669	-5511.691	4.73294222112653e-13	1.24815783172679e-13	-1.24815783172679e-13
40395.999	11088.901	-6815.898	4.5871380554363e-13	8.37763418766586e-14	-8.37763418766586e-14
