READ TERR 1 2
! xrtwtslewflux
81.379362058304	0.306014960250678	-0.350471048122628	1.47443918813474e-08	1.8389818251227e-09	-1.79262958959206e-09
81.972356184743	0.250259848914084	-0.286979166188317	1.78335902091519e-08	2.22037909523363e-09	-2.16394795479472e-09
82.6580097943751	0.423927237473777	-0.435393760718014	1.0839214573186e-08	1.34647794926441e-09	-1.31504828450408e-09
83.3890337962007	0.388604238722891	-0.307096764351812	1.32634927637352e-08	1.64658712659104e-09	-1.59875336345597e-09
84.2405950140957	0.355400011642118	-0.462956979172091	1.05649160757873e-08	1.31099696972037e-09	-1.28242070401152e-09
85.0856691358767	0.46038089302732	-0.489674110138878	8.73145124044355e-09	1.0881239575523e-09	-1.05971795729563e-09
86.062066670261	0.624415358803233	-0.51601664135697	7.08032138666425e-09	8.85445401841504e-10	-8.59669620889528e-10
87.1374902587109	0.491961748209036	-0.451008229646661	8.52613376682758e-09	1.0687967423197e-09	-1.03573123451511e-09
88.1091888999666	0.484449119698183	-0.47973689304672	8.28807081437252e-09	1.02831358383629e-09	-1.00678592417854e-09
89.5252408191955	1.13489617850423	-0.931602799530651	6.64743255458233e-09	6.30326853613371e-10	-6.10467671280958e-10
NO NO NO NO NO NO
! xrtwtflux
98.127	0.288	-0.258	3.37324773647913e-09	5.02854678531964e-10	-5.02858127009384e-10
98.732	0.322	-0.317	4.32497634265446e-09	5.35623871583956e-10	-5.356293287411e-10
99.374	0.347	-0.32	4.21605991686212e-09	5.22135550694831e-10	-5.22141107511384e-10
100.032	0.290	-0.311	3.18406830402735e-09	4.84387544154042e-10	-4.84390778533523e-10
100.644	0.289	-0.321	3.23907216830282e-09	4.82852793759044e-10	-4.82856083045041e-10
101.180	0.276	-0.247	3.7301760281197e-09	5.61015785298811e-10	-5.61019411253617e-10
101.778	0.324	-0.322	2.93281567961211e-09	4.37198561112728e-10	-4.37201712280715e-10
102.453	0.405	-0.351	2.36861926477427e-09	3.67791895770527e-10	-3.67793854438001e-10
103.209	0.371	-0.351	2.44822578131965e-09	3.72445033832338e-10	-3.72447423547803e-10
103.990	0.320	-0.409	2.44569008404008e-09	3.72059273270904e-10	-3.72061420380202e-10
104.690	0.328	-0.38	2.50789275976524e-09	3.89418033522757e-10	-3.89419937529069e-10
105.376	0.387	-0.358	2.44498773753136e-09	3.71952442338627e-10	-3.71955213265488e-10
106.154	0.441	-0.391	2.2152410665345e-09	3.37001375804859e-10	-3.37003556800784e-10
106.969	0.324	-0.374	2.68151571805977e-09	3.99737085529199e-10	-3.99739807945725e-10
107.661	0.431	-0.368	2.28991868554379e-09	3.48362006640357e-10	-3.48364246836725e-10
108.468	0.396	-0.376	2.38613085365733e-09	3.55703728505123e-10	-3.55706180759877e-10
109.321	0.545	-0.457	1.82459211790281e-09	2.7199439500759e-10	-2.7199621931732e-10
110.281	0.343	-0.415	2.38256687650813e-09	3.62456478980871e-10	-3.62459109834775e-10
110.975	0.325	-0.351	2.71814262056666e-09	4.05197341107494e-10	-4.05200398387283e-10
111.749	0.364	-0.449	2.23176599794099e-09	3.39515317644902e-10	-3.39517654760806e-10
112.627	0.452	-0.514	1.87327398945637e-09	2.90876253370425e-10	-2.9087811597904e-10
113.505	0.399	-0.426	2.3420058166352e-09	3.49125965073017e-10	-3.4912833725337e-10
114.221	0.336	-0.317	3.04735703006189e-09	4.5427346679834e-10	-4.54276777108626e-10
114.973	0.415	-0.416	2.42750091319264e-09	3.69292208966862e-10	-3.6929497707156e-10
115.878	0.510	-0.49	1.98014435232023e-09	2.95182761183407e-10	-2.95184984578275e-10
116.902	0.531	-0.514	1.7978762452945e-09	2.73508305117413e-10	-2.73510366655226e-10
117.852	0.449	-0.419	2.12063617163558e-09	3.16126130451183e-10	-3.1612865749587e-10
118.850	0.573	-0.55	1.58930765939888e-09	2.41779069764809e-10	-2.41780991161832e-10
119.992	0.491	-0.569	1.65355387344764e-09	2.56758757668727e-10	-2.56760637805391e-10
121.026	0.522	-0.542	1.64523362945083e-09	2.55466836110097e-10	-2.55468637958103e-10
122.019	0.564	-0.471	1.71399167958332e-09	2.60747086097603e-10	-2.60748997446556e-10
123.262	0.573	-0.68	1.43636844499778e-09	2.14121408598303e-10	-2.14123204687491e-10
124.502	0.558	-0.666	1.46864550237656e-09	2.18932974967527e-10	-2.18934694900029e-10
125.580	0.492	-0.52	1.74784587539343e-09	2.65897291531699e-10	-2.65899271884438e-10
126.660	0.698	-0.588	1.3957239304584e-09	2.08062440047927e-10	-2.08064045695317e-10
128.015	0.654	-0.657	1.36808979763554e-09	2.03942982593982e-10	-2.03944549622532e-10
129.217	0.691	-0.547	1.42628952580521e-09	2.16979384903284e-10	-2.16981063277975e-10
130.483	0.749	-0.576	1.35213139646145e-09	2.01564049352515e-10	-2.01565801687847e-10
131.884	0.610	-0.651	1.39880376063754e-09	2.12798000335558e-10	-2.12799491094154e-10
133.217	0.818	-0.723	1.16233273320134e-09	1.73270518946068e-10	-1.73271822873386e-10
135.185	0.932	-1.15	8.47079032407427e-10	1.28864927258603e-10	-1.28865932855454e-10
136.986	0.724	-0.87	1.12365794007337e-09	1.67505202819015e-10	-1.67506618804563e-10
138.498	0.780	-0.787	1.12598947548612e-09	1.71295122755843e-10	-1.71296278376551e-10
140.193	0.816	-0.915	1.0585620989426e-09	1.56076618892364e-10	-1.56077775039225e-10
142.269	1.130	-1.26	7.1661027744035e-10	1.13597695320823e-10	-1.13598441632436e-10
144.545	0.891	-1.146	8.80914911562751e-10	1.31319175800966e-10	-1.31320109255556e-10
146.675	1.156	-1.239	7.49881572629471e-10	1.11785814968262e-10	-1.11786524877463e-10
148.891	1.259	-1.061	7.51199481555922e-10	1.16643965597713e-10	-1.16644713392857e-10
151.561	1.512	-1.411	6.15193136822347e-10	9.17076681662898e-11	-9.17082668980454e-11
154.733	1.521	-1.66	5.48739359947636e-10	8.52065820308674e-11	-8.5207068970142e-11
157.946	1.737	-1.692	5.17156603757391e-10	7.86742908496584e-11	-7.86747778631255e-11
160.995	1.258	-1.313	6.78338717100939e-10	1.05330329405054e-10	-1.05330965578214e-10
164.175	1.765	-1.921	4.43096504345386e-10	7.48274890254955e-11	-7.48278628298809e-11
167.701	1.749	-1.761	4.80188767954365e-10	7.77257519810377e-11	-7.77260879995637e-11
171.045	1.469	-1.595	5.84861875053938e-10	8.71861001858886e-11	-8.7186622296085e-11
174.613	1.622	-2.1	4.60424128637517e-10	7.29867944211088e-11	-7.29871680461601e-11
178.189	2.338	-1.953	4.1277679571807e-10	6.27951191261407e-11	-6.27954560556185e-11
182.657	1.686	-2.13	3.14959218089389e-10	5.75034710738597e-11	-5.75036587105278e-11
186.412	1.807	-2.068	4.59208209484269e-10	6.98586589873729e-11	-6.98590350078256e-11
189.820	1.780	-1.602	5.10906421940239e-10	8.0989295720736e-11	-8.0989672407601e-11
193.647	2.097	-2.047	4.29763189212743e-10	6.53792821015568e-11	-6.53796207923082e-11
198.049	2.131	-2.305	2.71443162136954e-10	4.9558543764608e-11	-4.95586941247237e-11
202.224	1.736	-2.045	3.18117448930751e-10	5.80800629167356e-11	-5.80802882217405e-11
206.740	2.244	-2.78	2.17478392118654e-10	4.49805023688188e-11	-4.49806524063523e-11
211.169	2.250	-2.185	3.5827018840109e-10	5.85163472850772e-11	-5.85166100958024e-11
215.961	3.577	-2.542	1.88027899320116e-10	3.65051524071107e-11	-3.65052803130493e-11
221.805	2.760	-2.267	2.4023358251995e-10	4.38604698040799e-11	-4.38606206394337e-11
227.267	2.141	-2.702	2.44328837919795e-10	4.59905668609791e-11	-4.59907558135598e-11
232.626	3.528	-3.218	1.71494826207758e-10	3.32952962609512e-11	-3.32954021743046e-11
239.013	2.583	-2.858	2.02665187802332e-10	4.19167335531673e-11	-4.19168471210543e-11
245.233	3.267	-3.638	1.55845850904056e-10	3.32943079845703e-11	-3.32943989066877e-11
251.769	2.662	-3.269	1.77003976255362e-10	3.90807379552631e-11	-3.90808516947556e-11
258.840	3.228	-4.408	1.55634165740166e-10	2.92953793804645e-11	-2.92954894171128e-11
266.693	4.090	-4.625	1.30129999418055e-10	2.6070109726692e-11	-2.60702008705778e-11
275.422	6.469	-4.638	1.01931817636645e-10	2.04209158117724e-11	-2.04209802749897e-11
286.804	4.621	-4.914	1.15873467227941e-10	2.39658239671597e-11	-2.39658960142848e-11
296.670	5.085	-5.245	1.12278012326326e-10	2.17984985562542e-11	-2.17985743953333e-11
NO NO NO NO NO NO
! xrtpcflux
338.878	27.781	-32.395	5.41129997412655e-11	1.16442779844222e-11	-1.16442779844222e-11
381.009	25.766	-14.351	6.88692411234709e-11	1.5525586047712e-11	-1.5525586047712e-11
425.926	13.444	-19.151	8.55862327130549e-11	1.88218764064816e-11	-1.88218764064816e-11
456.062	15.903	-16.692	8.19045663994848e-11	1.79423617059687e-11	-1.79423617059687e-11
490.455	24.134	-18.49	6.14971098415263e-11	1.35242617327905e-11	-1.35242617327905e-11
531.171	13.506	-16.582	8.28141992627936e-11	1.86311811416617e-11	-1.86311811416617e-11
566.339	30.992	-21.662	4.74308214717111e-11	1.06926008093789e-11	-1.06926008093789e-11
609.597	12.807	-12.266	1.10111247364588e-10	2.34757958451566e-11	-2.34757958451566e-11
658.113	16.945	-35.709	4.67942266561488e-11	1.05490899277365e-11	-1.05490899277365e-11
693.635	19.032	-18.578	6.61978849296547e-11	1.49539372490238e-11	-1.49539372490238e-11
732.950	22.341	-20.283	6.16744164232545e-11	1.35632617646545e-11	-1.35632617646545e-11
777.105	18.303	-21.814	6.70487741800283e-11	1.44278575128863e-11	-1.44278575128863e-11
821.339	24.216	-25.93	5.13803097017282e-11	1.12555911710467e-11	-1.12555911710467e-11
879.059	19.149	-33.504	4.58942208843878e-11	1.03673890942167e-11	-1.03673890942167e-11
917.695	20.630	-19.487	6.05911100779079e-11	1.37154768372764e-11	-1.37154768372764e-11
961.845	19.104	-23.52	6.05358217027199e-11	1.32869973075681e-11	-1.32869973075681e-11
1004.695	18.878	-23.746	5.81465399618953e-11	1.30815584973266e-11	-1.30815584973266e-11
1046.221	24.991	-22.648	5.59888206633768e-11	1.23128966866444e-11	-1.23128966866444e-11
1096.108	15.221	-24.896	6.80441697325174e-11	1.52151360106259e-11	-1.52151360106259e-11
1130.924	15.507	-19.595	8.48636508417215e-11	1.85546126299285e-11	-1.85546126299285e-11
1168.977	20.079	-22.545	7.63390554414355e-11	1.61455676542268e-11	-1.61455676542268e-11
1217.203	19.492	-28.147	6.16875773207133e-11	1.35135470734332e-11	-1.35135470734332e-11
1264.711	24.637	-28.016	5.27582777747097e-11	1.19179677148174e-11	-1.19179677148174e-11
1306.494	12.942	-17.146	9.76540773465389e-11	2.18361192495303e-11	-2.18361192495303e-11
1342.466	17.087	-23.03	7.52986457734067e-11	1.69403683158481e-11	-1.69403683158481e-11
1397.932	51.879	-38.379	6.25198297070647e-11	1.04790129227881e-11	-1.04790129227881e-11
5494.415	21.456	-23.675	3.61209163317229e-11	8.11175058744769e-12	-8.11175058744769e-12
5541.550	26.975	-25.679	3.12840204538221e-11	6.99531957069393e-12	-6.99531957069393e-12
5614.858	38.916	-46.333	2.26114956545109e-11	5.08889256482024e-12	-5.08889256482024e-12
5680.563	15.835	-26.79	5.16205305796753e-11	1.13108230418712e-11	-1.13108230418712e-11
5724.325	32.249	-27.927	3.49349490495977e-11	7.82851811301989e-12	-7.82851811301989e-12
5793.271	31.000	-36.697	2.77165024623648e-11	6.21094942815565e-12	-6.21094942815565e-12
5868.987	27.996	-44.716	2.40211986876546e-11	5.38287392495047e-12	-5.38287392495047e-12
5915.528	16.557	-18.545	4.9576751479289e-11	1.11335533957411e-11	-1.11335533957411e-11
5956.008	28.730	-23.923	3.42059525631047e-11	7.69831557274704e-12	-7.69831557274704e-12
6010.091	27.302	-25.352	3.51684383966486e-11	7.70593036309093e-12	-7.70593036309093e-12
6073.109	19.444	-35.717	3.56136210116939e-11	8.06746185844743e-12	-8.06746185844743e-12
6125.380	22.334	-32.827	3.71233659948222e-11	8.37301510626355e-12	-8.37301510626355e-12
6174.402	18.443	-26.688	4.6922227580197e-11	1.05374226442505e-11	-1.05374226442505e-11
6222.783	27.731	-29.937	3.50565341614085e-11	7.85576352149766e-12	-7.85576352149766e-12
6278.825	24.342	-28.311	3.49680717214644e-11	7.85285240034647e-12	-7.85285240034647e-12
6321.456	29.350	-18.289	3.79849606015488e-11	8.4936967563914e-12	-8.4936967563914e-12
6390.793	35.233	-39.987	2.04602103688767e-11	3.87870768563728e-12	-3.87870768563728e-12
6656.469	33.777	-38.935	3.30771041875884e-11	6.61542245968229e-12	-6.61542245968229e-12
6786.925	27.851	-24.803	2.36565650563005e-11	5.30133798320855e-12	-5.30133798320855e-12
6861.882	40.650	-47.106	2.08490565371843e-11	4.69224262844185e-12	-4.69224262844185e-12
6930.850	24.335	-28.319	3.77848763923329e-11	8.52221429144972e-12	-8.52221429144972e-12
6973.223	29.601	-18.038	4.13374077514855e-11	9.2632357452592e-12	-9.2632357452592e-12
7027.463	25.507	-24.639	4.02925420385299e-11	8.7925517736514e-12	-8.7925517736514e-12
7088.560	19.571	-35.59	3.45917347476386e-11	7.75160692424057e-12	-7.75160692424057e-12
7160.918	70.070	-52.786	2.60362134239149e-11	4.48217407994171e-12	-4.48217407994171e-12
11864.830	47.986	-54.814	1.33052223155306e-11	2.91598202269113e-12	-2.91598202269113e-12
11948.014	42.529	-35.198	1.66217956256614e-11	3.73361091633436e-12	-3.73361091633436e-12
12041.534	51.808	-50.991	1.21781014779777e-11	2.73960596129879e-12	-2.73960596129879e-12
12139.937	61.220	-46.594	1.13969147788416e-11	2.56775705466025e-12	-2.56775705466025e-12
12237.494	41.390	-36.337	1.52653962284167e-11	3.44456222431458e-12	-3.44456222431458e-12
12313.214	38.382	-34.33	1.61099297341259e-11	3.62411565457071e-12	-3.62411565457071e-12
12392.816	44.028	-41.22	1.33373821546659e-11	2.98232955267755e-12	-2.98232955267755e-12
12481.066	66.100	-44.221	1.47271896836863e-11	3.29806569426793e-12	-3.29806569426793e-12
12601.909	50.564	-54.743	1.82044413564801e-11	4.08275971938633e-12	-4.08275971938633e-12
12745.054	67.887	-92.581	8.07603502864761e-12	1.82767472410324e-12	-1.82767472410324e-12
12855.416	40.266	-42.475	1.23990728722506e-11	2.78931569869657e-12	-2.78931569869657e-12
12943.873	64.637	-48.191	1.17848718046598e-11	2.31926237938339e-12	-2.31926237938339e-12
17995.875	50.434	-72.424	8.17683020434968e-12	1.83616594622931e-12	-1.83616594622931e-12
18091.924	44.649	-45.614	1.11477010337559e-11	2.51040945483083e-12	-2.51040945483083e-12
18209.905	44.511	-73.333	9.15480321556482e-12	2.00312504752473e-12	-2.00312504752473e-12
18290.286	26.812	-35.871	1.76164806346375e-11	3.85978922941891e-12	-3.85978922941891e-12
18362.457	44.905	-45.358	1.17716388235106e-11	2.63221801723487e-12	-2.63221801723487e-12
18446.077	51.548	-38.715	1.16590616822391e-11	2.61072826774181e-12	-2.61072826774181e-12
18563.786	56.697	-66.161	8.52538738307603e-12	1.92534769272988e-12	-1.92534769272988e-12
18695.181	85.768	-74.697	9.6870347648157e-12	1.80763119549946e-12	-1.80763119549946e-12
22106.257	86.442	-63.997	9.99121822321339e-12	2.06606158961892e-12	-2.06606158961892e-12
24085.702	69.757	-108.262	6.88673665501206e-12	1.55511722434253e-12	-1.55511722434253e-12
24339.759	221.884	-184.3	5.76695470232981e-12	9.35814531295546e-13	-9.35814531295546e-13
27825.403	72.232	-65.67	7.56532541832357e-12	1.71938930681198e-12	-1.71938930681198e-12
27986.109	61.966	-88.473	6.97401313080679e-12	1.58934161651081e-12	-1.58934161651081e-12
28112.977	75.507	-64.903	7.44927559513677e-12	1.68840208388106e-12	-1.68840208388106e-12
28239.489	71.850	-51.005	8.52698714197842e-12	1.92480362137917e-12	-1.92480362137917e-12
30192.551	144.212	-169.202	5.08260965567243e-12	1.06006778914803e-12	-1.06006778914803e-12
33757.061	112.198	-228.797	2.86242251278943e-12	7.21220496578211e-13	-7.21220496578211e-13
33987.538	99.858	-118.279	5.51063974028933e-12	1.23661781796291e-12	-1.23661781796291e-12
34307.252	186.323	-219.855	5.3377657878372e-12	8.97166828127585e-13	-8.97166828127585e-13
39450.558	90.050	-95.492	5.23949629070285e-12	1.18381089593625e-12	-1.18381089593625e-12
39642.112	116.633	-101.504	4.00309588592128e-12	9.50811369422537e-13	-9.50811369422537e-13
39871.195	108.194	-112.45	3.52729886902758e-12	8.85635365582862e-13	-8.85635365582862e-13
40090.398	119.665	-111.008	3.16859923880468e-12	8.2475275161118e-13	-8.2475275161118e-13
40407.610	203.614	-197.547	3.18795775375869e-12	6.29376089817257e-13	-6.29376089817257e-13
45143.658	103.948	-114.189	3.79447823185596e-12	9.58701833725595e-13	-9.58701833725595e-13
45388.382	114.971	-140.775	3.05863274989712e-12	7.96436205066054e-13	-7.96436205066054e-13
45620.078	83.860	-116.725	3.89000648510236e-12	1.00863874202759e-12	-1.00863874202759e-12
45797.268	87.197	-93.33	4.29490745593369e-12	1.1151953046778e-12	-1.1151953046778e-12
45993.830	106.266	-109.364	3.59419032077627e-12	9.31936245939596e-13	-9.31936245939596e-13
46177.364	118.302	-77.269	3.87789105395291e-12	1.01262619360964e-12	-1.01262619360964e-12
46416.908	66.806	-121.242	4.03424338427127e-12	1.04603764486807e-12	-1.04603764486807e-12
46643.713	148.388	-159.998	3.32102615067428e-12	7.48111436460535e-13	-7.48111436460535e-13
50940.170	142.898	-132.908	3.09156567877249e-12	8.00327260104363e-13	-8.00327260104363e-13
51202.136	91.546	-119.069	4.01010872463399e-12	1.04220505776229e-12	-1.04220505776229e-12
51421.078	123.336	-127.396	3.91087399253712e-12	1.01110239772699e-12	-1.01110239772699e-12
51648.581	121.492	-104.167	3.92943779686644e-12	1.02527838698324e-12	-1.02527838698324e-12
51859.048	104.088	-88.975	5.25146012119406e-12	1.28252517971964e-12	-1.28252517971964e-12
52066.631	122.163	-103.495	4.72288288145041e-12	1.09592098556586e-12	-1.09592098556586e-12
52378.822	143.446	-190.027	2.32345159461884e-12	6.07843133034007e-13	-6.07843133034007e-13
52655.837	162.292	-133.57	2.45829765608961e-12	6.41424759831845e-13	-6.41424759831845e-13
52889.407	114.264	-71.277	4.14434392562538e-12	1.04118056058026e-12	-1.04118056058026e-12
53205.729	231.672	-202.058	3.14080813740729e-12	6.31923130007152e-13	-6.31923130007152e-13
57681.393	94.564	-143.631	4.14364481145456e-12	1.0836050371014e-12	-1.0836050371014e-12
57934.093	137.726	-158.137	3.38381590773829e-12	8.87430498325961e-13	-8.87430498325961e-13
58276.769	141.060	-204.95	2.71465336009802e-12	7.08899098299714e-13	-7.08899098299714e-13
58594.504	149.275	-176.675	2.73459645452311e-12	7.11071930734435e-13	-7.11071930734435e-13
59027.556	195.111	-283.776	3.45750670394655e-12	6.44396131478587e-13	-6.44396131478587e-13
62588.598	225.557	-228.268	1.6411886102743e-12	4.30259501458142e-13	-4.30259501458142e-13
63079.364	216.198	-265.208	1.60394842848066e-12	4.17795851080777e-13	-4.17795851080777e-13
63461.726	187.367	-166.164	2.04839630925614e-12	5.33137043286951e-13	-5.33137043286951e-13
63807.771	114.620	-158.678	2.62097115174455e-12	6.79979426424985e-13	-6.79979426424985e-13
64074.034	116.639	-151.643	2.67019982144619e-12	6.94417055541788e-13	-6.94417055541788e-13
64278.536	102.693	-87.863	5.00745232308351e-12	1.12507345781756e-12	-1.12507345781756e-12
64655.649	354.905	-274.421	1.58245145957367e-12	3.47691273352812e-13	-3.47691273352812e-13
81294.729	295.362	-411.701	9.79594415317639e-13	2.56067831578299e-13	-2.56067831578299e-13
81903.018	228.646	-312.926	1.87365048686161e-12	4.02405204871488e-13	-4.02405204871488e-13
88503.484	3811.648	-900.413	1.26770030055132e-12	3.30034164648465e-13	-3.30034164648465e-13
92584.301	483.022	-269.168	1.10088837810863e-12	2.69611502008184e-13	-2.69611502008184e-13
93620.232	273.099	-365.198	1.28619001386166e-12	3.34247347073182e-13	-3.34247347073182e-13
99206.125	445.710	-700.129	6.63026802981669e-13	1.74938076001651e-13	-1.74938076001651e-13
104970.991	481.646	-355.792	1.42088653860046e-12	2.93333060693297e-13	-2.93333060693297e-13
117420.551	5350.374	-6755.535	7.61536493967548e-13	1.66824195174859e-13	-1.66824195174859e-13
141780.620	4119.092	-4260.994	7.67903019437947e-13	1.83776084771663e-13	-1.83776084771663e-13
151242.101	3716.390	-2190.667	3.88486731341302e-13	1.0301273438926e-13	-1.0301273438926e-13
156565.388	888.064	-1606.897	4.64923993739359e-13	1.05051340637125e-13	-1.05051340637125e-13
170351.848	15940.956	-9138.435	4.95800210248547e-13	9.67695693824939e-14	-9.67695693824939e-14
236555.548	7516.510	-10881.763	4.08765304134782e-13	8.96576490336683e-14	-8.96576490336683e-14
257312.135	9201.395	-9202.149	3.16768914982647e-13	7.21003160690475e-14	-7.21003160690475e-14
278780.065	21993.003	-6834.03	3.75561656255158e-13	9.96848260949857e-14	-9.96848260949857e-14
316734.371	17877.566	-10962.792	2.57111406813316e-13	6.64253478016877e-14	-6.64253478016877e-14
392569.692	13263.452	-39178.708	1.87200908452181e-13	4.67167502851065e-14	-4.67167502851065e-14
459821.432	36190.785	-37325.765	1.61698742570465e-13	3.98369870231277e-14	-3.98369870231277e-14
538445.879	57527.645	-29709.276	2.50363259991032e-13	6.45814173806255e-14	-6.45814173806255e-14
637443.959	26508.563	-37180.931	1.4083891964581e-13	3.84972311122295e-14	-3.84972311122295e-14
760256.832	84716.495	-83156.467	1.23868304732557e-13	3.23186307793524e-14	-3.23186307793524e-14
1027616.864	157434.291	-138435.398	6.46594085734441e-14	2.2648445210195e-14	-1.87987246637682e-14
NO NO NO NO NO NO
! batSNR4flux
0.0409999978542328	0.04	-0.04	9.10998648149558e-08	1.98619387770647e-08	-1.98619387770647e-08
0.121000010967255	0.04	-0.04	8.88795904360357e-08	2.14219522788222e-08	-2.14219522788222e-08
0.221000014940898	0.06	-0.06	9.16381569087324e-08	1.90598366795393e-08	-1.90598366795393e-08
0.301000018119812	0.02	-0.02	1.80925390251457e-07	3.56628180863922e-08	-3.56628180863922e-08
0.341000039577484	0.02	-0.02	6.60287104029351e-08	2.81648502569744e-08	-2.81648502569744e-08
0.381000001430511	0.02	-0.02	1.37606382161558e-07	3.19093229851544e-08	-3.19093229851544e-08
0.44100003361702	0.04	-0.04	1.00109101707114e-07	2.40338992524578e-08	-2.40338992524578e-08
0.521000016927719	0.04	-0.04	1.05340135118096e-07	2.44180388570978e-08	-2.44180388570978e-08
0.601000000238419	0.04	-0.04	1.02447426287275e-07	2.12461779517638e-08	-2.12461779517638e-08
0.68100001335144	0.04	-0.04	8.29300979299237e-08	2.04373614510732e-08	-2.04373614510732e-08
0.761000026464462	0.04	-0.04	7.47933166061926e-08	1.72951033210434e-08	-1.72951033210434e-08
0.841000009775162	0.04	-0.04	6.87263190292307e-08	1.60862201989439e-08	-1.60862201989439e-08
0.921000022888184	0.04	-0.04	4.04187795504895e-08	1.53981734514415e-08	-1.53981734514415e-08
0.981000025272369	0.02	-0.02	8.10034565019867e-08	1.96416511293668e-08	-1.96416511293668e-08
1.0209999871254	0.02	-0.02	8.69576839481944e-08	1.92201436841137e-08	-1.92201436841137e-08
1.0810000193119	0.04	-0.04	5.40603662029181e-08	1.31317357656398e-08	-1.31317357656398e-08
1.20100000917912	0.08	-0.08	3.27346796556424e-08	7.64520249801736e-09	-7.64520249801736e-09
1.361000020504	0.08	-0.08	2.53061980541342e-08	6.07205919747304e-09	-6.07205919747304e-09
1.56100001851718	0.12	-0.12	1.26357468562017e-08	4.05921460517719e-09	-4.05921460517719e-09
1.74100001573563	0.06	-0.06	1.97985869049614e-08	4.19888176307285e-09	-4.19888176307285e-09
1.82099999904633	0.02	-0.02	3.2464777027638e-08	7.50832649532323e-09	-7.50832649532323e-09
1.92100002288818	0.08	-0.08	1.11581398783374e-08	3.46541100687752e-09	-3.46541100687752e-09
2.04099999785423	0.04	-0.04	2.30733053263612e-08	4.9526234583699e-09	-4.9526234583699e-09
2.20100001414617	0.12	-0.12	1.54139918866077e-08	3.70428436755419e-09	-3.70428436755419e-09
2.44100002368291	0.12	-0.12	2.79859902481667e-08	6.29039266515315e-09	-6.29039266515315e-09
2.60100000023842	0.04	-0.04	5.86601804930413e-08	1.3413261188013e-08	-1.3413261188013e-08
2.72100001990795	0.08	-0.08	4.01393283726976e-08	1.21409412584454e-08	-1.21409412584454e-08
2.90100001811981	0.1	-0.1	8.39908471342672e-08	1.65860638529512e-08	-1.65860638529512e-08
3.06100000858307	0.06	-0.06	1.28504965118682e-07	2.98896859319439e-08	-2.98896859319439e-08
3.20100000917912	0.08	-0.08	1.3504445003241e-07	3.10744908455239e-08	-3.10744908455239e-08
3.32100002884865	0.04	-0.04	2.4985524674359e-07	5.7846258734335e-08	-5.7846258734335e-08
3.40100001215935	0.04	-0.04	2.8118138305377e-07	6.97561063747319e-08	-6.97561063747319e-08
3.48100002527237	0.04	-0.04	2.16600551716063e-07	7.86922816038943e-08	-7.86922816038943e-08
3.56100000858307	0.04	-0.04	3.3545816948231e-07	8.09490632095787e-08	-8.09490632095787e-08
3.64100002169609	0.04	-0.04	3.04529285856296e-07	7.34965366722739e-08	-7.34965366722739e-08
3.72100000500679	0.04	-0.04	1.74386204659569e-07	5.934591035419e-08	-5.934591035419e-08
3.80100001811981	0.04	-0.04	2.63506521394692e-07	5.60722546796298e-08	-5.60722546796298e-08
3.861000020504	0.02	-0.02	3.13831956123015e-07	7.54690853426654e-08	-7.54690853426654e-08
3.96100001454353	0.08	-0.08	1.15404920516797e-07	3.10207473246302e-08	-3.10207473246302e-08
4.0810000193119	0.04	-0.04	1.41848938403766e-07	3.50390276783611e-08	-3.50390276783611e-08
4.18100001335144	0.06	-0.06	1.10192563792909e-07	2.65281982649507e-08	-2.65281982649507e-08
4.32100001394749	0.08	-0.08	5.88653321735893e-08	1.90521236907224e-08	-1.90521236907224e-08
4.48100002527237	0.08	-0.08	6.88291747731249e-08	1.51004865563884e-08	-1.51004865563884e-08
4.72100001245737	0.16	-0.16	3.18806246019541e-08	7.46012117117807e-09	-7.46012117117807e-09
5.04100001275539	0.16	-0.16	2.5482983523349e-08	5.77416342167626e-09	-5.77416342167626e-09
5.62100001096725	0.06	-0.06	5.90420035507879e-08	1.45889494129067e-08	-1.45889494129067e-08
5.82100001607622	0.14	-0.14	4.99979003041631e-08	1.12040359263337e-08	-1.12040359263337e-08
6.14100001176198	0.18	-0.18	5.39444918124541e-08	1.27737271672203e-08	-1.27737271672203e-08
6.70100001623756	0.38	-0.38	5.0372759313963e-08	1.25577635971787e-08	-1.25577635971787e-08
7.12100001096725	0.04	-0.04	2.35417290336016e-07	5.33720861388649e-08	-5.33720861388649e-08
7.461000020504	0.1	-0.1	1.89043156061229e-07	4.13475239244844e-08	-4.13475239244844e-08
8.48100001490634	0.92	-0.92	1.16921380897755e-07	2.7584269095625e-08	-2.7584269095625e-08
14.6010000158273	5.19999999999998	-5.19999999999998	5.26586930104123e-08	1.05117504896059e-08	-1.05117504896059e-08
20.8410000155064	1.04	-1.04	9.08590379034494e-08	2.16841015844666e-08	-2.16841015844666e-08
25.0010000157509	3.12	-3.12	5.2952502569306e-08	1.38892406205778e-08	-1.38892406205778e-08
28.2010000091791	0.08	-0.08	4.79150841064844e-07	1.09845546488816e-07	-1.09845546488816e-07
28.4010000220935	0.12	-0.12	4.00950430818799e-07	8.73285569703534e-08	-8.73285569703534e-08
28.641000011762	0.12	-0.12	3.1693750781032e-07	8.57723078935446e-08	-8.57723078935446e-08
28.8010000181198	0.04	-0.04	8.59191150806435e-07	1.64682545327627e-07	-1.64682545327627e-07
28.9010000220935	0.06	-0.06	3.68996010773721e-07	1.25009409837802e-07	-1.25009409837802e-07
29.0210000069936	0.06	-0.06	5.39280275655831e-07	1.16812033958734e-07	-1.16812033958734e-07
29.2410000157356	0.16	-0.16	3.34859581403161e-07	7.41575471258139e-08	-7.41575471258139e-08
29.4810000252724	0.08	-0.08	5.02468268540755e-07	1.03965138704486e-07	-1.03965138704486e-07
29.6410000067949	0.08	-0.08	2.98664315553555e-07	1.01079083523301e-07	-1.01079083523301e-07
29.8010000181198	0.08	-0.08	4.27363908199272e-07	1.04960289565775e-07	-1.04960289565775e-07
30.1210000159343	0.24	-0.24	1.24789378413647e-07	5.80746431894008e-08	-5.80746431894008e-08
30.3810000014305	0.02	-0.02	8.4249770060259e-07	2.0109397728519e-07	-2.0109397728519e-07
30.5610000160337	0.16	-0.16	2.9624193517765e-07	6.79786656088115e-08	-6.79786656088115e-08
31.1210000109673	0.08	-0.08	2.90424945057296e-07	7.09800757005837e-08	-7.09800757005837e-08
31.4010000181198	0.2	-0.2	1.62032477186858e-07	3.54312958435415e-08	-3.54312958435415e-08
31.7210000149409	0.12	-0.12	1.72954154499987e-07	3.83691144835402e-08	-3.83691144835402e-08
31.9610000145435	0.12	-0.12	1.45930186768959e-07	3.00946206810435e-08	-3.00946206810435e-08
32.1210000109673	0.04	-0.04	2.67879349371097e-07	6.53664504477577e-08	-6.53664504477577e-08
32.2210000149409	0.06	-0.06	1.47929613092078e-07	5.54772279375495e-08	-5.54772279375495e-08
32.3410000197093	0.06	-0.06	3.04352536971578e-07	6.51342245054172e-08	-6.51342245054172e-08
32.4610000244776	0.06	-0.06	2.51005283339548e-07	7.16809318984592e-08	-7.16809318984592e-08
32.5810000093778	0.06	-0.06	3.67391851795613e-07	8.03856622603786e-08	-8.03856622603786e-08
32.6610000324249	0.02	-0.02	5.00192051969615e-07	1.24755565296784e-07	-1.24755565296784e-07
32.8010000181198	0.12	-0.12	2.33230788915737e-07	4.7249781376886e-08	-4.7249781376886e-08
33.0410000077883	0.12	-0.12	1.39159059834994e-07	3.71528843217697e-08	-3.71528843217697e-08
33.2410000157356	0.08	-0.08	2.96046559937248e-07	6.42213462158523e-08	-6.42213462158523e-08
33.361000020504	0.04	-0.04	4.93816369222402e-07	1.07809754092711e-07	-1.07809754092711e-07
33.441000033617	0.04	-0.04	3.38163651406357e-07	1.17539475896346e-07	-1.17539475896346e-07
33.5210000169277	0.04	-0.04	5.66967697262416e-07	1.32177580230447e-07	-1.32177580230447e-07
33.6810000133514	0.12	-0.12	2.86973821438911e-07	8.81902105741686e-08	-8.81902105741686e-08
33.8410000097752	0.04	-0.04	7.08202205954043e-07	1.72862903063936e-07	-1.72862903063936e-07
33.9210000228882	0.04	-0.04	8.79098030207847e-07	1.96501510684569e-07	-1.96501510684569e-07
34.0210000069936	0.06	-0.06	5.86362513296881e-07	1.7211454601579e-07	-1.7211454601579e-07
34.141000011762	0.06	-0.06	8.37419146599312e-07	1.96054262648752e-07	-1.96054262648752e-07
34.2810000222921	0.08	-0.08	7.91510793944344e-07	1.90519468388423e-07	-1.90519468388423e-07
34.4010000121594	0.04	-0.04	1.30471440612287e-06	2.72103734239366e-07	-2.72103734239366e-07
34.8010000148084	0.36	-0.36	4.31218161530878e-07	9.28242064412232e-08	-9.28242064412232e-08
35.3410000197093	0.18	-0.18	6.00309108961301e-07	1.45503694585668e-07	-1.45503694585668e-07
36.3210000154376	0.8	-0.8	4.26268693056837e-07	8.13861422787535e-08	-8.13861422787535e-08
37.3210000169277	0.2	-0.2	7.58237712546061e-07	1.78945575239198e-07	-1.78945575239198e-07
41.0210000157358	3.5	-3.5	1.97770989489882e-07	3.20267683272911e-08	-3.20267683272911e-08
44.7010000141462	0.18	-0.18	4.36786839824792e-07	9.94145620931804e-08	-9.94145620931804e-08
50.6410000156945	5.75999999999997	-5.75999999999997	7.34050360484208e-08	1.61770951461091e-08	-1.61770951461091e-08
57.4210000158759	1.02	-1.02	5.27990850262199e-07	1.24883487129709e-07	-1.24883487129709e-07
58.5610000185172	0.12	-0.12	1.86022931571255e-06	4.6270012819732e-07	-4.6270012819732e-07
58.8010000181198	0.12	-0.12	1.5104423066467e-06	5.02780807794807e-07	-5.02780807794807e-07
59.0410000077883	0.12	-0.12	2.33643303285381e-06	5.21246372017639e-07	-5.21246372017639e-07
59.2010000240803	0.04	-0.04	3.97770161111476e-06	9.74409489266587e-07	-9.74409489266587e-07
59.3010000181198	0.06	-0.06	3.30594353295536e-06	7.88524970995007e-07	-7.88524970995007e-07
59.4210000228882	0.06	-0.06	3.69314322959389e-06	8.48624495671061e-07	-8.48624495671061e-07
59.6610000125567	0.06	-0.06	2.5127004637552e-06	6.07412814755564e-07	-6.07412814755564e-07
59.7810000173251	0.06	-0.06	1.77665251048179e-06	4.42465444083641e-07	-4.42465444083641e-07
59.9410000157356	0.1	-0.1	1.26777816256253e-06	2.15060941949523e-07	-2.15060941949523e-07
60.0810000193119	0.04	-0.04	1.05467563481676e-06	2.39886293183012e-07	-2.39886293183012e-07
60.1810000133514	0.06	-0.06	9.74841862057434e-07	2.24704111028938e-07	-2.24704111028938e-07
60.3810000184604	0.14	-0.14	7.70466810450977e-07	1.84122730759264e-07	-1.84122730759264e-07
60.5610000085831	0.04	-0.04	2.02159716311665e-06	4.19534149542269e-07	-4.19534149542269e-07
60.6810000133514	0.08	-0.08	1.14988750344999e-06	3.25793599132547e-07	-3.25793599132547e-07
60.8010000181198	0.04	-0.04	2.78612359952765e-06	5.72932831140534e-07	-5.72932831140534e-07
61.1010000061989	0.1	-0.1	2.37319586364416e-06	5.42924154415353e-07	-5.42924154415353e-07
61.2610000165304	0.06	-0.06	4.26577839842458e-06	9.26562433816809e-07	-9.26562433816809e-07
61.4410000236829	0.12	-0.12	4.40692307702822e-06	8.76542709405342e-07	-8.76542709405342e-07
61.5809999895096	0.02	-0.02	1.29056184190579e-05	2.85889431611534e-06	-2.85889431611534e-06
61.6410000216961	0.04	-0.04	3.75309020651339e-06	1.37177690252554e-06	-1.37177690252554e-06
61.7210000050068	0.04	-0.04	3.58082981524979e-06	7.75777790088164e-07	-7.75777790088164e-07
61.8210000189145	0.06	-0.06	1.40682936502337e-06	2.99871398152901e-07	-2.99871398152901e-07
61.9010000419617	0.02	-0.02	1.52064429753158e-06	3.04262642757682e-07	-3.04262642757682e-07
61.9610000145435	0.04	-0.04	5.98486727715494e-07	1.4548165989754e-07	-1.4548165989754e-07
62.0409999978542	0.04	-0.04	7.2275154427849e-07	1.5998402359783e-07	-1.5998402359783e-07
62.1210000109673	0.04	-0.04	5.7169922049168e-07	1.78589855046544e-07	-1.78589855046544e-07
62.1810000133514	0.02	-0.02	1.36513851829644e-06	2.79697976224338e-07	-2.79697976224338e-07
62.2410000157356	0.04	-0.04	7.58863472536029e-07	2.19791561541939e-07	-2.19791561541939e-07
62.3010000181198	0.02	-0.02	1.76057771490241e-06	3.92742135902863e-07	-3.92742135902863e-07
62.4010000270605	0.08	-0.08	8.80812322590232e-07	2.3437404741221e-07	-2.3437404741221e-07
62.5210000169277	0.04	-0.04	2.01623072250806e-06	4.3772203663592e-07	-4.3772203663592e-07
62.6010000002384	0.04	-0.04	2.48851301188152e-06	5.61058783179052e-07	-5.61058783179052e-07
62.721000019908	0.08	-0.08	2.17938796844677e-06	5.16900636188487e-07	-5.16900636188487e-07
62.8410000097752	0.04	-0.04	4.00319254285562e-06	9.76611598500148e-07	-9.76611598500148e-07
63.0610000152058	0.18	-0.18	1.04734333344636e-06	2.0973170292444e-07	-2.0973170292444e-07
63.3010000181198	0.06	-0.06	7.07404025932355e-07	1.59475268242167e-07	-1.59475268242167e-07
63.3810000014305	0.02	-0.02	8.48588426315749e-07	2.04104755600201e-07	-2.04104755600201e-07
63.4610000244776	0.06	-0.06	4.44307689010997e-07	1.08416293496499e-07	-1.08416293496499e-07
63.7010000141462	0.18	-0.18	5.35652529686085e-07	1.20506188900643e-07	-1.20506188900643e-07
63.9210000228882	0.04	-0.04	2.08000740515625e-06	4.8600770215985e-07	-4.8600770215985e-07
64.1010000130108	0.14	-0.14	1.6381671471816e-06	4.10226794376164e-07	-4.10226794376164e-07
