## BAT - batSNR4flux
1.16100000981627	1.16	-1.16	1.2898432986594e-08	3.07831116964785e-09	-3.07831116964785e-09
2.92100000997384	0.6	-0.6	2.00592148477705e-08	4.55516496545675e-09	-4.55516496545675e-09
3.601000007689	0.08	-0.08	5.36197595797309e-08	1.26950455980063e-08	-1.26950455980063e-08
4.10100000875337	0.14	-0.14	5.35070819188438e-08	1.01893162339392e-08	-1.01893162339392e-08
4.66100000971839	0.42	-0.42	3.0260356474646e-08	5.84947505244874e-09	-5.84947505244874e-09
5.22100000926426	0.14	-0.14	4.28478735515219e-08	1.02160044449748e-08	-1.02160044449748e-08
5.5610000115633	0.2	-0.2	2.67301259344332e-08	9.12004793101974e-09	-9.12004793101974e-09
5.80100000321865	0.04	-0.04	7.54021434187986e-08	1.85893441082365e-08	-1.85893441082365e-08
6.10100000940836	0.26	-0.26	2.38736134920287e-08	7.94954150744735e-09	-7.94954150744735e-09
6.6410000110524	0.28	-0.28	3.05966905547088e-08	7.64801790017684e-09	-7.64801790017684e-09
6.98100000540415	0.06	-0.06	6.85415768087589e-08	1.65976801501539e-08	-1.65976801501539e-08
7.62100001096725	0.02	-0.02	1.1697885962876e-07	2.86227686345406e-08	-2.86227686345406e-08
8.12100000972549	0.48	-0.48	2.19183958027175e-08	5.81597261218941e-09	-5.81597261218941e-09
9.0810000093778	0.48	-0.48	2.82786562892409e-08	5.8882742689054e-09	-5.8882742689054e-09
9.62100001096725	0.06	-0.06	7.90600048442867e-08	1.6646379459033e-08	-1.6646379459033e-08
9.80100001315276	0.12	-0.12	4.85554328268329e-08	1.19386185414246e-08	-1.19386185414246e-08
10.3210000094771	0.4	-0.4	1.87963834737157e-08	6.09173460985838e-09	-6.09173460985838e-09
10.921000007987	0.2	-0.2	3.29258185660725e-08	7.46129536464898e-09	-7.46129536464898e-09
11.8410000097752	0.72	-0.72	1.26140053932157e-08	3.31764802538286e-09	-3.31764802538286e-09
12.8010000106692	0.24	-0.24	1.92789717590548e-08	4.79329325913665e-09	-4.79329325913665e-09
13.7610000099076	0.72	-0.72	1.08161611024489e-08	2.23247968589705e-09	-2.23247968589705e-09
15.201000010007	0.72	-0.72	5.28317527471543e-09	1.69976894086418e-09	-1.69976894086418e-09
16.121000007987	0.2	-0.2	1.17293252600859e-08	2.70497128511465e-09	-2.70497128511465e-09
16.8410000097752	0.52	-0.52	6.06806269736338e-09	1.43909017785046e-09	-1.43909017785046e-09
17.8810000094542	0.52	-0.52	4.40846207291105e-09	1.24258623579119e-09	-1.24258623579119e-09
18.9210000102795	0.52	-0.52	6.47421775373705e-09	1.34962863867059e-09	-1.34962863867059e-09
20.001000009392	0.56	-0.56	5.06319387344303e-09	1.4289498274153e-09	-1.4289498274153e-09
20.6410000142455	0.08	-0.08	1.61729376356458e-08	4.00491852154539e-09	-4.00491852154539e-09
21.2010000091791	0.16	-0.16	1.22769704471658e-08	2.99408906045372e-09	-2.99408906045372e-09
21.8410000097752	0.48	-0.48	7.64803624986678e-09	1.78047051027026e-09	-1.78047051027026e-09
22.8010000094275	0.48	-0.48	7.14562601853432e-09	1.8943355015532e-09	-1.8943355015532e-09
23.7610000103215	0.48	-0.48	8.50405774114733e-09	2.04868491608518e-09	-2.04868491608518e-09
25.3210000095323	1.08	-1.08	6.83989380331944e-09	1.55747744370661e-09	-1.55747744370661e-09
28.701000009827	2.3	-2.3	6.94025611878802e-09	1.38497523148354e-09	-1.38497523148354e-09
35.6010000098272	4.59999999999999	-4.59999999999999	7.49154484777176e-09	1.67688716739275e-09	-1.67688716739275e-09
44.8010000096977	4.59999999999999	-4.59999999999999	1.66212919453325e-08	3.29632596494168e-09	-3.29632596494168e-09
51.7010000098271	2.3	-2.3	1.77353304389427e-08	3.87520956116102e-09	-3.87520956116102e-09
59.8810000097089	1.08	-1.08	2.21227345002611e-08	4.55873939492937e-09	-4.55873939492937e-09
64.2010000097313	3.24	-3.24	9.78447994617555e-09	2.30168434239726e-09	-2.30168434239726e-09
70.6810000098564	3.24	-3.24	5.47217268101966e-09	1.84424732190636e-09	-1.84424732190636e-09
75.0010000095102	1.08	-1.08	1.35851758058576e-08	2.73533767583293e-09	-2.73533767583293e-09
78.5010000098936	2.42	-2.42	5.84572119278448e-09	1.7711393467683e-09	-1.7711393467683e-09
80.9609999996424	0.04	-0.04	6.46810086066389e-08	1.41525372019074e-08	-1.41525372019074e-08
83.6810000097932	2.68	-2.68	6.80316273214822e-09	1.80218852158675e-09	-1.80218852158675e-09
86.3810000014305	0.02	-0.02	9.19871565784055e-08	2.12485572296926e-08	-2.12485572296926e-08
87.4810000098194	1.08	-1.08	1.37995349985738e-08	3.00191584384215e-09	-3.00191584384215e-09
91.8010000098417	3.24	-3.24	6.36629687777823e-09	1.87959668233745e-09	-1.87959668233745e-09
95.2010000091791	0.16	-0.16	3.70842824956295e-08	8.97941202596112e-09	-8.97941202596112e-09
97.581000009915	2.22	-2.22	6.65690795348349e-09	2.5605397813291e-09	-2.5605397813291e-09
99.9010000061989	0.1	-0.1	5.19572614630585e-08	1.23333554679436e-08	-1.23333554679436e-08
104.021000009811	4.02	-4.02	7.62160624842536e-09	2.18311347371205e-09	-2.18311347371205e-09
108.061000008583	0.02	-0.02	1.3727842242095e-07	3.36725732654374e-08	-3.36725732654374e-08
110.441000009876	2.36	-2.36	1.23225195379487e-08	3.81205703514308e-09	-3.81205703514308e-09
115.161000009695	2.36	-2.36	3.12212447734462e-08	6.66127338972184e-09	-6.66127338972184e-09
117.601000007689	0.08	-0.08	2.10851354363232e-07	4.92303780651778e-08	-4.92303780651778e-08
122.281000009853	4.59999999999999	-4.59999999999999	4.66462024594435e-08	1.09871277887335e-08	-1.09871277887335e-08

## XRT - xrtwtflux
133.702	0.778	-0.958	1.36169002562738e-09	2.07574858533244e-10	-2.07929111101511e-10
134.936	0.505	-0.455	2.6976152425965e-09	4.03227296865379e-10	-4.03978211523235e-10
136.344	0.727	-0.903	1.77305787012947e-09	2.62203095072526e-10	-2.62750159756498e-10
137.776	0.745	-0.705	2.05143142592335e-09	3.12832188868407e-10	-3.13463896945286e-10
139.038	0.645	-0.517	2.43155731554803e-09	3.70853863244269e-10	-3.71653293144666e-10
140.243	0.693	-0.561	2.1770936050739e-09	3.25449904987657e-10	-3.26079605324497e-10
141.604	0.810	-0.667	1.69270712617105e-09	2.63320789178114e-10	-2.63833899988681e-10
143.273	0.792	-0.859	1.43205023218279e-09	2.18369365214168e-10	-2.18800920483233e-10
144.863	0.872	-0.799	1.43221170848286e-09	2.14224782801686e-10	-2.14756053925804e-10
146.556	0.595	-0.821	1.76447016705414e-09	2.63899051530989e-10	-2.6453019610497e-10
147.839	0.798	-0.688	1.73948847846065e-09	2.65359430661081e-10	-2.65986741853743e-10
149.368	0.692	-0.731	1.95897861757506e-09	2.98825078613981e-10	-2.99514162475557e-10
150.809	0.747	-0.749	1.97540222848808e-09	2.95433944175008e-10	-2.96128464465792e-10
152.278	0.775	-0.721	1.80621383696028e-09	2.75434704679204e-10	-2.75988092791568e-10
153.849	0.590	-0.796	1.7995300153697e-09	2.744483996565e-10	-2.7502999077958e-10
155.126	0.750	-0.688	1.91175772464638e-09	2.91538489154066e-10	-2.92132313587035e-10
156.984	0.980	-1.108	1.55889408554073e-09	2.33056202687166e-10	-2.33524540181204e-10
158.727	0.863	-0.763	2.10692352345621e-09	3.15031880708882e-10	-3.15704847134756e-10
160.607	0.898	-1.016	1.51750199082961e-09	2.26879794971522e-10	-2.27346499878973e-10
162.373	0.694	-0.868	1.59557178160597e-09	2.38503611993118e-10	-2.3895169005438e-10
163.961	1.005	-0.894	1.29970353171645e-09	1.94267866162475e-10	-1.94624625223873e-10
165.738	0.770	-0.772	1.59249368882588e-09	2.42765139591532e-10	-2.43184479653515e-10
167.597	0.881	-1.088	1.31755317446084e-09	1.96938349610456e-10	-1.97301947430452e-10
169.303	1.002	-0.825	1.45188209492047e-09	2.21282294157684e-10	-2.21627325665402e-10
171.480	1.314	-1.175	1.09492808540906e-09	1.63585387777152e-10	-1.63826800930781e-10
173.811	0.974	-1.017	1.27964202330328e-09	1.91222532490259e-10	-1.9153539275409e-10
175.607	0.868	-0.823	1.43692618612676e-09	2.14699066961364e-10	-2.15029443951799e-10
177.539	1.023	-1.064	1.15064417861342e-09	1.7530224177159e-10	-1.75523897631742e-10
179.998	1.077	-1.437	9.44826526044333e-10	1.46850717128654e-10	-1.47033256747601e-10
182.198	0.947	-1.122	1.19467363500602e-09	1.78445163810979e-10	-1.78677667188226e-10
184.293	0.921	-1.148	1.20585057776222e-09	1.80086607545565e-10	-1.80301466462337e-10
186.483	1.305	-1.269	9.05434470154245e-10	1.35219659634942e-10	-1.35379918884447e-10
189.347	1.177	-1.559	7.59473153768953e-10	1.13408603716852e-10	-1.13534485199448e-10
192.250	1.533	-1.725	6.61492328674455e-10	9.87640890582983e-11	-9.88649369721859e-11
195.138	1.565	-1.356	8.8307631534499e-10	1.34466873406897e-10	-1.34589765028221e-10
198.385	1.668	-1.682	8.2402756579034e-10	1.23015287254436e-10	-1.23130829064659e-10
201.240	0.982	-1.187	1.07974233734784e-09	1.64399988846496e-10	-1.64541937970961e-10
203.643	1.282	-1.42	8.2376272938965e-10	1.25419038605207e-10	-1.25523731756558e-10
206.484	1.492	-1.559	7.77206402823594e-10	1.16003400203202e-10	-1.16098870214466e-10
209.159	1.254	-1.183	1.00877613920424e-09	1.50552045705369e-10	-1.50667142757807e-10
212.306	1.464	-1.893	7.54713105466989e-10	1.12631089704999e-10	-1.12714837729175e-10
214.761	0.924	-0.991	1.34297265044796e-09	2.04419704568486e-10	-2.04560781295627e-10
216.945	1.133	-1.26	1.15520059066631e-09	1.72406167839557e-10	-1.7253878843977e-10
219.403	1.107	-1.325	1.21268435580741e-09	1.80968368099249e-10	-1.81097716063375e-10
222.031	1.386	-1.521	1.01485840109231e-09	1.575956653353e-10	-1.57701714086628e-10
224.285	0.927	-0.868	1.7152859879261e-09	2.55975926434626e-10	-2.56161603958195e-10
226.385	0.935	-1.173	1.46246149956032e-09	2.18244174353873e-10	-2.1840117691698e-10
227.958	0.651	-0.638	2.20888140801699e-09	3.29601398174198e-10	-3.29820040449947e-10
229.518	0.999	-0.91	1.33415202836867e-09	2.0715421559557e-10	-2.07279505822433e-10
231.060	0.755	-0.542	1.98496506447602e-09	2.96179011675542e-10	-2.96369393842807e-10
232.494	0.739	-0.679	1.82032722632731e-09	2.82656184943263e-10	-2.82834925946272e-10
234.127	1.308	-0.895	1.23264334204471e-09	1.83936183758133e-10	-1.84061474696528e-10
236.184	0.792	-0.749	1.53799466059963e-09	2.340715819998e-10	-2.34213664866539e-10
237.821	0.811	-0.845	1.31970453824152e-09	1.96925814953485e-10	-1.9705886150225e-10
239.583	1.196	-0.951	9.49389912488001e-10	1.44493648406542e-10	-1.44583413095695e-10
241.896	1.029	-1.117	8.90358802260124e-10	1.3550937108278e-10	-1.35593572887716e-10
243.826	0.741	-0.901	1.19356071965062e-09	1.78101305096185e-10	-1.78220885069296e-10
245.622	1.086	-1.055	9.27448808300155e-10	1.44005405648131e-10	-1.44092582358944e-10
248.024	1.142	-1.316	8.68251613225604e-10	1.29546122626288e-10	-1.29625519133499e-10
250.632	1.442	-1.465	7.3857906965554e-10	1.10207032203165e-10	-1.102794782565e-10
253.549	1.148	-1.476	8.05182080478873e-10	1.22541191888716e-10	-1.226146805732e-10
255.886	1.486	-1.188	7.77707673672279e-10	1.16042527037973e-10	-1.16117015008094e-10
258.815	1.734	-1.444	6.29929149839119e-10	9.40017839689048e-11	-9.40676246655854e-11
261.699	1.015	-1.15	8.83147372064433e-10	1.3179518337546e-10	-1.31891440689779e-10
263.996	1.044	-1.282	7.92066038848866e-10	1.18193855494686e-10	-1.18274946490007e-10
266.544	1.620	-1.504	5.72682588313018e-10	8.71694243080784e-11	-8.72289987339188e-11
269.814	1.449	-1.65	6.12261599936816e-10	9.31856716904543e-11	-9.32445479987905e-11
272.919	1.945	-1.656	3.68370014246799e-10	6.93347397101646e-11	-6.93644337225727e-11
276.895	2.008	-2.031	4.89069971183886e-10	7.59473825768021e-11	-7.59987871899193e-11
280.867	1.394	-1.965	3.90628549985038e-10	7.1372783551989e-11	-7.14089608361905e-11
284.138	1.842	-1.877	5.13080830640251e-10	7.65735749613843e-11	-7.66322841729532e-11
288.218	1.964	-2.238	4.33138527174935e-10	6.46398771699615e-11	-6.46877095705587e-11
292.268	2.204	-2.086	4.26200661481034e-10	6.36044126122936e-11	-6.36514838576884e-11
296.552	1.693	-2.081	5.15553773016166e-10	7.84781931043003e-11	-7.85344632432052e-11
300.531	1.941	-2.286	4.88863230712183e-10	7.29594344452121e-11	-7.30154496856005e-11
304.568	2.017	-2.096	4.18556123263428e-10	6.88749967080351e-11	-6.89182719547259e-11
308.205	1.928	-1.619	3.84386233220159e-10	7.23612534390971e-11	-7.2399300185139e-11
312.365	1.777	-2.232	3.41964515801269e-10	6.24856685581645e-11	-6.25199286574876e-11
316.242	2.114	-2.101	4.71451381544433e-10	7.03595536335878e-11	-7.04128091856524e-11
320.744	2.167	-2.388	3.94227596077755e-10	6.12208946073184e-11	-6.12632531574983e-11
325.350	2.358	-2.439	3.4804172816767e-10	5.42486779300478e-11	-5.42879386561132e-11
329.585	2.355	-1.878	4.14240907026846e-10	6.18211281826461e-11	-6.1867729380708e-11
333.660	1.703	-1.72	5.38367852514137e-10	8.03434874307891e-11	-8.04027400051598e-11
337.346	2.378	-1.983	4.69372576853694e-10	7.00523479134311e-11	-7.01071786096735e-11
341.478	2.466	-1.754	5.12081719257008e-10	7.64290986487932e-11	-7.64904232503471e-11
345.743	1.938	-1.8	5.57102591896003e-10	8.314586646752e-11	-8.32109788450912e-11
349.991	1.607	-2.309	5.22188927503528e-10	7.79320000512244e-11	-7.79912049116462e-11
353.321	1.724	-1.724	6.09354988757048e-10	9.09386561420542e-11	-9.10065100772321e-11
356.946	1.700	-1.901	6.01127098730928e-10	8.97104799541025e-11	-8.97773020076188e-11
360.531	1.773	-1.885	6.02293521318806e-10	9.16854142117074e-11	-9.17531605256989e-11
363.724	1.527	-1.419	7.80865425698487e-10	1.165385541586e-10	-1.16627918785503e-10
366.683	1.421	-1.432	7.38204209673843e-10	1.12371745823969e-10	-1.12453050869049e-10
369.316	1.275	-1.212	7.89457640448471e-10	1.20178213805578e-10	-1.20267859767832e-10
372.167	1.452	-1.576	6.52682035267011e-10	9.93611493659146e-11	-9.94377351473429e-11
374.965	1.257	-1.346	8.01830331783556e-10	1.19672210781448e-10	-1.19766797448811e-10
377.477	1.304	-1.255	8.21812664318514e-10	1.22653034857922e-10	-1.22749091136416e-10
379.721	1.147	-0.94	9.65914239249909e-10	1.47043101046068e-10	-1.47154682530022e-10
382.153	1.096	-1.286	8.34179861744696e-10	1.24501860314049e-10	-1.2460118968064e-10
384.289	1.199	-1.039	8.5233785816967e-10	1.29757333385501e-10	-1.29858251914243e-10
386.832	1.175	-1.344	7.45397343865488e-10	1.11255578751014e-10	-1.11347021247118e-10
388.954	0.912	-0.947	1.00149104089159e-09	1.49480043663344e-10	-1.49603379629312e-10
391.549	1.717	-1.682	5.44385756557839e-10	8.12535798635436e-11	-8.13205602229503e-11
394.155	0.958	-0.888	1.0215610999792e-09	1.52471743094129e-10	-1.5259523343119e-10
396.053	0.595	-0.94	1.31421851650239e-09	2.00068488860829e-10	-2.0022167611645e-10
397.441	0.987	-0.792	1.20414424735374e-09	1.83310576879383e-10	-1.83450380226085e-10
399.340	0.799	-0.912	1.2933129479847e-09	1.9688713917424e-10	-1.97038550257007e-10
401.360	0.981	-1.221	1.01045951250103e-09	1.56931569218964e-10	-1.57048339690724e-10
403.128	0.842	-0.786	1.34318459908595e-09	2.04476584954251e-10	-2.04632226585888e-10
404.775	0.676	-0.806	1.41495569936512e-09	2.15395101210341e-10	-2.15554652914889e-10
406.549	1.029	-1.097	9.6443528786598e-10	1.4977105846711e-10	-1.49875021965542e-10
408.544	0.864	-0.967	1.12852130290454e-09	1.7525177513264e-10	-1.75372950731641e-10
410.193	0.768	-0.785	1.367725123731e-09	2.04117663199562e-10	-2.04270942982556e-10
411.892	0.840	-0.93	1.1888760999672e-09	1.77427081309475e-10	-1.77560689769169e-10
413.315	0.562	-0.584	1.82867305005659e-09	2.7291026214488e-10	-2.73115980450451e-10
414.641	0.730	-0.763	1.40572461281015e-09	2.09789729912438e-10	-2.0994792894543e-10
416.168	0.968	-0.798	1.16274468613564e-09	1.80568291795104e-10	-1.80694166325821e-10
418.128	0.685	-0.991	1.29842728765913e-09	2.01647141975249e-10	-2.01792486546048e-10
419.536	0.534	-0.724	1.818628473632e-09	2.76861816062027e-10	-2.77076717218066e-10
421.050	0.745	-0.979	1.25545517381921e-09	1.91135411513419e-10	-1.91289299243899e-10
422.552	0.645	-0.757	1.48362621916959e-09	2.21448901550942e-10	-2.21635570309343e-10
423.917	0.777	-0.721	1.36368785317823e-09	2.0760776328028e-10	-2.077716617529e-10
425.335	0.843	-0.641	1.37474505647992e-09	2.0928397479845e-10	-2.09444927193344e-10
427.007	0.794	-0.829	1.34110009299638e-09	2.00154262951517e-10	-2.00310544343637e-10
428.493	0.665	-0.692	1.65952965375167e-09	2.57726846395988e-10	-2.57912731263245e-10
429.767	0.601	-0.609	1.97801112006195e-09	2.95211808980852e-10	-2.95442795623127e-10
430.970	0.547	-0.602	2.09305653911657e-09	3.12382902614951e-10	-3.12627897918579e-10
432.225	0.678	-0.708	1.76366441974714e-09	2.63219059849045e-10	-2.63423714989038e-10
433.713	0.749	-0.81	1.61811755104759e-09	2.46315054376474e-10	-2.46493482822047e-10
434.881	0.551	-0.419	2.70653005619831e-09	4.03908300932414e-10	-4.04205154445892e-10
436.247	0.635	-0.815	1.60502204536753e-09	2.44306035882495e-10	-2.44473884348487e-10
437.768	0.912	-0.887	1.16862219717077e-09	1.74393173106332e-10	-1.74517883121952e-10
439.510	1.042	-0.829	1.12118063397378e-09	1.6731838491089e-10	-1.67440940028519e-10
441.133	0.582	-0.582	1.78625879608784e-09	2.77394413521825e-10	-2.77586342198972e-10
442.516	0.811	-0.801	1.3302648063874e-09	1.98527680121631e-10	-1.98677080843634e-10
443.954	0.709	-0.627	1.59383536416488e-09	2.37859322663558e-10	-2.38036289512832e-10
445.670	0.844	-1.006	1.14890116787963e-09	1.74884024043187e-10	-1.75007505513726e-10
447.263	0.663	-0.749	1.57769583191548e-09	2.35443290641608e-10	-2.35614169483712e-10
448.591	0.732	-0.665	1.5842910859832e-09	2.41152273658274e-10	-2.41318951676951e-10
450.069	0.883	-0.746	1.32320587157662e-09	2.01408782458251e-10	-2.01546523001255e-10
451.680	0.643	-0.727	1.55426833033469e-09	2.31938269661927e-10	-2.32101393971591e-10
453.183	0.761	-0.86	1.28126324096858e-09	1.91196169282758e-10	-1.91329133286813e-10
454.822	0.737	-0.878	1.24183087344842e-09	1.89014782209975e-10	-1.89139543467252e-10
456.526	0.699	-0.968	1.28896485744654e-09	1.92340007909162e-10	-1.92470664908106e-10
457.870	0.855	-0.644	1.47238856399419e-09	2.24105896935594e-10	-2.24253082393218e-10
459.347	0.772	-0.621	1.5195103843623e-09	2.26747214423187e-10	-2.26904170081748e-10
460.818	0.547	-0.7	1.59051859601877e-09	2.37346953720142e-10	-2.37513386595933e-10
462.174	0.643	-0.808	1.40625690748493e-09	2.09851581994297e-10	-2.09999463550809e-10
463.719	0.744	-0.902	1.33997076280397e-09	1.9995753961433e-10	-2.00097093644046e-10
465.339	1.019	-0.876	1.19640505788231e-09	1.78531544209918e-10	-1.78654732492536e-10
467.047	0.755	-0.689	1.50498695429083e-09	2.24579209854909e-10	-2.24734230090793e-10
468.652	0.791	-0.85	1.25329062311755e-09	1.90770413177066e-10	-1.90902999343847e-10
470.328	0.862	-0.885	1.12322832125623e-09	1.70983182462532e-10	-1.7110805487133e-10
472.248	1.327	-1.057	7.80580848710013e-10	1.18830074074542e-10	-1.18920571256003e-10
474.574	1.130	-1	8.94764097968055e-10	1.33543040508565e-10	-1.3364896437199e-10
477.052	1.078	-1.348	7.95920457659301e-10	1.1878927844558e-10	-1.18882641868543e-10
479.551	1.208	-1.42	7.61159304530516e-10	1.13596040638911e-10	-1.13682248578332e-10
481.837	1.017	-1.079	1.00318449545325e-09	1.49710940574659e-10	-1.49821547734385e-10
484.088	0.996	-1.234	9.45002363821342e-10	1.46753222351515e-10	-1.46855020952918e-10
486.636	1.453	-1.552	7.259038442172e-10	1.08335725060627e-10	-1.0841866098775e-10
489.516	1.244	-1.428	7.86626764395153e-10	1.17394588777701e-10	-1.17482390215786e-10
492.336	1.687	-1.576	5.8593941504569e-10	8.74431641666752e-11	-8.75078435991289e-11
495.056	1.106	-1.033	8.043144286156e-10	1.2243997841162e-10	-1.22531393606456e-10
497.564	1.752	-1.402	5.78256449702339e-10	8.70325315079517e-11	-8.71006056041954e-11
500.989	1.612	-1.673	5.95841725924857e-10	8.89256980568489e-11	-8.8994266373416e-11
504.389	1.295	-1.789	6.6728141830625e-10	9.95919814140891e-11	-9.96713207382973e-11
507.114	1.273	-1.43	7.41141719122899e-10	1.10620404090885e-10	-1.1071134968876e-10
509.691	1.390	-1.305	7.2433515714366e-10	1.08108244872083e-10	-1.08194955320018e-10
512.472	1.497	-1.391	6.86329174604742e-10	1.0243187469909e-10	-1.02511677449146e-10
515.745	1.916	-1.776	5.42182598615234e-10	8.25344475521995e-11	-8.25952083059548e-11
519.304	1.399	-1.643	6.49040373231133e-10	9.87994346582888e-11	-9.8871267631575e-11
522.402	1.633	-1.699	5.69948647064663e-10	8.67589207713655e-11	-8.68214921341041e-11
525.747	1.659	-1.712	5.4760777550171e-10	8.17235794265675e-11	-8.17845437310006e-11
529.465	2.045	-2.058	4.2804809224866e-10	6.38820860259512e-11	-6.39304506867938e-11
533.387	1.776	-1.878	4.56124567241842e-10	6.94372033153478e-11	-6.94901261712182e-11
537.085	1.590	-1.922	3.54934189887949e-10	6.38033353798109e-11	-6.38398864198909e-11
541.079	1.886	-2.403	4.53117915293459e-10	6.76260819366601e-11	-6.76788322684912e-11
544.637	1.497	-1.672	6.17894218814585e-10	9.22149286041092e-11	-9.22848578894046e-11
548.083	2.294	-1.949	4.33210135597283e-10	6.72764559891531e-11	-6.73240251542199e-11
552.407	2.229	-2.03	4.41932795727656e-10	6.59564412810495e-11	-6.60076843296746e-11
557.039	2.360	-2.403	3.94050796530533e-10	6.01528453926714e-11	-6.01937284071498e-11
561.546	1.436	-2.147	5.47958428060258e-10	8.34167234476254e-11	-8.34799052622542e-11
565.031	2.363	-2.049	4.3679682219238e-10	6.64952063597306e-11	-6.6546079376232e-11
569.321	1.370	-1.927	5.93251495393288e-10	8.8546893793206e-11	-8.86197684279047e-11
572.269	1.611	-1.577	6.40182466240017e-10	9.7464388919988e-11	-9.75431131128399e-11
575.569	2.009	-1.69	3.80585133459116e-10	7.38379626282686e-11	-7.3872316174006e-11
579.741	2.264	-2.163	4.90467401614274e-10	7.31942429970358e-11	-7.32477196886091e-11
584.478	2.010	-2.473	4.50932601835581e-10	6.72909083119013e-11	-6.73380801472764e-11
588.526	2.280	-2.038	4.36621297858214e-10	6.77997005431989e-11	-6.78437801372753e-11
592.692	1.615	-1.886	3.45518370972652e-10	6.70299703513281e-11	-6.70584419423886e-11
595.932	2.095	-1.625	3.41918297189341e-10	6.32513527041463e-11	-6.32804049032394e-11
600.286	2.230	-2.258	4.68482734464899e-10	6.99168547000926e-11	-6.99699517745771e-11
604.751	1.500	-2.235	4.09958058776801e-10	7.71667143392588e-11	-7.72022006412509e-11
607.770	1.884	-1.519	4.09015564500041e-10	7.93473844738601e-11	-7.93804902745927e-11
611.428	2.179	-1.774	3.3732457969687e-10	6.16323089394974e-11	-6.16628129417172e-11
615.419	1.873	-1.812	3.5086262542287e-10	6.20737988722876e-11	-6.21068942570639e-11
619.475	1.698	-2.184	4.46984972684158e-10	6.94145224564489e-11	-6.94629563014835e-11
623.315	2.141	-2.142	4.19123099589392e-10	6.25503795719054e-11	-6.25978701038433e-11
627.170	1.617	-1.714	5.16598147016285e-10	8.02243753756114e-11	-8.02799252525155e-11
630.947	1.901	-2.161	4.15948668807751e-10	6.33130757801429e-11	-6.33566164054016e-11
634.932	1.669	-2.083	4.52779155534504e-10	6.8913842404146e-11	-6.89580749864283e-11
638.558	1.382	-1.958	5.44588638896255e-10	8.28891152567963e-11	-8.29433389777916e-11
641.807	2.148	-1.867	4.80131496482397e-10	7.3085221636391e-11	-7.31369924232173e-11
645.904	1.955	-1.949	4.49276309567784e-10	7.26524457274137e-11	-7.26973184596805e-11
649.696	1.326	-1.837	5.63684143840246e-10	8.41206986300093e-11	-8.41822043138188e-11
653.078	1.816	-2.056	4.58381271112456e-10	6.84049934370706e-11	-6.84544415634408e-11
656.508	1.419	-1.615	6.13795440958348e-10	9.15913331937049e-11	-9.16538126618023e-11
659.905	1.891	-1.978	4.89878376831332e-10	7.60631693309244e-11	-7.6108915936861e-11
663.010	1.078	-1.213	8.74189627915926e-10	1.30438358917254e-10	-1.30521877053759e-10
665.619	1.586	-1.531	6.33608569898626e-10	9.83799709831718e-11	-9.84390587675235e-11
668.746	1.460	-1.541	6.82504870392696e-10	1.01845702300492e-10	-1.01916037217454e-10
671.739	1.195	-1.533	7.42716936517886e-10	1.10840670045398e-10	-1.10922991902936e-10
673.906	0.926	-0.973	1.08821016339272e-09	1.62400320833088e-10	-1.62520588585486e-10
675.729	0.938	-0.896	1.21922905244919e-09	1.89333013354354e-10	-1.89460925480349e-10
677.596	1.020	-0.93	1.32166605957156e-09	1.97236016661962e-10	-1.97379523810003e-10
679.608	0.965	-0.992	1.17674672269622e-09	1.75610571808881e-10	-1.75739136443727e-10
681.449	0.918	-0.876	1.10236090479466e-09	1.67800328180338e-10	-1.67919183482764e-10
683.332	1.107	-0.965	8.79931460180739e-10	1.33945694772466e-10	-1.34042518610422e-10
685.551	0.945	-1.112	9.22970520818954e-10	1.37748687152736e-10	-1.37855462975848e-10
687.710	1.081	-1.214	8.47402877363749e-10	1.26471414472256e-10	-1.26569929695093e-10
690.043	1.345	-1.252	7.30312456195799e-10	1.11171132119976e-10	-1.11252036966286e-10
692.224	0.959	-0.836	1.04133806568117e-09	1.58513667830694e-10	-1.5862721654975e-10
694.205	1.104	-1.022	8.72822404987467e-10	1.30261222706592e-10	-1.30360384559495e-10
696.572	1.055	-1.262	7.41427274688519e-10	1.15144107586771e-10	-1.15226886803223e-10
698.909	1.114	-1.283	6.94351231978984e-10	1.05698792423465e-10	-1.05776751147221e-10
701.023	1.040	-1.001	7.70781993144921e-10	1.22135901179853e-10	-1.22217357174557e-10
703.229	1.265	-1.166	6.61299989466965e-10	1.02694157867842e-10	-1.0276436998032e-10
705.938	1.251	-1.444	6.19111913446028e-10	9.23922328858116e-11	-9.24597141201252e-11
708.832	1.668	-1.643	4.93411783171081e-10	7.66201003514478e-11	-7.6671030048024e-11
711.637	1.685	-1.137	5.95013846455468e-10	9.312723845347e-11	-9.31876927976752e-11
715.044	1.647	-1.722	5.13817820129428e-10	7.82141782949226e-11	-7.82703567551918e-11
718.300	1.606	-1.609	5.60378932597865e-10	8.36311841736841e-11	-8.36945075563049e-11
721.145	1.252	-1.239	7.52947197691546e-10	1.12366435993929e-10	-1.12449348331996e-10
724.499	2.196	-2.102	4.57892451731089e-10	6.83328783527238e-11	-6.83828100660952e-11
728.335	1.413	-1.64	6.28629384942849e-10	9.56887458751714e-11	-9.57561448384787e-11
731.589	1.784	-1.841	5.00362087086534e-10	7.61652270980355e-11	-7.62194975914725e-11
734.711	1.371	-1.339	6.24183321847356e-10	9.69314424390191e-11	-9.6998408232956e-11
737.788	1.535	-1.706	5.19818366314319e-10	7.91270462162682e-11	-7.91835303554127e-11
740.534	1.102	-1.21	7.31645776593965e-10	1.09184296508182e-10	-1.09262985730687e-10
743.282	1.356	-1.645	5.57471091150555e-10	8.31878212853766e-11	-8.32452995952844e-11
746.118	1.264	-1.48	6.08708225843548e-10	9.08283352099931e-11	-9.08880599111825e-11
749.173	1.697	-1.792	4.71172209479357e-10	7.17142216343407e-11	-7.17608046317804e-11
752.453	1.490	-1.583	5.35140089556086e-10	8.14555754565378e-11	-8.15115339855866e-11
755.987	1.594	-2.045	4.91617172354425e-10	7.33677245405005e-11	-7.34224428899081e-11
759.251	1.685	-1.67	5.6952846636288e-10	8.49954852086094e-11	-8.505918086599e-11
762.862	2.419	-1.926	4.44221435321075e-10	6.76193941058581e-11	-6.76674965393488e-11
767.252	1.464	-1.971	3.67594009372046e-10	6.71620385235158e-11	-6.71948197048502e-11
770.450	1.960	-1.734	5.00587919159359e-10	7.47055997837571e-11	-7.47607633880513e-11
774.184	1.775	-1.774	5.03990470795963e-10	7.52139277036561e-11	-7.52698004418729e-11
777.844	1.633	-1.885	4.91799700818979e-10	7.33952717532246e-11	-7.34502359957888e-11
781.133	1.372	-1.656	5.58152647410558e-10	8.49649784971878e-11	-8.50271922436724e-11
784.727	2.067	-2.223	4.07204802329161e-10	6.07719251709927e-11	-6.08182470856721e-11
788.515	1.629	-1.721	5.31333164650977e-10	7.92957296191209e-11	-7.93554093545124e-11
791.670	1.858	-1.525	5.26422055412337e-10	8.01318914933748e-11	-8.01889097598421e-11

## XRT - xrtpcflux
4010.391	12.916	-9.65	1.75421898398086e-10	3.92997023150901e-11	-3.92997023150901e-11
4033.124	7.734	-9.817	2.88096443116654e-10	5.88074399232017e-11	-5.88074399232017e-11
4051.183	7.226	-10.325	2.63203376719912e-10	5.75391085369258e-11	-5.75391085369258e-11
4071.851	9.124	-13.441	2.19096716655915e-10	4.67918436369277e-11	-4.67918436369277e-11
4089.390	9.137	-8.414	2.60575024777237e-10	5.71703995911835e-11	-5.71703995911835e-11
4107.626	8.452	-9.099	2.79495205039481e-10	5.85671335192389e-11	-5.85671335192389e-11
4124.015	7.107	-7.937	2.96178184446144e-10	6.49817488795286e-11	-6.49817488795286e-11
4140.848	10.332	-9.726	2.20990559799333e-10	4.86613723969081e-11	-4.86613723969081e-11
4161.432	9.806	-10.253	2.30944794733687e-10	4.94071298077539e-11	-4.94071298077539e-11
4178.633	5.141	-7.395	3.44629811245123e-10	7.76476837335229e-11	-7.76476837335229e-11
4192.922	10.912	-9.147	2.3532330433543e-10	5.29194838283103e-11	-5.29194838283103e-11
4213.442	7.942	-9.609	3.08307718523204e-10	6.77654433959304e-11	-6.77654433959304e-11
4230.157	8.778	-8.773	2.94573647894631e-10	6.59932388600963e-11	-6.59932388600963e-11
4249.530	9.464	-10.594	2.8047707473092e-10	5.9900701216607e-11	-5.9900701216607e-11
4266.677	7.361	-7.683	3.88831385012068e-10	8.1612664379187e-11	-8.1612664379187e-11
4284.586	7.003	-10.548	3.49592102886645e-10	7.13601793657204e-11	-7.13601793657204e-11
4298.858	7.775	-7.269	3.34858522048627e-10	7.48766302809221e-11	-7.48766302809221e-11
4316.600	7.584	-9.967	2.9172223154811e-10	6.37736291956604e-11	-6.37736291956604e-11
4334.711	9.531	-10.527	2.25282869766178e-10	5.07579414196143e-11	-5.07579414196143e-11
4351.512	7.775	-7.269	2.78991857646927e-10	6.26208249156468e-11	-6.26208249156468e-11
4368.061	6.269	-8.775	2.9315899519565e-10	6.44357759932203e-11	-6.44357759932203e-11
4383.604	8.277	-9.274	2.73233839500922e-10	6.12124602678017e-11	-6.12124602678017e-11
4399.515	7.410	-7.634	3.87192909637673e-10	8.29768620035693e-11	-8.29768620035693e-11
4412.441	4.514	-5.515	4.78769396957791e-10	1.07056095225045e-10	-1.07056095225045e-10
4429.902	12.126	-12.947	1.72923238387936e-10	3.80771071417641e-11	-3.80771071417641e-11
4449.368	7.703	-7.341	2.88819044123579e-10	6.32528481050243e-11	-6.32528481050243e-11
4464.531	10.092	-7.459	2.59538417214233e-10	5.68402752323288e-11	-5.68402752323288e-11
4484.649	7.524	-10.027	3.32921287969893e-10	6.56725896741469e-11	-6.56725896741469e-11
4499.856	9.869	-7.682	3.03351820881274e-10	6.32532346425184e-11	-6.32532346425184e-11
4521.333	5.944	-11.608	3.03357067830048e-10	6.3777630732284e-11	-6.3777630732284e-11
4538.078	6.749	-10.802	2.77484392827587e-10	6.13235003272736e-11	-6.13235003272736e-11
4559.865	10.035	-15.038	1.96459632137097e-10	4.21020347737561e-11	-4.21020347737561e-11
4576.764	5.673	-6.864	3.64141017164526e-10	8.00374693168715e-11	-8.00374693168715e-11
4588.943	6.031	-6.506	3.39901088668659e-10	7.43060493172596e-11	-7.43060493172596e-11
4603.746	8.779	-8.772	2.40744108599145e-10	5.028114499803e-11	-5.028114499803e-11
4623.259	9.324	-10.734	2.32136604314742e-10	4.88042523194107e-11	-4.88042523194107e-11
4640.855	9.280	-8.272	2.82088779575803e-10	6.35567172814855e-11	-6.35567172814855e-11
4661.663	11.037	-11.529	2.68112955610321e-10	6.01790316556189e-11	-6.01790316556189e-11
4686.484	11.289	-13.784	2.39273301561965e-10	4.93066900459164e-11	-4.93066900459164e-11
4704.610	5.700	-6.837	3.85719723619523e-10	8.25188630750854e-11	-8.25188630750854e-11
4718.286	7.067	-7.976	3.21867284380614e-10	6.88586020476331e-11	-6.88586020476331e-11
4735.675	14.751	-10.322	1.86089342590742e-10	4.08281654739494e-11	-4.08281654739494e-11
4760.614	12.378	-10.187	2.33035789171282e-10	4.88317477965888e-11	-4.88317477965888e-11
4781.892	6.145	-8.899	3.09355254343094e-10	6.94360100765425e-11	-6.94360100765425e-11
4798.850	9.245	-10.814	3.26919831864097e-10	6.33586202022517e-11	-6.33586202022517e-11
4816.272	4.359	-8.177	4.19620301165056e-10	9.20650949482421e-11	-9.20650949482421e-11
4831.660	11.538	-11.028	2.02773628509449e-10	4.56864298483673e-11	-4.56864298483673e-11
4853.726	9.529	-10.529	1.9834983055583e-10	4.52052977366207e-11	-4.52052977366207e-11
4872.028	8.779	-8.773	2.68594505671309e-10	5.89298705317464e-11	-5.89298705317464e-11
4888.268	5.075	-7.461	4.29289904661001e-10	9.36787554207234e-11	-9.36787554207234e-11
4906.226	9.683	-12.883	2.94739633207181e-10	5.93060568757445e-11	-5.93060568757445e-11
4924.557	6.396	-8.648	3.38035348281677e-10	7.5729949232788e-11	-7.5729949232788e-11
4942.013	11.506	-11.06	2.54440215800221e-10	5.34933757128281e-11	-5.34933757128281e-11
4964.510	6.560	-10.991	4.17442743376105e-10	8.2225397126182e-11	-8.2225397126182e-11
4984.172	9.464	-13.102	2.85145116130853e-10	6.19622307316056e-11	-6.19622307316056e-11
5002.509	8.678	-8.873	3.78053023336393e-10	7.5954627828331e-11	-7.5954627828331e-11
5024.857	11.403	-13.67	2.01312948094748e-10	4.36691093852077e-11	-4.36691093852077e-11
5047.163	11.663	-10.903	1.77281025167009e-10	3.97914410695953e-11	-3.97914410695953e-11
5068.352	8.025	-9.526	1.9813038134318e-10	4.43032904079741e-11	-4.43032904079741e-11
5085.150	8.778	-8.773	2.239646812537e-10	4.80793849512139e-11	-4.80793849512139e-11
5099.569	6.896	-5.64	3.08859633022876e-10	6.91936991270035e-11	-6.91936991270035e-11
5121.559	12.486	-15.094	1.66788014366069e-10	3.65274323950918e-11	-3.65274323950918e-11
5142.816	11.287	-8.771	2.81791977933614e-10	5.79764053469524e-11	-5.79764053469524e-11
5163.858	7.797	-9.754	3.2909888201158e-10	6.90752990383274e-11	-6.90752990383274e-11
5184.563	9.658	-12.908	2.07370576249527e-10	4.64571505839075e-11	-4.64571505839075e-11
5205.976	13.317	-11.756	1.82678986937772e-10	4.02252896965122e-11	-4.02252896965122e-11
5227.232	9.613	-7.938	2.71816262488862e-10	5.95291578068847e-11	-5.95291578068847e-11
5251.884	15.049	-15.039	1.5982970819076e-10	3.6010839610706e-11	-3.6010839610706e-11
5275.944	11.047	-9.012	2.4805774114507e-10	5.45226238106648e-11	-5.45226238106648e-11
5302.410	12.162	-15.418	1.90093206028743e-10	3.98332792537549e-11	-3.98332792537549e-11
5326.807	7.823	-12.235	2.41143867334601e-10	5.281176117695e-11	-5.281176117695e-11
5348.413	16.305	-13.783	1.584475284292e-10	3.56316775545873e-11	-3.56316775545873e-11
5375.872	8.904	-11.154	2.46076208886646e-10	5.55484257417576e-11	-5.55484257417576e-11
5395.177	12.165	-10.401	2.25311803748769e-10	5.04765143497693e-11	-5.04765143497693e-11
5414.361	10.533	-7.018	2.68711546605536e-10	6.01993392075079e-11	-6.01993392075079e-11
5437.427	7.525	-12.534	2.03002883128081e-10	4.58251908610634e-11	-4.58251908610634e-11
5462.080	12.960	-17.127	1.27273301360014e-10	2.80251502170662e-11	-2.80251502170662e-11
5486.091	9.007	-11.052	2.14249039339858e-10	4.61531195678335e-11	-4.61531195678335e-11
5504.945	10.212	-9.847	2.19275995721475e-10	4.81093469698848e-11	-4.81093469698848e-11
5528.441	11.789	-13.284	1.72066530994757e-10	3.86943208977375e-11	-3.86943208977375e-11
5550.633	9.656	-10.403	2.19542660982722e-10	4.93707506260096e-11	-4.93707506260096e-11
5578.606	14.278	-18.317	1.3570050018518e-10	2.98807932565266e-11	-2.98807932565266e-11
5605.668	9.782	-12.784	1.75941258126377e-10	3.95656644396242e-11	-3.95656644396242e-11
5630.072	10.451	-14.623	1.54939565725378e-10	3.39938870879905e-11	-3.39938870879905e-11
5653.509	14.594	-12.986	1.40067812379694e-10	2.99653857561315e-11	-2.99653857561315e-11
5674.244	13.918	-6.141	1.64922493386484e-10	3.7158272188818e-11	-3.7158272188818e-11
5705.526	15.230	-17.365	1.24069111808858e-10	2.72701471991279e-11	-2.72701471991279e-11
5734.947	5.868	-14.19	2.79135874136899e-10	5.60811918233469e-11	-5.60811918233469e-11
5758.236	15.174	-17.421	1.50655467867166e-10	3.37512919775773e-11	-3.37512919775773e-11
5785.191	10.785	-11.781	2.39319502272769e-10	5.37162188542824e-11	-5.37162188542824e-11
5808.396	10.146	-12.42	2.53228134944906e-10	5.43614526474759e-11	-5.43614526474759e-11
5840.352	13.293	-21.81	1.32145618568472e-10	2.97733982307063e-11	-2.97733982307063e-11
5863.015	8.181	-9.371	2.72116063936239e-10	5.99190446566553e-11	-5.99190446566553e-11
5884.145	12.123	-12.95	1.95286365559462e-10	4.28460084632922e-11	-4.28460084632922e-11
5905.040	13.794	-8.772	2.31089874297504e-10	4.9353217858506e-11	-4.9353217858506e-11
5932.743	18.687	-13.908	1.38702946363946e-10	3.11915145356953e-11	-3.11915145356953e-11
5968.291	10.719	-16.861	1.83326125225581e-10	3.94234253361754e-11	-3.94234253361754e-11
5995.756	13.341	-16.746	1.82820093152376e-10	3.90443638091681e-11	-3.90443638091681e-11
6022.255	16.931	-13.157	1.66313622383682e-10	3.74717104410817e-11	-3.74717104410817e-11
6049.587	14.672	-10.401	1.73351729781208e-10	3.88359215358295e-11	-3.88359215358295e-11
6079.294	17.560	-15.036	1.11212624346763e-10	2.52974835232571e-11	-2.52974835232571e-11
6111.117	13.317	-14.263	1.4816013699679e-10	3.2447836923413e-11	-3.2447836923413e-11
6142.778	11.744	-18.344	1.59941036763523e-10	3.42169631675309e-11	-3.42169631675309e-11
6164.672	19.938	-10.15	1.56654398272597e-10	3.54301288323379e-11	-3.54301288323379e-11
6200.068	9.615	-15.458	2.57812259269353e-10	5.27917661352878e-11	-5.27917661352878e-11
6230.614	11.664	-20.931	1.70728537742707e-10	3.82482475141303e-11	-3.82482475141303e-11
6262.146	17.742	-19.868	1.4172310127643e-10	3.12636323181291e-11	-3.12636323181291e-11
6298.557	18.941	-18.669	1.23307882914777e-10	2.77821930725174e-11	-2.77821930725174e-11
6330.533	9.531	-13.035	1.99278234993169e-10	4.4813684522912e-11	-4.4813684522912e-11
6353.132	14.512	-13.068	1.65183621359431e-10	3.62414346457161e-11	-3.62414346457161e-11
6382.811	7.399	-15.167	1.90808944215159e-10	4.28278307076284e-11	-4.28278307076284e-11
6404.233	13.558	-14.023	1.62025652431447e-10	3.54844580665626e-11	-3.54844580665626e-11
6434.799	13.079	-17.008	1.55848842932839e-10	3.42552747044396e-11	-3.42552747044396e-11
6467.801	17.687	-19.923	1.27514615331919e-10	2.86211643755442e-11	-2.86211643755442e-11
6501.904	13.672	-16.416	1.4924144268055e-10	3.35614075937889e-11	-3.35614075937889e-11
6527.857	12.792	-12.281	1.69776611959586e-10	3.81793650027859e-11	-3.81793650027859e-11
6559.805	18.441	-19.156	1.15225672037238e-10	2.5418396119022e-11	-2.5418396119022e-11
9742.664	17.611	-17.491	1.64739419009783e-10	3.44079845423779e-11	-3.44079845423779e-11
9779.073	21.319	-18.797	1.24988724561738e-10	2.73247374420236e-11	-2.73247374420236e-11
9814.808	10.658	-14.415	1.53163569624274e-10	3.43804179779408e-11	-3.43804179779408e-11
9837.498	15.548	-12.032	1.21156478322016e-10	2.70914180512332e-11	-2.70914180512332e-11
9868.464	17.177	-15.418	1.16383474996267e-10	2.4389768387431e-11	-2.4389768387431e-11
9898.176	10.031	-12.534	1.70830199694856e-10	3.65486908578167e-11	-3.65486908578167e-11
9922.998	12.790	-14.791	1.21966089253707e-10	2.7377555496456e-11	-2.7377555496456e-11
9954.961	23.451	-19.174	7.14220094513049e-11	1.60319943386291e-11	-1.60319943386291e-11
9992.090	11.395	-13.678	1.33120100738922e-10	2.78971613867003e-11	-2.78971613867003e-11
10024.902	18.699	-21.418	8.11660929947858e-11	1.75186478329754e-11	-1.75186478329754e-11
10056.195	12.480	-12.593	1.28956583832262e-10	2.83479358125345e-11	-2.83479358125345e-11
10077.574	16.174	-8.899	1.2795538702295e-10	2.883308331561e-11	-2.883308331561e-11
10109.041	9.781	-15.293	1.3517221327158e-10	3.04005028221555e-11	-3.04005028221555e-11
10135.798	13.111	-16.977	1.3056295493672e-10	2.78847773955828e-11	-2.78847773955828e-11
10162.821	16.176	-13.912	1.23008381269544e-10	2.76648249515545e-11	-2.76648249515545e-11
10196.092	12.992	-17.096	1.61161497178074e-10	3.22322994356149e-11	-3.22322994356149e-11
10224.126	10.032	-15.041	1.61733029771084e-10	3.64444322174545e-11	-3.64444322174545e-11
10255.714	21.068	-21.556	8.72169114455417e-11	1.95398103089509e-11	-1.95398103089509e-11
10292.949	18.935	-16.167	9.1374219948125e-11	2.05899866118478e-11	-2.05899866118478e-11
10328.053	13.918	-16.169	9.6283876788827e-11	2.16127087618489e-11	-2.16127087618489e-11
10356.637	12.916	-14.665	1.09252197082585e-10	2.45710330417563e-11	-2.45710330417563e-11
10382.146	12.479	-12.594	1.32499558263879e-10	2.89137735424685e-11	-2.89137735424685e-11
10411.545	18.183	-16.919	9.54285085108609e-11	2.14620542150665e-11	-2.14620542150665e-11
10444.267	10.534	-14.54	1.41198716150278e-10	3.16946778957498e-11	-3.16946778957498e-11
10465.963	8.897	-11.162	1.85840319606797e-10	4.0553682368516e-11	-4.0553682368516e-11
10488.875	16.073	-14.015	1.19639487889577e-10	2.55518196902637e-11	-2.55518196902637e-11
10522.243	20.314	-17.296	8.11430959582953e-11	1.82845399671321e-11	-1.82845399671321e-11
10556.969	18.182	-14.413	1.00900005440611e-10	2.26488851871338e-11	-2.26488851871338e-11
10593.201	17.054	-18.049	9.93828763562308e-11	2.23514042312311e-11	-2.23514042312311e-11
10628.176	24.703	-17.922	8.60232710593257e-11	1.93842220245707e-11	-1.93842220245707e-11
10669.675	13.292	-16.796	1.27710278728371e-10	2.87778467949285e-11	-2.87778467949285e-11
10699.146	13.908	-16.18	1.29849524653128e-10	2.78297124002028e-11	-2.78297124002028e-11
10729.598	13.544	-16.544	1.08684438817059e-10	2.44433454411183e-11	-2.44433454411183e-11
10761.828	13.909	-18.686	1.10331365099885e-10	2.36465203313647e-11	-2.36465203313647e-11
10795.665	17.681	-19.928	8.93709816671257e-11	2.00609834579746e-11	-2.00609834579746e-11
10824.251	11.661	-10.905	1.46904145434518e-10	3.29753664936239e-11	-3.29753664936239e-11
10852.709	13.291	-16.796	1.04750809546517e-10	2.34680483536274e-11	-2.34680483536274e-11
10885.938	17.672	-19.938	9.3513156437764e-11	2.00772123078006e-11	-2.00772123078006e-11
10918.399	15.299	-14.789	1.24336095740132e-10	2.79634381087571e-11	-2.79634381087571e-11
10945.981	15.298	-12.283	1.5507087229617e-10	3.47415909772746e-11	-3.47415909772746e-11
10972.916	15.942	-11.638	1.48961956807182e-10	3.26854322848672e-11	-3.26854322848672e-11
11001.734	14.705	-12.875	1.40764457124155e-10	3.00110822394792e-11	-3.00110822394792e-11
11032.848	23.708	-16.409	9.63921784899717e-11	2.11894533608526e-11	-2.11894533608526e-11
11073.567	10.569	-17.011	1.53310087276657e-10	3.34550001329021e-11	-3.34550001329021e-11
11103.847	15.391	-19.711	1.14914946782711e-10	2.47155991939627e-11	-2.47155991939627e-11
11142.044	32.356	-22.805	5.90294643179541e-11	1.33015202196122e-11	-1.33015202196122e-11
11200.359	21.680	-25.959	7.60508571909971e-11	1.66260540560022e-11	-1.66260540560022e-11
11247.230	19.940	-25.192	8.85046722434393e-11	1.99048709571984e-11	-1.99048709571984e-11
11297.251	20.066	-30.081	8.87695365403445e-11	1.99259706129338e-11	-1.99259706129338e-11
11339.247	28.216	-21.93	8.29787636679801e-11	1.86261290975275e-11	-1.86261290975275e-11
11389.644	25.458	-22.181	8.1212862859631e-11	1.82297372744439e-11	-1.82297372744439e-11
11439.040	21.194	-23.937	7.53998050343987e-11	1.69575641934505e-11	-1.69575641934505e-11
11482.040	18.311	-21.807	7.53473680633899e-11	1.68481883509965e-11	-1.68481883509965e-11
11517.897	20.063	-17.547	7.62395860901907e-11	1.71133982338901e-11	-1.71133982338901e-11
11563.906	16.679	-25.945	7.39914077489736e-11	1.66729992541799e-11	-1.66729992541799e-11
11615.425	20.321	-34.84	6.35493360241941e-11	1.42923692937609e-11	-1.42923692937609e-11
11659.436	13.919	-23.69	8.96592653025941e-11	2.01256944238498e-11	-2.01256944238498e-11
11696.288	29.722	-22.932	6.13665149405202e-11	1.39359459975088e-11	-1.39359459975088e-11
11746.717	19.409	-20.708	8.32488512922531e-11	1.82330558914363e-11	-1.82330558914363e-11
11794.833	18.932	-28.707	6.99924836233614e-11	1.53578439054953e-11	-1.53578439054953e-11
11843.655	37.808	-29.889	4.72517826878642e-11	1.04063026312565e-11	-1.04063026312565e-11
11902.016	22.071	-20.553	6.72257118626348e-11	1.52072604887496e-11	-1.52072604887496e-11
11943.125	23.587	-19.037	6.85752114821293e-11	1.50192537576414e-11	-1.50192537576414e-11
11987.143	19.686	-20.431	7.33600908309967e-11	1.64988321274514e-11	-1.64988321274514e-11
12034.652	19.816	-27.823	6.5619393952352e-11	1.47579297161788e-11	-1.47579297161788e-11
12080.288	16.805	-25.819	7.98152273435907e-11	1.78815558785852e-11	-1.78815558785852e-11
12131.054	28.722	-33.961	5.98114711848225e-11	1.35563867810579e-11	-1.35563867810579e-11
12173.187	16.676	-13.411	1.34579901323609e-10	3.01508653261155e-11	-3.01508653261155e-11
12217.684	24.833	-27.82	7.39929668596592e-11	1.65771607108351e-11	-1.65771607108351e-11
12268.086	19.563	-25.569	8.1000550547992e-11	1.83232970857081e-11	-1.83232970857081e-11
12326.028	36.825	-38.379	9.09493172289252e-11	1.48439096144154e-11	-1.48439096144154e-11
15517.955	23.946	-18.679	4.46041999515486e-11	9.75201331892348e-12	-9.75201331892348e-12
15571.980	25.081	-30.08	3.18165975229241e-11	7.17179005153269e-12	-7.17179005153269e-12
15631.259	18.455	-34.198	3.37936350583701e-11	7.43099960566572e-12	-7.43099960566572e-12
15696.708	35.748	-46.994	1.97914617853309e-11	4.45222434119779e-12	-4.45222434119779e-12
15756.143	26.459	-23.687	3.58627364559983e-11	8.083831113099e-12	-8.083831113099e-12
15817.944	27.341	-35.342	3.16626234245316e-11	7.10841908667872e-12	-7.10841908667872e-12
15873.360	34.608	-28.075	3.16999759660854e-11	7.08833043883351e-12	-7.08833043883351e-12
15932.534	23.072	-24.567	4.32531404366009e-11	9.74970576385577e-12	-9.74970576385577e-12
15989.072	24.203	-33.465	3.28003402216001e-11	7.36384223295467e-12	-7.36384223295467e-12
16034.706	26.208	-21.431	3.71890260646158e-11	8.34912410950035e-12	-8.34912410950035e-12
16088.548	20.004	-27.635	3.91315415900254e-11	8.57186577774012e-12	-8.57186577774012e-12
16146.906	26.837	-38.354	2.85526128444903e-11	6.42310256766311e-12	-6.42310256766311e-12
16200.941	17.933	-27.198	4.17217725269735e-11	9.32927364170903e-12	-9.32927364170903e-12
16259.605	36.997	-40.73	2.3208279939567e-11	5.19992944142084e-12	-5.19992944142084e-12
16335.687	33.626	-39.086	2.60182395412598e-11	5.71027997541526e-12	-5.71027997541526e-12
16398.012	26.462	-28.699	3.39862564425783e-11	7.63008505052682e-12	-7.63008505052682e-12
16459.810	42.391	-35.336	2.38585150717006e-11	5.38881815717495e-12	-5.38881815717495e-12
16536.289	36.117	-34.088	2.52630745015744e-11	5.67168485820008e-12	-5.67168485820008e-12
16608.511	31.592	-36.105	2.58927947442362e-11	5.72662816363306e-12	-5.72662816363306e-12
16666.672	33.607	-26.569	2.82673870704715e-11	6.37175946299615e-12	-6.37175946299615e-12
16730.109	30.346	-29.83	2.77871484531542e-11	6.27616273749696e-12	-6.27616273749696e-12
16795.724	29.920	-35.27	2.66569498346416e-11	5.85045933891705e-12	-5.85045933891705e-12
16870.641	27.715	-44.997	2.21114119749041e-11	5.01446524252154e-12	-5.01446524252154e-12
16925.752	17.737	-27.395	4.04600821695297e-11	8.82911351887829e-12	-8.82911351887829e-12
16975.444	35.741	-31.956	2.75424418213501e-11	6.20834998735752e-12	-6.20834998735752e-12
17049.318	34.580	-38.132	2.83183589799794e-11	6.25101563227938e-12	-6.25101563227938e-12
17141.649	32.512	-57.751	2.62368515106043e-11	5.40058332155495e-12	-5.40058332155495e-12
17208.881	25.456	-34.719	3.27107321791841e-11	7.35850167990897e-12	-7.35850167990897e-12
17274.148	25.379	-39.811	3.20904226237229e-11	7.07004527185367e-12	-7.07004527185367e-12
17350.527	49.293	-51	2.02326925904614e-11	4.58840651513953e-12	-4.58840651513953e-12
17426.641	33.355	-26.821	3.49919342347535e-11	7.90347880327685e-12	-7.90347880327685e-12
17484.526	23.109	-24.53	4.56029177609051e-11	1.00085727715374e-11	-1.00085727715374e-11
17531.946	35.865	-24.311	3.12268195142217e-11	6.98253076113542e-12	-6.98253076113542e-12
17593.105	24.852	-25.294	3.65511436194547e-11	7.84982826914588e-12	-7.84982826914588e-12
17661.338	46.882	-43.381	2.00368361703285e-11	4.41444289661787e-12	-4.41444289661787e-12
17739.301	34.110	-31.08	2.77133362213362e-11	6.25949009115283e-12	-6.25949009115283e-12
17799.229	24.328	-25.819	3.82364750534702e-11	8.58428093277906e-12	-8.58428093277906e-12
17843.864	14.796	-20.307	5.76263072573773e-11	1.29114638705451e-11	-1.29114638705451e-11
17880.089	36.238	-21.43	3.36669632500405e-11	7.57360982700018e-12	-7.57360982700018e-12
17941.812	24.662	-25.485	3.75171500458983e-11	8.23397159484464e-12	-8.23397159484464e-12
18016.864	22.322	-50.39	2.26571383502384e-11	5.0662891133432e-12	-5.0662891133432e-12
18088.244	61.249	-49.057	2.8779405164722e-11	4.65615248738905e-12	-4.65615248738905e-12
21380.470	65.989	-91.971	1.13177868378172e-11	2.56911430246008e-12	-2.56911430246008e-12
21484.059	35.112	-37.6	2.39765635725798e-11	5.38325800159051e-12	-5.38325800159051e-12
21552.506	41.885	-33.335	2.23011856937058e-11	5.01393805773113e-12	-5.01393805773113e-12
21628.984	25.582	-34.594	2.56739077307855e-11	5.76434704117487e-12	-5.76434704117487e-12
21689.411	27.837	-34.846	1.40616360631817e-11	3.14865277561672e-12	-3.14865277561672e-12
21742.189	45.264	-24.94	1.489305203046e-11	3.33482231296944e-12	-3.33482231296944e-12
21831.068	39.127	-43.614	1.7544585191676e-11	3.93913996906751e-12	-3.93913996906751e-12
21907.021	30.871	-36.826	2.45968613231186e-11	5.39539316181105e-12	-5.39539316181105e-12
21971.984	31.098	-34.092	2.62863548931478e-11	5.90185599159071e-12	-5.90185599159071e-12
22049.684	38.647	-46.602	2.45192303608496e-11	5.25346687845459e-12	-5.25346687845459e-12
22133.201	37.871	-44.87	2.57985860708462e-11	5.77658768140625e-12	-5.77658768140625e-12
22220.831	32.983	-49.758	2.67573592584969e-11	6.02422714543097e-12	-6.02422714543097e-12
22284.790	31.707	-30.976	2.06676369657109e-11	4.53405036378541e-12	-4.53405036378541e-12
22347.476	21.675	-30.979	2.1782544783543e-11	4.76595867505982e-12	-4.76595867505982e-12
22405.613	23.713	-36.463	1.86613222829964e-11	3.99374389147534e-12	-3.99374389147534e-12
22460.032	29.469	-30.706	1.64938413614386e-11	3.70357460360967e-12	-3.70357460360967e-12
22519.998	32.186	-30.497	1.66087369018819e-11	3.62432311471629e-12	-3.62432311471629e-12
22585.663	31.711	-33.479	1.61977912951552e-11	3.55819274579241e-12	-3.55819274579241e-12
22650.089	24.954	-32.714	1.72648932633e-11	3.87130722307662e-12	-3.87130722307662e-12
22705.302	29.916	-30.259	1.75344634121884e-11	3.84669721148913e-12	-3.84669721148913e-12
22768.805	44.140	-33.587	1.96370236295215e-11	4.42704849872573e-12	-4.42704849872573e-12
22856.178	52.045	-43.233	1.67479237832998e-11	3.76540696553333e-12	-3.76540696553333e-12
22942.939	37.997	-34.715	2.33504177611902e-11	5.25701246588601e-12	-5.25701246588601e-12
23026.931	39.253	-45.995	1.27989239964562e-11	2.87390707135888e-12	-2.87390707135888e-12
23097.391	31.477	-31.206	1.61718490046144e-11	3.63127410696155e-12	-3.63127410696155e-12
23156.694	24.827	-27.827	1.82063761295595e-11	4.07106903493981e-12	-4.07106903493981e-12
23239.039	45.282	-57.518	1.02422479981099e-11	2.29661964753581e-12	-2.29661964753581e-12
23332.324	39.753	-48.003	1.32222521059548e-11	2.98144242925861e-12	-2.98144242925861e-12
23401.532	28.214	-29.455	1.89109295059207e-11	4.2286127814267e-12	-4.2286127814267e-12
23467.529	24.900	-37.783	1.66837500798487e-11	3.64551793052645e-12	-3.64551793052645e-12
23537.210	30.438	-44.781	1.40429417428556e-11	2.99775262604934e-12	-2.99775262604934e-12
23599.818	30.513	-32.17	1.6892358625831e-11	3.69599776764353e-12	-3.69599776764353e-12
23658.781	49.277	-28.45	1.32358115239759e-11	2.97616043599359e-12	-2.97616043599359e-12
23748.918	31.853	-40.86	1.47519735302226e-11	3.30783496268977e-12	-3.30783496268977e-12
23853.089	80.620	-72.319	9.89121830941648e-12	1.88234295850674e-12	-1.88234295850674e-12
27158.189	48.096	-87.895	1.22211106549269e-11	2.74416402151953e-12	-2.74416402151953e-12
27272.575	89.164	-66.289	6.70263990095212e-12	1.51560413251157e-12	-1.51560413251157e-12
27440.819	73.866	-79.08	6.21807500755606e-12	1.40406145145802e-12	-1.40406145145802e-12
27588.756	56.309	-74.071	7.0021360732943e-12	1.57668076810779e-12	-1.57668076810779e-12
27727.387	68.117	-82.322	6.23793963526106e-12	1.40657354179135e-12	-1.40657354179135e-12
27873.197	65.223	-77.693	6.86518967444823e-12	1.54800999044227e-12	-1.54800999044227e-12
28014.497	61.827	-76.076	7.0214345424399e-12	1.58102620486673e-12	-1.58102620486673e-12
28170.806	68.493	-94.482	5.80033908636784e-12	1.30061043137309e-12	-1.30061043137309e-12
28318.357	81.409	-79.059	5.98929656206526e-12	1.35620873607371e-12	-1.35620873607371e-12
28518.934	68.882	-119.167	6.31322314584262e-12	1.36320455397267e-12	-1.36320455397267e-12
28675.023	108.363	-87.207	5.96845653495351e-12	1.33830740237033e-12	-1.33830740237033e-12
28864.209	82.153	-80.823	6.70013256679523e-12	1.52575471060932e-12	-1.52575471060932e-12
29028.683	68.118	-82.321	6.99892715952269e-12	1.58260075479741e-12	-1.58260075479741e-12
29193.919	78.395	-97.118	6.2168744884649e-12	1.40182387630461e-12	-1.40182387630461e-12
29367.659	80.167	-95.345	6.41395768319418e-12	1.45032755300743e-12	-1.45032755300743e-12
29587.911	133.196	-140.085	7.67366992313453e-12	1.28078279790355e-12	-1.28078279790355e-12
32932.544	56.816	-76.072	6.99864768236841e-12	1.57369222644559e-12	-1.57369222644559e-12
33055.902	68.853	-66.542	7.0510791312718e-12	1.58548173807797e-12	-1.58548173807797e-12
33202.511	75.190	-77.756	7.5928896090079e-12	1.67016593532974e-12	-1.67016593532974e-12
33412.532	73.276	-134.831	6.82160237726571e-12	1.51669240988487e-12	-1.51669240988487e-12
33571.781	64.466	-85.973	7.81925013798058e-12	1.76066981104054e-12	-1.76066981104054e-12
33735.358	91.445	-99.111	5.18570911258687e-12	1.17094897363467e-12	-1.17094897363467e-12
33944.084	80.796	-117.282	4.08281441873283e-12	9.19332875831726e-13	-9.19332875831726e-13
34105.698	104.725	-80.817	4.47431131621324e-12	1.01173273324645e-12	-1.01173273324645e-12
34272.585	53.174	-62.163	7.51687167960767e-12	1.6949550774399e-12	-1.6949550774399e-12
34485.051	101.468	-159.293	2.54119426449469e-12	6.67258276021905e-13	-6.67258276021905e-13
34676.131	65.842	-89.611	5.76064439020781e-12	1.29713104598747e-12	-1.29713104598747e-12
34856.579	103.531	-114.606	4.31176414075532e-12	9.49701215070061e-13	-9.49701215070061e-13
35077.722	95.510	-117.612	4.46171907884876e-12	9.82730777960032e-13	-9.82730777960032e-13
35357.848	148.841	-184.616	4.34906829470836e-12	7.80333641178868e-13	-7.80333641178868e-13
38759.534	72.187	-113.172	6.82155056342857e-12	1.53341851605179e-12	-1.53341851605179e-12
38915.671	96.577	-83.95	6.38971402759528e-12	1.40137612910643e-12	-1.40137612910643e-12
39102.232	65.469	-89.985	7.96150401117269e-12	1.78651676683781e-12	-1.78651676683781e-12
39244.380	96.325	-76.679	7.54549720785209e-12	1.70065447273822e-12	-1.70065447273822e-12
39443.226	93.050	-102.521	5.86586560454385e-12	1.32795990686875e-12	-1.32795990686875e-12
39641.960	97.408	-105.684	5.15724843759688e-12	1.13872551287203e-12	-1.13872551287203e-12
39856.231	96.260	-116.862	3.39998754004991e-12	8.93552576727404e-13	-8.93552576727404e-13
40026.105	131.986	-73.614	3.75694213887272e-12	9.43374519622872e-13	-9.43374519622872e-13
40274.507	91.690	-116.417	4.589551351784e-12	1.03350916796119e-12	-1.03350916796119e-12
40502.774	151.765	-136.577	2.42279269118457e-12	6.36735276627978e-13	-6.36735276627978e-13
40753.373	99.244	-98.834	3.77621037427803e-12	9.51356817495821e-13	-9.51356817495821e-13
40978.680	84.553	-126.062	3.25020085400732e-12	8.47126771282501e-13	-8.47126771282501e-13
41157.595	133.786	-94.363	3.99416607553633e-12	9.01028235614234e-13	-9.01028235614234e-13
44566.756	99.180	-135.2	3.74058573128532e-12	9.71518921086981e-13	-9.71518921086981e-13
44817.557	121.676	-151.621	2.58271086268669e-12	6.76383377466329e-13	-6.76383377466329e-13
45066.970	95.414	-127.737	3.1990184109043e-12	8.35796929865949e-13	-8.35796929865949e-13
45269.212	103.786	-106.828	3.69618994090627e-12	9.29161679108666e-13	-9.29161679108666e-13
45534.607	139.270	-161.608	2.47479834780021e-12	6.45815018376387e-13	-6.45815018376387e-13
45796.253	110.804	-122.376	3.18098263931775e-12	8.27153812674249e-13	-8.27153812674249e-13
46107.468	115.511	-200.411	2.30899011600847e-12	6.0397992376127e-13	-6.0397992376127e-13
46369.737	119.017	-146.758	2.71633685929678e-12	7.13928863643588e-13	-7.13928863643588e-13
46624.149	165.484	-135.394	2.40508432033809e-12	6.30615709702016e-13	-6.30615709702016e-13
46938.847	139.111	-149.214	4.22206058243429e-12	8.52823523331014e-13	-8.52823523331014e-13
50501.393	101.595	-119.048	3.57059987896491e-12	9.24470184817371e-13	-9.24470184817371e-13
50745.913	130.372	-142.925	2.87148213187289e-12	7.47069688983819e-13	-7.47069688983819e-13
51185.081	207.711	-308.795	1.46164103941957e-12	3.83196242765934e-13	-3.83196242765934e-13
51574.285	156.995	-181.493	2.17586704226847e-12	5.66485233525163e-13	-5.66485233525163e-13
51868.665	90.781	-137.385	3.38519870734385e-12	8.52903867023857e-13	-8.52903867023857e-13
52067.968	112.121	-108.523	3.23468974960543e-12	8.38656634138199e-13	-8.38656634138199e-13
52536.141	328.431	-356.051	1.57708205747293e-12	3.33332903279632e-13	-3.33332903279632e-13
56642.777	196.377	-415.564	1.26364901251405e-12	3.31337036216692e-13	-3.31337036216692e-13
57219.011	269.538	-379.856	1.02985305182349e-12	2.64647783133943e-13	-2.64647783133943e-13
57815.894	244.323	-327.345	1.11329248629704e-12	2.92869414381813e-13	-2.92869414381813e-13
58350.566	298.856	-290.349	1.40539895141567e-12	3.26358700664018e-13	-3.26358700664018e-13
62814.044	358.105	-476.83	8.61251681051166e-13	2.30527867997493e-13	-2.30527867997493e-13
63826.390	609.434	-654.241	1.09132015329822e-12	2.11336914085703e-13	-2.11336914085703e-13
69149.700	1072.249	-783.153	7.3565872597968e-13	1.40393752673496e-13	-1.40393752673496e-13
79515.632	2277.860	-5146.394	3.01755218494107e-13	7.63986275549993e-14	-7.63986275549993e-14
86788.646	4032.017	-1858.09	4.05955055477846e-13	1.1541054092246e-13	-1.1541054092246e-13
92121.359	1244.213	-1300.696	6.08697454416995e-13	1.22375639877556e-13	-1.22375639877556e-13
97928.329	1223.691	-1425.827	3.91878384997914e-13	1.02780372457356e-13	-1.02780372457356e-13
103676.421	1260.716	-1374.456	4.16977183367812e-13	1.10079197651501e-13	-1.10079197651501e-13
109182.739	1540.103	-1100.737	6.1229386666935e-13	1.25615134799548e-13	-1.25615134799548e-13
115076.731	1433.098	-1192.766	4.15537484460523e-13	1.04957498808405e-13	-1.04957498808405e-13
123308.314	4772.306	-3664.007	1.49448000621387e-13	4.07828907503701e-14	-4.07828907503701e-14
142736.072	77859.301	-11519.607	1.17983906659944e-13	2.62525176849774e-14	-2.62525176849774e-14
431421.206	61176.631	-102032.919	5.50120329422015e-15	2.20175858044101e-15	-2.20175858044101e-15
