READ TERR 1 2
! xrtwtslewflux
126.974584500071	0.459065473901191	-0.510548529008801	5.11681339590398e-09	6.43170563026171e-10	-6.58658817397716e-10
127.733809045154	0.304760958459156	-0.300159071181838	3.97646953157166e-09	5.93308755591346e-10	-5.93368069726e-10
128.298501992449	0.250679008840081	-0.259931988835916	4.52153387285614e-09	6.74155775948134e-10	-6.74250861147551e-10
128.814720199728	0.246881813485601	-0.265539198439399	4.49755624983477e-09	6.70516754363564e-10	-6.70598276258642e-10
129.342760024454	0.330806989390027	-0.281158011239967	3.80927643106643e-09	5.67900131392628e-10	-5.6796764713795e-10
130.049765811659	0.367464215166194	-0.376198797814823	3.28499293720004e-09	4.84402325561068e-10	-4.84466874698857e-10
130.794598021831	0.39653197743317	-0.377367995005812	3.19210569449324e-09	4.7592366593591e-10	-4.75990553425409e-10
131.449792627971	0.234156382504125	-0.258662628706873	5.22393035787279e-09	7.78875932239484e-10	-7.78988119477894e-10
131.944068674997	0.300262344030642	-0.260119664522364	5.54959849678593e-09	7.69764983746426e-10	-7.69895220690414e-10
132.487287404876	0.281887604953539	-0.242956385848458	5.36353819881605e-09	7.99715722606908e-10	-7.99833155214859e-10
133.090084643689	0.309009358661228	-0.320909633858776	4.54183420402022e-09	6.77200742311059e-10	-6.77299890353536e-10
133.666952775597	0.255182236655997	-0.267858773247013	5.54888571732318e-09	8.27354723218027e-10	-8.27476305213315e-10
134.286398021533	0.329572964458549	-0.36426300928045	4.00809076953806e-09	5.97611455648816e-10	-5.97698506808323e-10
135.011339372744	0.27709461306938	-0.395368386751613	3.88793134352546e-09	5.7970688425795e-10	-5.79792482627456e-10
135.653107993328	0.342536993300513	-0.364674007515504	4.90209404493665e-09	6.17833945128633e-10	-6.1796281579484e-10
NO NO NO NO NO NO
! xrtwtflux
143.106	0.377	-0.29	3.79950785040435e-09	5.88494817136861e-10	-5.88608997452336e-10
143.867	0.340	-0.385	3.73791627787418e-09	5.57365680483888e-10	-5.57482478633179e-10
144.588	0.320	-0.381	3.99678577181628e-09	5.95974409432046e-10	-5.96100390453985e-10
145.217	0.269	-0.309	4.74906160028793e-09	7.21667496274975e-10	-7.21814109526023e-10
145.776	0.299	-0.29	4.34805731819168e-09	6.60735068178317e-10	-6.60869684804676e-10
146.399	0.306	-0.324	3.81640165205931e-09	5.69077566045208e-10	-5.69198737024614e-10
147.106	0.339	-0.402	3.07788878879778e-09	4.67707287979635e-10	-4.67800488509692e-10
147.907	0.358	-0.462	2.66068173692819e-09	4.04325996307909e-10	-4.04409340733762e-10
148.572	0.229	-0.307	4.01966052774441e-09	6.10869958997851e-10	-6.10999419315775e-10
149.116	0.326	-0.316	3.41733071035724e-09	5.09622555131813e-10	-5.09735855337559e-10
149.826	0.316	-0.383	3.15978415367879e-09	4.71216946318504e-10	-4.71322085315486e-10
150.425	0.293	-0.283	3.94001422347173e-09	5.87574515901243e-10	-5.87705497447715e-10
151.155	0.426	-0.437	2.69811329417461e-09	4.10068082714333e-10	-4.10156667039886e-10
151.878	0.316	-0.296	3.91387416052416e-09	5.94865531798331e-10	-5.94994405013697e-10
152.519	0.378	-0.326	3.4677396311259e-09	5.17198262155702e-10	-5.17314506629481e-10
153.354	0.385	-0.456	2.9569394460925e-09	4.41018765579216e-10	-4.41117689937392e-10
154.041	0.345	-0.302	3.75054161488481e-09	5.59361375331272e-10	-5.59487390074541e-10
154.749	0.360	-0.362	3.23436978360615e-09	4.82372399435443e-10	-4.82480347413139e-10
155.454	0.327	-0.345	3.33807012668711e-09	5.17109909067342e-10	-5.17217588456955e-10
156.175	0.338	-0.393	3.19158952580432e-09	4.76023389092158e-10	-4.76129848697756e-10
156.940	0.295	-0.428	3.1754799621253e-09	4.91970455954595e-10	-4.92071692623524e-10
157.612	0.374	-0.376	3.31916909625323e-09	4.95070127081427e-10	-4.95180391817991e-10
158.309	0.342	-0.323	3.90334664502886e-09	5.93287436743683e-10	-5.93415369233362e-10
158.942	0.284	-0.29	4.44625638441556e-09	6.63194243602679e-10	-6.63340815594994e-10
159.619	0.410	-0.393	2.96270323270663e-09	4.41900220194312e-10	-4.41998565343322e-10
160.322	0.261	-0.294	3.92588105148427e-09	6.20026918837788e-10	-6.20151278848166e-10
160.846	0.321	-0.263	3.94748835973496e-09	5.88776828636438e-10	-5.88908075151692e-10
161.521	0.374	-0.354	3.16817719499823e-09	4.81546661975456e-10	-4.81650603549929e-10
162.257	0.307	-0.362	3.56379151533549e-09	5.31541135041501e-10	-5.31660155179324e-10
162.915	0.349	-0.352	3.46279261207757e-09	5.16498915374711e-10	-5.1661344568651e-10
163.630	0.490	-0.365	2.79823742663141e-09	4.25324570177721e-10	-4.2541611924797e-10
164.548	0.339	-0.428	2.96525427268459e-09	4.42299232808131e-10	-4.42396803860615e-10
165.328	0.369	-0.441	2.67097542364284e-09	4.06022964793611e-10	-4.0610821985822e-10
166.031	0.354	-0.334	3.14538005513073e-09	4.7812470876814e-10	-4.78226367274866e-10
166.739	0.334	-0.354	3.21789180234544e-09	4.79979294393353e-10	-4.80085378493578e-10
167.379	0.353	-0.305	3.30618170384083e-09	5.1221107705572e-10	-5.12317442160416e-10
168.169	0.352	-0.437	2.95273947460466e-09	4.48785643312764e-10	-4.48882726138575e-10
168.933	0.361	-0.413	3.20851885994609e-09	4.78539508892181e-10	-4.78646863628919e-10
169.640	0.291	-0.346	3.85097272452783e-09	5.74375283488899e-10	-5.74503581034855e-10
170.313	0.297	-0.382	3.49522398097586e-09	5.2132300738121e-10	-5.21439613070013e-10
170.943	0.301	-0.333	3.63672990847157e-09	5.42411616514141e-10	-5.42533026187257e-10
171.528	0.257	-0.284	4.07546450827538e-09	6.19448187672807e-10	-6.19582246918779e-10
172.280	0.453	-0.495	2.23793849196651e-09	3.40152463804396e-10	-3.40225962692383e-10
173.219	0.409	-0.486	2.3975711317305e-09	3.64422777679292e-10	-3.64501334539312e-10
174.044	0.327	-0.416	3.02066416388406e-09	4.50539833913559e-10	-4.50640433191991e-10
174.768	0.317	-0.397	3.2329993464351e-09	4.82172061177743e-10	-4.82280304729156e-10
175.503	0.302	-0.418	3.16787632697209e-09	4.724274550009e-10	-4.72532798406969e-10
176.200	0.454	-0.395	2.6253837270505e-09	3.99007680896179e-10	-3.99093635958455e-10
177.059	0.318	-0.404	3.07526373890707e-09	4.58650086753538e-10	-4.58753049566071e-10
177.881	0.396	-0.504	2.37902578946128e-09	3.61591526364372e-10	-3.61669727648002e-10
178.671	0.451	-0.394	2.51701928150641e-09	3.75385337735887e-10	-3.75469615327207e-10
179.471	0.279	-0.349	3.35799186400766e-09	5.00789618765878e-10	-5.00901820147983e-10
180.203	0.289	-0.453	2.79836424160188e-09	4.25306627907483e-10	-4.2539830866893e-10
180.931	0.351	-0.439	2.66274024907607e-09	3.97099359041995e-10	-3.97188038233769e-10
181.731	0.355	-0.45	2.58250012547568e-09	3.92477678913789e-10	-3.92561703196419e-10
182.483	0.336	-0.397	2.80252340260312e-09	4.34120642585913e-10	-4.34210134423494e-10
183.228	0.452	-0.409	2.46459915575825e-09	3.67545920789285e-10	-3.67627826950299e-10
184.228	0.470	-0.547	2.07431572702983e-09	3.09359100096641e-10	-3.09428528873118e-10
185.132	0.437	-0.434	2.38986209834052e-09	3.56402478794128e-10	-3.56481978323302e-10
186.074	0.512	-0.504	2.02247504933573e-09	3.01610626835907e-10	-3.01677798323033e-10
186.899	0.427	-0.313	2.7516649092498e-09	4.10352453514067e-10	-4.10443719116944e-10
187.789	0.469	-0.464	2.18019934072018e-09	3.25115354240283e-10	-3.25186475174981e-10
188.685	0.471	-0.427	2.257652146475e-09	3.36655476713865e-10	-3.36728092248241e-10
189.628	0.448	-0.471	2.16925075152806e-09	3.29650163899473e-10	-3.29718626976281e-10
190.448	0.430	-0.372	2.4873561846429e-09	3.77991036360074e-10	-3.78069561509604e-10
191.253	0.536	-0.375	2.16434734987662e-09	3.35244200178762e-10	-3.35311450943003e-10
192.235	0.487	-0.446	2.15211140911396e-09	3.27058812781683e-10	-3.27128104755186e-10
193.096	0.444	-0.375	2.49323936677375e-09	3.71809711567224e-10	-3.7189214111078e-10
194.004	0.470	-0.464	2.20048860545054e-09	3.30630028950872e-10	-3.30702286672031e-10
194.960	0.466	-0.486	2.13608489392086e-09	3.18539856702714e-10	-3.18609814856933e-10
195.763	0.321	-0.337	3.03661166249799e-09	4.61464033923682e-10	-4.61560577511931e-10
196.427	0.502	-0.343	2.39018471136393e-09	3.56417192301619e-10	-3.56493947187633e-10
197.350	0.363	-0.421	2.5002205547426e-09	3.8725661443607e-10	-3.87332609999054e-10
198.345	0.440	-0.631	1.88708240269985e-09	2.81389469844717e-10	-2.81449114534346e-10
199.278	0.442	-0.494	2.09996876929626e-09	3.25256913845371e-10	-3.2531988223385e-10
200.031	0.275	-0.311	3.45834588239761e-09	5.1564867502042e-10	-5.15750150540772e-10
200.952	0.375	-0.646	1.9809220004383e-09	2.95357498790282e-10	-2.95414742847125e-10
201.817	0.439	-0.49	2.14499632474035e-09	3.25936028140922e-10	-3.25998565917902e-10
202.743	0.530	-0.487	1.98369934894531e-09	2.95774069822117e-10	-2.95832052408538e-10
203.712	0.351	-0.439	2.4824112467797e-09	3.84468566759142e-10	-3.84537434083729e-10
204.379	0.318	-0.315	3.19810650791828e-09	4.76856467713175e-10	-4.7695309209392e-10
205.142	0.493	-0.445	2.13816470228351e-09	3.2490176290698e-10	-3.24964986570743e-10
206.421	0.592	-0.787	1.46323965669296e-09	2.22340148591083e-10	-2.22382360996765e-10
207.401	0.461	-0.387	2.41761922119425e-09	3.604774768052e-10	-3.60549442463384e-10
208.377	0.430	-0.515	2.1737639326289e-09	3.24115652285257e-10	-3.24179870089135e-10
209.324	0.459	-0.517	2.10436306885069e-09	3.13767479840428e-10	-3.13829591526731e-10
210.298	0.457	-0.514	2.11723428540873e-09	3.15681472663586e-10	-3.1574253963289e-10
211.203	0.410	-0.448	2.38953919051301e-09	3.5626883007919e-10	-3.56333155900351e-10
212.191	0.372	-0.578	2.14820188414902e-09	3.20292081136988e-10	-3.20351936083649e-10
213.142	0.440	-0.58	1.99428655634927e-09	2.97339717387724e-10	-2.97393828743193e-10
214.077	0.471	-0.495	2.0966990400619e-09	3.12603724422444e-10	-3.12658537950686e-10
215.227	0.449	-0.679	1.76732558002436e-09	2.68528808272271e-10	-2.68573751777704e-10
215.977	0.373	-0.302	2.99616200439581e-09	4.46714183148255e-10	-4.46795145038943e-10
216.866	0.506	-0.516	1.97584599719003e-09	2.94594603848608e-10	-2.94649778604711e-10
217.818	0.496	-0.447	2.18571955503914e-09	3.25877387971158e-10	-3.25935019703755e-10
218.885	0.607	-0.571	1.72522745864221e-09	2.62131125702718e-10	-2.62174426790381e-10
220.010	0.400	-0.518	2.24593382491973e-09	3.34855337493197e-10	-3.34914714892732e-10
221.066	0.698	-0.656	1.5013824196917e-09	2.28118981405453e-10	-2.28156180682983e-10
222.477	0.543	-0.713	1.64214525003121e-09	2.44829107700531e-10	-2.44870355135569e-10
223.551	0.540	-0.531	1.90036479109831e-09	2.88738177139659e-10	-2.88784288015536e-10
224.532	0.545	-0.441	2.03805936222256e-09	3.15630326151074e-10	-3.15680019354148e-10
225.536	0.352	-0.459	2.5160385860109e-09	3.82302616977738e-10	-3.8237187772557e-10
226.406	0.514	-0.518	2.00920855129787e-09	2.99556005224451e-10	-2.99606938622596e-10
227.525	0.487	-0.606	1.90094631763104e-09	2.83408089655776e-10	-2.83452737125369e-10
228.467	0.638	-0.454	1.84839279608723e-09	2.86248008518329e-10	-2.86288355313467e-10
230.163	0.581	-1.059	1.23382826138971e-09	1.91074993158037e-10	-1.91102201946242e-10
231.294	0.556	-0.549	1.86165657497783e-09	2.82852854501016e-10	-2.82895919959001e-10
232.472	0.573	-0.622	1.74810061327731e-09	2.60626238967957e-10	-2.60670201453358e-10
233.676	0.513	-0.631	1.80035427496434e-09	2.7353976088551e-10	-2.73581932734599e-10
234.769	0.556	-0.58	1.8137986352859e-09	2.75582477225515e-10	-2.75624922433561e-10
235.822	0.590	-0.497	1.92068870851446e-09	2.86350607828683e-10	-2.86395227304312e-10
237.210	0.588	-0.798	1.48423583925258e-09	2.25505149967539e-10	-2.25537070758439e-10
238.344	0.512	-0.546	1.9325287852242e-09	2.93621193030643e-10	-2.93666063005971e-10
239.509	0.584	-0.653	1.59928466268216e-09	2.47669678841878e-10	-2.47704114217306e-10
240.692	0.632	-0.599	1.65626660071056e-09	2.46925283061991e-10	-2.46961641331583e-10
241.983	0.567	-0.659	1.66657169270222e-09	2.48464640544698e-10	-2.48503141341083e-10
242.978	0.530	-0.429	2.13344257081635e-09	3.18071420186277e-10	-3.18122066649155e-10
244.107	0.708	-0.598	1.56921919718986e-09	2.33953799342182e-10	-2.33991793845924e-10
245.465	0.700	-0.651	1.46512718762255e-09	2.31314219333622e-10	-2.31348806612037e-10
246.719	0.522	-0.555	1.94469325597954e-09	2.89931285805324e-10	-2.89977450378114e-10
247.853	0.596	-0.612	1.727528481351e-09	2.62472725786683e-10	-2.62511980361415e-10
248.997	0.496	-0.548	1.96271792320211e-09	3.09864355832745e-10	-3.09905366082224e-10
250.178	0.624	-0.685	1.65419447741524e-09	2.46615635471937e-10	-2.46651541610367e-10
251.399	0.492	-0.597	2.01352642820467e-09	3.00193493434278e-10	-3.00241326483763e-10
252.669	0.653	-0.777	1.55199294878422e-09	2.31384684382124e-10	-2.3142184473094e-10
254.182	0.762	-0.86	1.36042671940229e-09	2.02821559016946e-10	-2.02852589410674e-10
255.596	0.565	-0.652	1.80259320030054e-09	2.68745111572488e-10	-2.68787579697251e-10
256.620	0.596	-0.459	2.06987999099538e-09	3.0859290925564e-10	-3.08640776419902e-10
258.016	0.773	-0.8	1.41073433934248e-09	2.08021724401833e-10	-2.08053030098465e-10
259.505	0.661	-0.716	1.56606062483575e-09	2.33476705175348e-10	-2.3351100680041e-10
260.812	0.799	-0.645	1.48454620939993e-09	2.21326726954097e-10	-2.21360922338224e-10
262.557	0.768	-0.946	1.2700162335282e-09	1.87274439775819e-10	-1.87304185703871e-10
264.048	1.032	-0.724	1.21357662528052e-09	1.80932255440615e-10	-1.80962207930245e-10
265.828	0.730	-0.748	1.42349454144768e-09	2.16281323683287e-10	-2.16314845304048e-10
267.465	0.765	-0.906	1.28021358784522e-09	1.90863513712012e-10	-1.90893053169476e-10
269.307	0.992	-1.077	1.03563882859899e-09	1.5440143811387e-10	-1.54425855140542e-10
271.091	0.811	-0.792	1.32076416201341e-09	2.0067076044198e-10	-2.00700716950849e-10
272.870	0.926	-0.968	1.13575712359303e-09	1.69326182855056e-10	-1.69352000640005e-10
274.771	1.190	-0.975	9.80942821616816e-10	1.49039080161279e-10	-1.49060862396025e-10
276.940	1.149	-0.978	9.40970180424354e-10	1.54481152364654e-10	-1.54502028976754e-10
278.801	0.964	-0.712	1.25041208200183e-09	1.93646018643445e-10	-1.93675138687911e-10
280.864	1.107	-1.099	9.64407497635759e-10	1.46528407696579e-10	-1.46550709499197e-10
282.947	1.209	-0.976	9.74406039879672e-10	1.48050317820663e-10	-1.48074342362403e-10
285.315	0.848	-1.159	1.0768524793189e-09	1.60546606783621e-10	-1.60572357973805e-10
287.804	1.447	-1.641	6.95628549095609e-10	1.037103131642e-10	-1.03726886382145e-10
290.543	1.007	-1.292	9.27880009552579e-10	1.38333908331971e-10	-1.38354604089692e-10
292.820	0.824	-1.27	1.01201824013424e-09	1.50878238905919e-10	-1.50901134535403e-10
294.687	1.033	-1.043	9.86626842470733e-10	1.52797740619998e-10	-1.52822194631102e-10
297.194	1.620	-1.473	6.77116758070281e-10	1.009512273848e-10	-1.00967778551959e-10
300.419	1.331	-1.605	7.08073582232049e-10	1.05565131165928e-10	-1.05581722089089e-10
303.303	1.706	-1.553	6.15745387673914e-10	9.72107629683533e-11	-9.72235983814707e-11
306.709	1.679	-1.7	6.22676981512584e-10	9.28321247274517e-11	-9.28458633072224e-11
310.662	1.919	-2.274	4.9738020120377e-10	7.41544686187769e-11	-7.41666860680258e-11
314.177	1.765	-1.596	5.98036283781176e-10	9.08663569513598e-11	-9.08816224215229e-11
317.341	1.333	-1.399	7.48035760662594e-10	1.11525102992631e-10	-1.11543775525145e-10
321.056	1.967	-2.382	4.6263916432365e-10	7.16480171483849e-11	-7.16592820642109e-11
325.185	2.177	-2.162	4.63453194932064e-10	7.31716571898108e-11	-7.31833385909415e-11
328.998	1.922	-1.636	4.25385121079517e-10	7.52053793877594e-11	-7.52144055292934e-11
333.431	2.074	-2.511	3.0820124713378e-10	5.62743472030239e-11	-5.62805407825237e-11
337.241	1.899	-1.736	3.75869218321875e-10	7.0610958681698e-11	-7.06186120320859e-11
340.863	1.614	-1.724	4.04924358001803e-10	7.60686845944259e-11	-7.60766761511915e-11
344.223	1.727	-1.746	3.76823337981597e-10	7.28605727815119e-11	-7.2867777335709e-11
347.994	1.947	-2.044	3.24020705818859e-10	6.26506494247521e-11	-6.26566628089712e-11
352.072	1.516	-2.131	3.66033026850471e-10	6.68335282593457e-11	-6.68406921941552e-11
355.796	1.743	-2.208	3.27124190367621e-10	6.14532051786048e-11	-6.14596085048431e-11
359.765	1.834	-2.226	3.30214073057414e-10	6.02929159438964e-11	-6.02991287629841e-11
363.690	2.096	-2.09	3.20250060076439e-10	5.8474154029777e-11	-5.84804894702941e-11
NO NO NO NO NO NO
! xrtpcflux
380.231	7.971	-9.58	1.53701367575462e-10	3.36370900844399e-11	-3.36370900844399e-11
394.798	5.941	-6.595	2.34349100832609e-10	4.99634084278223e-11	-4.99634084278223e-11
416.821	19.020	-16.082	8.12817726942019e-11	1.8211801092691e-11	-1.8211801092691e-11
450.638	20.305	-14.797	8.93545738611918e-11	2.00205838169715e-11	-2.00205838169715e-11
505.932	22.680	-34.989	6.29779795794196e-11	1.37957988320403e-11	-1.37957988320403e-11
562.144	34.165	-33.532	5.57962001146889e-11	1.25141842109429e-11	-1.25141842109429e-11
650.262	38.817	-53.953	4.78247675486929e-11	1.04663077813632e-11	-1.04663077813632e-11
736.541	45.310	-47.461	3.60356302008182e-11	8.08220878773688e-12	-8.08220878773688e-12
819.049	58.080	-37.198	1.26065764964907e-11	2.8340833766106e-12	-2.8340833766106e-12
940.703	61.791	-63.575	8.44788622258505e-12	1.89508987990937e-12	-1.89508987990937e-12
1051.173	54.121	-48.679	1.00908699404016e-11	2.27097069524944e-12	-2.27097069524944e-12
1180.972	82.283	-75.678	6.80173839611587e-12	1.49800332382104e-12	-1.49800332382104e-12
1353.113	88.161	-89.858	5.90059754903533e-12	1.30221618147292e-12	-1.30221618147292e-12
1553.410	123.552	-112.136	4.2495690375706e-12	9.55344988343287e-13	-9.55344988343287e-13
1821.227	141.562	-144.265	2.59535139938585e-12	6.79817491888805e-13	-6.79817491888805e-13
5845.453	241.544	-249.889	1.63839745868724e-12	4.30136059259143e-13	-4.30136059259143e-13
6209.271	143.501	-122.274	3.04696737882884e-12	7.90741987574542e-13	-7.90741987574542e-13
6634.020	175.082	-281.249	1.76909861152085e-12	4.64449507097528e-13	-4.64449507097528e-13
7034.826	205.534	-225.723	1.85980091390545e-12	4.84196988209216e-13	-4.84196988209216e-13
7465.330	278.990	-224.97	1.92353178520381e-12	4.57742117688195e-13	-4.57742117688195e-13
11819.774	175.108	-185.945	3.49399163041715e-12	9.08492783379268e-13	-9.08492783379268e-13
12175.148	198.338	-180.266	2.00936794751374e-12	5.25492447896561e-13	-5.25492447896561e-13
12532.237	254.956	-158.751	1.86344854808452e-12	4.84216407287571e-13	-4.84216407287571e-13
12991.716	161.545	-204.523	2.24306283175735e-12	5.66159967087796e-13	-5.66159967087796e-13
13295.748	228.586	-142.487	2.06710213443315e-12	5.40939344384756e-13	-5.40939344384756e-13
17960.510	392.040	-303.712	2.00450139064981e-12	5.23282588169397e-13	-5.23282588169397e-13
18563.577	180.114	-211.027	2.07747487888982e-12	5.40523917219036e-13	-5.40523917219036e-13
19097.223	208.101	-353.532	1.67363132764452e-12	4.105193516336e-13	-4.105193516336e-13
23881.468	219.539	-206.704	1.82155053481289e-12	4.73524005169229e-13	-4.73524005169229e-13
24380.035	234.972	-279.028	1.51640124158507e-12	3.94870620033886e-13	-3.94870620033886e-13
24908.293	178.081	-293.286	2.22022502169595e-12	5.00689557278913e-13	-5.00689557278913e-13
30201.217	666.177	-1853.956	1.14340812425703e-12	2.22878612594013e-13	-2.22878612594013e-13
40136.378	2290.578	-3531.278	1.93242510626019e-12	4.16319625723191e-13	-4.16319625723191e-13
46317.836	1889.757	-563.002	2.2558470841077e-12	5.53454326957898e-13	-5.53454326957898e-13
56390.534	3380.027	-2738.965	1.22488574180656e-12	2.49923821463372e-13	-2.49923821463372e-13
63826.272	1723.712	-815.771	1.43088543239531e-12	2.91332252556961e-13	-2.91332252556961e-13
78300.802	4591.959	-9021.597	6.82917543865515e-13	1.43659594370974e-13	-1.43659594370974e-13
91539.192	8693.730	-5092.183	7.48242078443871e-13	1.32503652568281e-13	-1.32503652568281e-13
150769.058	1281.489	-1042.208	5.82932357165552e-13	1.30686535301249e-13	-1.30686535301249e-13
164611.806	4988.471	-8633.743	5.51760596801037e-13	1.13176561340633e-13	-1.13176561340633e-13
176933.662	4226.317	-3854.6	3.32526328032453e-13	8.8316930072568e-14	-8.8316930072568e-14
212827.945	14101.658	-26407.572	4.58148010509334e-13	8.9648795464472e-14	-8.9648795464472e-14
236164.291	18066.236	-5019.377	2.71649060479126e-13	6.84822256588411e-14	-6.84822256588411e-14
328774.628	48155.334	-27543.462	2.96948300665883e-13	7.69710724225507e-14	-7.69710724225507e-14
384238.293	9429.857	-2965.94	1.70034923875507e-13	8.56662048195401e-14	-6.50266781819755e-14
NO NO NO NO NO NO
! batSNR4flux
40.3209999990463	1.92	-1.92	8.87003865875723e-09	2.06364387487173e-09	-2.06364387487173e-09
