READ TERR 1 2
! batSNR4flux
17.2009999644756	0.08	-0.08	4.94903720381079e-08	1.06089532645955e-08	-1.06089532645955e-08
17.5809999497732	0.3	-0.3	2.84173509173176e-08	5.7705626116511e-09	-5.7705626116511e-09
17.9809999656677	0.1	-0.1	3.89155393525382e-08	9.71187360703272e-09	-9.71187360703272e-09
18.2209999581746	0.14	-0.14	2.69810171652151e-08	6.76722246040378e-09	-6.76722246040378e-09
18.4209999434153	0.06	-0.06	4.20918793030744e-08	9.0828874905952e-09	-9.0828874905952e-09
18.5409999481837	0.06	-0.06	2.53095038054197e-08	8.69338427049034e-09	-8.69338427049034e-09
18.6209999513626	0.02	-0.02	5.89937886077112e-08	1.44107541751735e-08	-1.44107541751735e-08
18.700999994278	0.02	-0.02	5.83507400575908e-08	1.36442452868709e-08	-1.36442452868709e-08
18.740999956131	0.02	-0.02	5.73332826987688e-08	1.20375698248098e-08	-1.20375698248098e-08
18.780999917984	0.02	-0.02	4.65440171963826e-08	1.30717658779233e-08	-1.30717658779233e-08
18.8209999990463	0.02	-0.02	7.11386637268106e-08	1.36028405813885e-08	-1.36028405813885e-08
18.8609999608994	0.02	-0.02	6.81839853302271e-08	1.31678056715753e-08	-1.31678056715753e-08
18.9009999227524	0.02	-0.02	5.91433533771014e-08	1.21965882811401e-08	-1.21965882811401e-08
18.9410000038147	0.02	-0.02	6.86117915638575e-08	1.23421263493406e-08	-1.23421263493406e-08
18.9809999656677	0.02	-0.02	6.39777140573975e-08	1.15428557486181e-08	-1.15428557486181e-08
19.0209999275208	0.02	-0.02	5.44306471038325e-08	1.23186098974244e-08	-1.23186098974244e-08
19.0610000085831	0.02	-0.02	7.19686285030603e-08	1.17526885362897e-08	-1.17526885362897e-08
19.1009999704361	0.02	-0.02	5.81711853812246e-08	1.12379959493224e-08	-1.12379959493224e-08
19.1409999322891	0.02	-0.02	9.467670612882e-08	1.1591753598355e-08	-1.1591753598355e-08
19.1810000133514	0.02	-0.02	5.11061197122335e-08	1.03057775831814e-08	-1.03057775831814e-08
19.2209999752045	0.02	-0.02	5.96267772575038e-08	1.21800596069444e-08	-1.21800596069444e-08
19.2609999370575	0.02	-0.02	1.12968144334585e-07	2.15001648303508e-08	-2.15001648303508e-08
19.3009998989105	0.02	-0.02	2.79410488380629e-07	4.74698209717299e-08	-4.74698209717299e-08
19.3409999799728	0.02	-0.02	4.09856247398368e-07	7.47218703033553e-08	-7.47218703033553e-08
19.3809999418259	0.02	-0.02	6.62841654559995e-07	8.87461310364874e-08	-8.87461310364874e-08
19.4209999036789	0.02	-0.02	2.53648628553493e-07	7.81849723310646e-08	-7.81849723310646e-08
19.4609999847412	0.02	-0.02	4.0354620871092e-07	8.23833312258635e-08	-8.23833312258635e-08
19.5009999465942	0.02	-0.02	3.41082729758478e-07	7.39885696260015e-08	-7.39885696260015e-08
19.5609999489784	0.04	-0.04	1.8480620265498e-07	4.12127721535179e-08	-4.12127721535179e-08
19.6209999513626	0.02	-0.02	2.38355947895743e-07	4.90075580090088e-08	-4.90075580090088e-08
19.6609999132156	0.02	-0.02	1.77380500520154e-07	3.39817331718573e-08	-3.39817331718573e-08
19.700999994278	0.02	-0.02	1.31874040265688e-07	2.97528615548167e-08	-2.97528615548167e-08
19.740999956131	0.02	-0.02	8.79152894533503e-08	2.25686692773224e-08	-2.25686692773224e-08
19.780999917984	0.02	-0.02	7.72141246709862e-08	1.60251023645164e-08	-1.60251023645164e-08
19.8609999608994	0.06	-0.06	2.2610801752108e-08	4.99853647001716e-09	-4.99853647001716e-09
19.9410000038147	0.02	-0.02	2.29366855290078e-08	4.76161075049207e-09	-4.76161075049207e-09
19.9809999656677	0.02	-0.02	8.35005427675757e-09	3.3309131607806e-09	-3.3309131607806e-09
20.0209999275208	0.02	-0.02	1.34041341604822e-08	2.72744329222331e-09	-2.72744329222331e-09
20.0610000085831	0.02	-0.02	9.2618826476687e-09	2.03459269403993e-09	-2.03459269403993e-09
20.1009999704361	0.02	-0.02	7.88084620039535e-09	1.55812603446486e-09	-1.55812603446486e-09
20.1409999322891	0.02	-0.02	9.27149727394052e-09	2.05104850474049e-09	-2.05104850474049e-09
20.1810000133514	0.02	-0.02	1.31216856701503e-08	2.90754060978934e-09	-2.90754060978934e-09
20.2209999752045	0.02	-0.02	2.3577405968944e-08	4.1342320906218e-09	-4.1342320906218e-09
20.2609999370575	0.02	-0.02	3.84505488281488e-08	5.53135244839332e-09	-5.53135244839332e-09
20.3009998989105	0.02	-0.02	3.97817090807636e-08	7.02253622478147e-09	-7.02253622478147e-09
20.3409999799728	0.02	-0.02	5.40127263342136e-08	9.82176210148905e-09	-9.82176210148905e-09
20.3809999418259	0.02	-0.02	8.46052215026818e-08	1.2480999803134e-08	-1.2480999803134e-08
20.4209999036789	0.02	-0.02	8.35324408839631e-08	1.30222951486655e-08	-1.30222951486655e-08
20.4609999847412	0.02	-0.02	7.59597476580736e-08	1.11241376926249e-08	-1.11241376926249e-08
20.5009999465942	0.02	-0.02	6.84638312000544e-08	8.58896845682231e-09	-8.58896845682231e-09
20.5409999084473	0.02	-0.02	3.58475324570999e-08	6.14459212685333e-09	-6.14459212685333e-09
20.5809999895096	0.02	-0.02	3.62371988007123e-08	4.47893519405975e-09	-4.47893519405975e-09
20.6209999513626	0.02	-0.02	4.95140090475636e-08	6.85588945506945e-09	-6.85588945506945e-09
20.6609999132156	0.02	-0.02	7.78934706934136e-08	1.02416418095018e-08	-1.02416418095018e-08
20.700999994278	0.02	-0.02	1.15714488286188e-07	1.5678761098862e-08	-1.5678761098862e-08
20.740999956131	0.02	-0.02	1.61900992692396e-07	2.17773905126748e-08	-2.17773905126748e-08
20.780999917984	0.02	-0.02	1.55233397617862e-07	2.54875207321924e-08	-2.54875207321924e-08
20.8209999990463	0.02	-0.02	1.43161862400302e-07	2.25448268607875e-08	-2.25448268607875e-08
20.8609999608994	0.02	-0.02	1.47269302082401e-07	1.85522579858917e-08	-1.85522579858917e-08
20.9009999227524	0.02	-0.02	9.86041276617284e-08	1.46491198219794e-08	-1.46491198219794e-08
20.9410000038147	0.02	-0.02	6.47263810017517e-08	9.54516965727942e-09	-9.54516965727942e-09
20.9809999656677	0.02	-0.02	4.75603695306507e-08	6.34597370970443e-09	-6.34597370970443e-09
21.0209999275208	0.02	-0.02	3.08549864903838e-08	3.91131768285398e-09	-3.91131768285398e-09
21.0610000085831	0.02	-0.02	2.64964416507836e-08	3.78263254735986e-09	-3.78263254735986e-09
21.1009999704361	0.02	-0.02	5.90886730389377e-08	6.23194842199936e-09	-6.23194842199936e-09
21.1409999322891	0.02	-0.02	6.06676806269993e-08	8.83710459383878e-09	-8.83710459383878e-09
21.1810000133514	0.02	-0.02	8.59189599612071e-08	1.22270651158253e-08	-1.22270651158253e-08
21.2209999752045	0.02	-0.02	9.07881772742231e-08	1.1787396894096e-08	-1.1787396894096e-08
21.2609999370575	0.02	-0.02	8.87775728271358e-08	1.00479497029635e-08	-1.00479497029635e-08
21.3009998989105	0.02	-0.02	4.43103453580255e-08	7.76415591231136e-09	-7.76415591231136e-09
21.3409999799728	0.02	-0.02	4.58335968723768e-08	8.52858641503755e-09	-8.52858641503755e-09
21.3809999418259	0.02	-0.02	7.80629838757913e-08	1.43589420199157e-08	-1.43589420199157e-08
21.4209999036789	0.02	-0.02	8.18392571836907e-08	2.50461405562777e-08	-2.50461405562777e-08
21.4609999847412	0.02	-0.02	2.41399789698584e-07	4.77473581462532e-08	-4.77473581462532e-08
21.5009999465942	0.02	-0.02	2.45194010186055e-07	7.59893963902058e-08	-7.59893963902058e-08
21.5409999084473	0.02	-0.02	5.70761373743166e-07	9.31303939870125e-08	-9.31303939870125e-08
21.6009999704361	0.04	-0.04	1.57852658042842e-07	3.06355114022019e-08	-3.06355114022019e-08
21.6609999132156	0.02	-0.02	1.20871197950322e-07	2.13654209132107e-08	-2.13654209132107e-08
21.700999994278	0.02	-0.02	4.57249608041766e-08	1.28189463980666e-08	-1.28189463980666e-08
21.740999956131	0.02	-0.02	4.82395614150062e-08	1.03455928690738e-08	-1.03455928690738e-08
21.780999917984	0.02	-0.02	7.83324549374973e-08	1.65889262265166e-08	-1.65889262265166e-08
21.8209999990463	0.02	-0.02	1.23290494172649e-07	2.56754876395949e-08	-2.56754876395949e-08
21.8609999608994	0.02	-0.02	2.35967905620715e-07	4.20722815144449e-08	-4.20722815144449e-08
21.9009999227524	0.02	-0.02	2.73702543740274e-07	5.65343125618648e-08	-5.65343125618648e-08
21.9410000038147	0.02	-0.02	3.2032805562611e-07	5.93804150590803e-08	-5.93804150590803e-08
21.9809999656677	0.02	-0.02	1.17440853586168e-07	3.31215671507329e-08	-3.31215671507329e-08
22.0209999275208	0.02	-0.02	7.34635204463734e-08	1.72835224144495e-08	-1.72835224144495e-08
22.0809999895096	0.04	-0.04	2.28675286950898e-08	4.73724276328829e-09	-4.73724276328829e-09
22.1409999322891	0.02	-0.02	1.19885616944502e-08	2.80738509894802e-09	-2.80738509894802e-09
22.200999994278	0.04	-0.04	4.94485099891389e-09	1.19545595216375e-09	-1.19545595216375e-09
22.280999917984	0.04	-0.04	1.61235052420618e-08	3.33345052782872e-09	-3.33345052782872e-09
22.3609999608994	0.04	-0.04	4.0127937117632e-08	9.10272927737633e-09	-9.10272927737633e-09
22.4209999036789	0.02	-0.02	1.1776275518652e-07	2.92689625391694e-08	-2.92689625391694e-08
22.4609999847412	0.02	-0.02	1.33408139800281e-07	4.93954918223717e-08	-4.93954918223717e-08
22.5009999465942	0.02	-0.02	4.29679320593658e-07	9.15265949491327e-08	-9.15265949491327e-08
22.5609999489784	0.04	-0.04	2.04733603168685e-07	3.81821410328555e-08	-3.81821410328555e-08
22.6609999529521	0.06	-0.06	6.67002747921889e-08	1.24577079690561e-08	-1.24577079690561e-08
22.740999956131	0.02	-0.02	3.75242847646039e-08	9.16758741156592e-09	-9.16758741156592e-09
22.780999917984	0.02	-0.02	2.72281493490231e-08	6.60815932379872e-09	-6.60815932379872e-09
22.8209999990463	0.02	-0.02	1.7288024536623e-08	4.49587266840499e-09	-4.49587266840499e-09
22.8609999608994	0.02	-0.02	1.78869019393332e-08	3.84543261489787e-09	-3.84543261489787e-09
22.9009999227524	0.02	-0.02	1.43384083832138e-08	4.54609474806796e-09	-4.54609474806796e-09
22.9410000038147	0.02	-0.02	2.4429908158513e-08	5.79761891185523e-09	-5.79761891185523e-09
22.9809999656677	0.02	-0.02	3.51179769608828e-08	6.47510215454397e-09	-6.47510215454397e-09
23.0209999275208	0.02	-0.02	5.52205959060332e-08	8.13787059868794e-09	-8.13787059868794e-09
23.0610000085831	0.02	-0.02	5.62181886253806e-08	9.08881216920822e-09	-9.08881216920822e-09
23.1009999704361	0.02	-0.02	6.53508998347777e-08	9.95400699977342e-09	-9.95400699977342e-09
23.1409999322891	0.02	-0.02	5.86830946432828e-08	1.02447313462802e-08	-1.02447313462802e-08
23.1810000133514	0.02	-0.02	7.12845661566766e-08	1.19533507908771e-08	-1.19533507908771e-08
23.2209999752045	0.02	-0.02	7.8913599614896e-08	1.24981229156815e-08	-1.24981229156815e-08
23.2609999370575	0.02	-0.02	1.02008952009824e-07	1.40231480899644e-08	-1.40231480899644e-08
23.3009998989105	0.02	-0.02	9.137449919377e-08	1.05607509026109e-08	-1.05607509026109e-08
23.3409999799728	0.02	-0.02	4.55882152203412e-08	6.66507581666907e-09	-6.66507581666907e-09
23.3809999418259	0.02	-0.02	3.49956670890239e-08	5.00713591791152e-09	-5.00713591791152e-09
23.4209999036789	0.02	-0.02	1.06663600456574e-07	1.46244629650143e-08	-1.46244629650143e-08
23.4609999847412	0.02	-0.02	2.28645897932844e-07	4.12104875744912e-08	-4.12104875744912e-08
23.5009999465942	0.02	-0.02	8.20047425946873e-07	1.21904039004861e-07	-1.21904039004861e-07
23.5409999084473	0.02	-0.02	4.34947197946577e-07	5.5540767688535e-08	-5.5540767688535e-08
23.5809999895096	0.02	-0.02	9.30610907380078e-08	2.00719036236041e-08	-2.00719036236041e-08
23.6209999513626	0.02	-0.02	5.97970249578653e-08	9.2745871892603e-09	-9.2745871892603e-09
23.6609999132156	0.02	-0.02	3.24790055726433e-08	5.75210240887428e-09	-5.75210240887428e-09
23.700999994278	0.02	-0.02	2.15640446912037e-08	3.73018065802327e-09	-3.73018065802327e-09
23.740999956131	0.02	-0.02	3.27756865859834e-08	4.35061701726893e-09	-4.35061701726893e-09
23.780999917984	0.02	-0.02	9.65071689431161e-08	1.19752082940729e-08	-1.19752082940729e-08
23.8209999990463	0.02	-0.02	2.60453519156629e-07	3.00346390940602e-08	-3.00346390940602e-08
23.8609999608994	0.02	-0.02	2.10743575510035e-07	2.87951482680301e-08	-2.87951482680301e-08
23.9009999227524	0.02	-0.02	2.49446266941875e-07	2.49018021755393e-08	-2.49018021755393e-08
23.9410000038147	0.02	-0.02	2.28899375831728e-07	2.87077305817358e-08	-2.87077305817358e-08
23.9809999656677	0.02	-0.02	2.57733714366073e-07	3.72350354770113e-08	-3.72350354770113e-08
24.0209999275208	0.02	-0.02	1.11276712924205e-07	1.87269767421707e-08	-1.87269767421707e-08
24.0610000085831	0.02	-0.02	8.06760125544841e-08	9.93615933658095e-09	-9.93615933658095e-09
24.1009999704361	0.02	-0.02	7.22244403531463e-08	8.64930597154093e-09	-8.64930597154093e-09
24.1409999322891	0.02	-0.02	6.33484672544488e-08	8.60403292992383e-09	-8.60403292992383e-09
24.1810000133514	0.02	-0.02	1.5968899394678e-07	1.77909230545856e-08	-1.77909230545856e-08
24.2209999752045	0.02	-0.02	2.97806636855538e-07	3.42127191172578e-08	-3.42127191172578e-08
24.2609999370575	0.02	-0.02	2.48332535120264e-07	2.74079769183036e-08	-2.74079769183036e-08
24.3009998989105	0.02	-0.02	1.90854585826943e-07	2.08209014686605e-08	-2.08209014686605e-08
24.3409999799728	0.02	-0.02	1.12957539027588e-07	1.34430822919428e-08	-1.34430822919428e-08
24.3809999418259	0.02	-0.02	6.83393618006771e-08	8.44192171473358e-09	-8.44192171473358e-09
24.4209999036789	0.02	-0.02	8.30813800971051e-08	1.07575241628134e-08	-1.07575241628134e-08
24.4609999847412	0.02	-0.02	1.20267681523085e-07	1.5588725952819e-08	-1.5588725952819e-08
24.5009999465942	0.02	-0.02	9.32391917789844e-08	1.25419675437505e-08	-1.25419675437505e-08
24.5409999084473	0.02	-0.02	6.79053016693086e-08	9.51462641412006e-09	-9.51462641412006e-09
24.5809999895096	0.02	-0.02	1.88769658578338e-07	2.66840071018169e-08	-2.66840071018169e-08
24.6209999513626	0.02	-0.02	5.97700866326789e-07	7.10037252517806e-08	-7.10037252517806e-08
24.6609999132156	0.02	-0.02	3.15076376794305e-07	4.37741771996655e-08	-4.37741771996655e-08
24.700999994278	0.02	-0.02	2.02430886174735e-07	2.41380785107125e-08	-2.41380785107125e-08
24.740999956131	0.02	-0.02	1.57587597540276e-07	2.14451670827545e-08	-2.14451670827545e-08
24.780999917984	0.02	-0.02	1.24191690333686e-07	2.07814883828965e-08	-2.07814883828965e-08
24.8209999990463	0.02	-0.02	5.05136799886293e-07	6.70475546907059e-08	-6.70475546907059e-08
24.8609999608994	0.02	-0.02	1.74061162845073e-06	2.15993249843215e-07	-2.15993249843215e-07
24.9009999227524	0.02	-0.02	7.15791841491574e-07	8.31145554182591e-08	-8.31145554182591e-08
24.9410000038147	0.02	-0.02	2.1770138787011e-07	3.00479296940608e-08	-3.00479296940608e-08
24.9809999656677	0.02	-0.02	6.70515377032328e-08	1.12660180508696e-08	-1.12660180508696e-08
25.0209999275208	0.02	-0.02	2.77001487616843e-07	4.48283193955942e-08	-4.48283193955942e-08
25.0610000085831	0.02	-0.02	2.24071210211393e-06	2.38906435297938e-07	-2.38906435297938e-07
25.1009999704361	0.02	-0.02	1.53742382390023e-06	2.24213154851822e-07	-2.24213154851822e-07
25.1409999322891	0.02	-0.02	7.85566320718894e-07	1.01386888320899e-07	-1.01386888320899e-07
25.1810000133514	0.02	-0.02	8.25467333714846e-07	1.24473576389458e-07	-1.24473576389458e-07
25.2209999752045	0.02	-0.02	3.5799910093969e-07	6.95709216080543e-08	-6.95709216080543e-08
25.2609999370575	0.02	-0.02	2.53416700006964e-07	4.73696263698065e-08	-4.73696263698065e-08
25.3009998989105	0.02	-0.02	1.23067515894897e-07	2.7132451757757e-08	-2.7132451757757e-08
25.3409999799728	0.02	-0.02	1.14866670415562e-07	2.00159506223987e-08	-2.00159506223987e-08
25.3809999418259	0.02	-0.02	8.44748314699948e-08	1.30775390728032e-08	-1.30775390728032e-08
25.4209999036789	0.02	-0.02	9.48557724060919e-08	1.39013284398267e-08	-1.39013284398267e-08
25.4609999847412	0.02	-0.02	8.75051847684076e-08	1.467971155126e-08	-1.467971155126e-08
25.5009999465942	0.02	-0.02	8.69775155079779e-08	1.75647033621788e-08	-1.75647033621788e-08
25.5409999084473	0.02	-0.02	1.46915404326127e-07	2.15891916425946e-08	-2.15891916425946e-08
25.5809999895096	0.02	-0.02	1.61641212885667e-07	2.58705689368084e-08	-2.58705689368084e-08
25.6209999513626	0.02	-0.02	1.41684258712276e-07	3.08645996994806e-08	-3.08645996994806e-08
25.6609999132156	0.02	-0.02	2.08375098320066e-07	3.09101592461284e-08	-3.09101592461284e-08
25.700999994278	0.02	-0.02	1.71375554421981e-07	2.8120995876874e-08	-2.8120995876874e-08
25.740999956131	0.02	-0.02	1.06455750110821e-07	2.64533020421588e-08	-2.64533020421588e-08
25.780999917984	0.02	-0.02	2.39446269481431e-07	3.57486832881111e-08	-3.57486832881111e-08
25.8209999990463	0.02	-0.02	2.62681048819803e-07	4.7468945060364e-08	-4.7468945060364e-08
25.8609999608994	0.02	-0.02	4.59345999732075e-07	7.64260420936134e-08	-7.64260420936134e-08
25.9009999227524	0.02	-0.02	2.22424856546681e-07	4.30047700359841e-08	-4.30047700359841e-08
25.9410000038147	0.02	-0.02	1.16572523820428e-07	2.12484767446659e-08	-2.12484767446659e-08
25.9809999656677	0.02	-0.02	5.46912605033851e-08	1.09700349497786e-08	-1.09700349497786e-08
26.0209999275208	0.02	-0.02	2.74071238878928e-08	5.85425796877619e-09	-5.85425796877619e-09
26.0610000085831	0.02	-0.02	5.91194816374996e-08	1.38044650634337e-08	-1.38044650634337e-08
26.1009999704361	0.02	-0.02	1.50557557627262e-07	3.20554550055315e-08	-3.20554550055315e-08
26.1409999322891	0.02	-0.02	5.36061731858962e-07	9.11238762593157e-08	-9.11238762593157e-08
26.1810000133514	0.02	-0.02	1.38785743231861e-06	2.21639257102609e-07	-2.21639257102609e-07
26.2209999752045	0.02	-0.02	1.08015407970076e-06	2.52476494584443e-07	-2.52476494584443e-07
26.2609999370575	0.02	-0.02	3.62187365278681e-07	8.85190760837274e-08	-8.85190760837274e-08
26.3009998989105	0.02	-0.02	1.73132696684447e-07	3.1330976118466e-08	-3.1330976118466e-08
26.3409999799728	0.02	-0.02	4.64442067721707e-08	1.00109342833241e-08	-1.00109342833241e-08
26.3809999418259	0.02	-0.02	5.65191933438328e-08	1.27093704705602e-08	-1.27093704705602e-08
26.4209999036789	0.02	-0.02	9.46687918744151e-08	1.63735637045218e-08	-1.63735637045218e-08
26.4609999847412	0.02	-0.02	9.96349538636864e-08	2.04808743434282e-08	-2.04808743434282e-08
26.5009999465942	0.02	-0.02	1.07844815662774e-07	2.78889309080605e-08	-2.78889309080605e-08
26.5409999084473	0.02	-0.02	2.19761497761195e-07	4.90424744031561e-08	-4.90424744031561e-08
26.6009999704361	0.04	-0.04	3.45485989496961e-07	6.92311178425834e-08	-6.92311178425834e-08
26.6609999132156	0.02	-0.02	1.19030306272487e-06	2.01743764081419e-07	-2.01743764081419e-07
26.700999994278	0.02	-0.02	8.24244728945456e-07	1.48011690997327e-07	-1.48011690997327e-07
26.740999956131	0.02	-0.02	4.54412778436225e-07	1.13425206921346e-07	-1.13425206921346e-07
26.780999917984	0.02	-0.02	3.46100375067312e-07	9.60647634129494e-08	-9.60647634129494e-08
26.8209999990463	0.02	-0.02	3.68388236702198e-07	7.31633896034031e-08	-7.31633896034031e-08
26.8609999608994	0.02	-0.02	3.59728477820094e-07	8.25989371874315e-08	-8.25989371874315e-08
26.9009999227524	0.02	-0.02	4.10064076116791e-07	9.8180049670152e-08	-9.8180049670152e-08
26.9410000038147	0.02	-0.02	5.94460476623691e-07	1.22659718133826e-07	-1.22659718133826e-07
26.9809999656677	0.02	-0.02	4.97981466595953e-07	1.43886200214409e-07	-1.43886200214409e-07
27.0209999275208	0.02	-0.02	6.0345307475381e-07	1.3188806343691e-07	-1.3188806343691e-07
27.0610000085831	0.02	-0.02	2.75651070005651e-07	7.86543693237425e-08	-7.86543693237425e-08
27.1009999704361	0.02	-0.02	2.37089323739352e-07	4.90512989377587e-08	-4.90512989377587e-08
27.1409999322891	0.02	-0.02	1.16496657630752e-07	3.30072365816557e-08	-3.30072365816557e-08
27.1810000133514	0.02	-0.02	1.06570755372496e-07	2.42079906749498e-08	-2.42079906749498e-08
27.2209999752045	0.02	-0.02	6.38793289027998e-08	1.58390902712846e-08	-1.58390902712846e-08
27.2609999370575	0.02	-0.02	5.03196366906993e-08	9.87772283605452e-09	-9.87772283605452e-09
27.3209999394417	0.04	-0.04	2.19288180752677e-08	4.60422835525291e-09	-4.60422835525291e-09
27.3809999418259	0.02	-0.02	4.69154811394216e-08	9.61481167689768e-09	-9.61481167689768e-09
27.4209999036789	0.02	-0.02	5.53784062151382e-08	1.28952763584983e-08	-1.28952763584983e-08
27.4609999847412	0.02	-0.02	9.0578945173289e-08	1.7665408335469e-08	-1.7665408335469e-08
27.5409999481837	0.06	-0.06	9.59796247175692e-08	1.5784148726515e-08	-1.5784148726515e-08
27.6209999513626	0.02	-0.02	1.8929560261755e-07	4.58406456066247e-08	-4.58406456066247e-08
27.6809999537468	0.04	-0.04	1.68191726860672e-07	3.31536254827714e-08	-3.31536254827714e-08
27.740999956131	0.02	-0.02	2.18297683284799e-07	4.38156524158002e-08	-4.38156524158002e-08
27.8209999593099	0.06	-0.06	1.37769246912534e-07	2.90400692753059e-08	-2.90400692753059e-08
27.9009999227524	0.02	-0.02	1.84789582264984e-07	3.3838972633082e-08	-3.3838972633082e-08
27.9410000038147	0.02	-0.02	1.36409506594079e-07	3.23216237056318e-08	-3.23216237056318e-08
28.0209999672572	0.06	-0.06	5.66169438913365e-08	1.25521021919102e-08	-1.25521021919102e-08
28.1009999704361	0.02	-0.02	6.9089737954667e-08	1.70350645023348e-08	-1.70350645023348e-08
28.1409999322891	0.02	-0.02	7.75363521236617e-08	1.92641457448373e-08	-1.92641457448373e-08
28.200999994278	0.04	-0.04	6.33919282784465e-08	2.00009472417829e-08	-2.00009472417829e-08
28.280999917984	0.04	-0.04	1.69326687349368e-07	3.35801577561405e-08	-3.35801577561405e-08
28.3409999799728	0.02	-0.02	3.16193496976123e-07	7.24681886107309e-08	-7.24681886107309e-08
28.4009999227524	0.04	-0.04	3.12625569869574e-07	6.9093807939082e-08	-6.9093807939082e-08
28.4809999656677	0.04	-0.04	1.97078093262758e-07	5.94377551351842e-08	-5.94377551351842e-08
28.5809999497732	0.06	-0.06	1.7154123797613e-07	2.83889925023965e-08	-2.83889925023965e-08
28.6609999132156	0.02	-0.02	1.34898745366925e-07	3.11024189499322e-08	-3.11024189499322e-08
28.740999956131	0.06	-0.06	3.92337916861809e-08	1.20091097725709e-08	-1.20091097725709e-08
28.8209999990463	0.02	-0.02	7.21930700195771e-08	1.70428460270051e-08	-1.70428460270051e-08
28.8809999418259	0.04	-0.04	2.43569099778394e-08	1.06264346060559e-08	-1.06264346060559e-08
28.9609999847412	0.04	-0.04	4.23910634893306e-08	1.02758162796785e-08	-1.02758162796785e-08
29.0409999680519	0.04	-0.04	3.15417083182875e-08	1.00249323642762e-08	-1.00249323642762e-08
29.1009999704361	0.02	-0.02	5.71813691526243e-08	1.3356511499392e-08	-1.3356511499392e-08
29.1609999728203	0.04	-0.04	3.89634328142826e-08	8.18730924235387e-09	-8.18730924235387e-09
29.2609999370575	0.06	-0.06	5.12908817284613e-08	8.20480127827561e-09	-8.20480127827561e-09
29.3409999799728	0.02	-0.02	6.65251995813126e-08	1.60485858351183e-08	-1.60485858351183e-08
29.5409999481837	0.18	-0.18	3.51847054714252e-08	7.612446784895e-09	-7.612446784895e-09
29.8209999513626	0.1	-0.1	7.69630267836227e-08	1.6873214958442e-08	-1.6873214958442e-08
29.9609999847412	0.04	-0.04	1.07267936911709e-07	2.40675434662796e-08	-2.40675434662796e-08
30.1209999712308	0.12	-0.12	4.9524621107188e-08	1.2678370029495e-08	-1.2678370029495e-08
30.280999917984	0.04	-0.04	8.61048292440566e-08	1.84914951589967e-08	-1.84914951589967e-08
30.3809999418259	0.06	-0.06	5.42330671876392e-08	1.25143563453043e-08	-1.25143563453043e-08
30.5209999573231	0.08	-0.08	2.81528124376009e-08	9.60196031290782e-09	-9.60196031290782e-09
30.7009999465942	0.1	-0.1	3.02278839580084e-08	6.93250983754365e-09	-6.93250983754365e-09
30.8209999990463	0.02	-0.02	6.46158211429827e-08	1.35521821037211e-08	-1.35521821037211e-08
31.0809999597073	0.24	-0.24	2.02996861967637e-08	4.78250541384434e-09	-4.78250541384434e-09
31.3809999418259	0.06	-0.06	5.69179857433718e-08	1.217702475056e-08	-1.217702475056e-08
31.5009999465942	0.06	-0.06	3.25917508484329e-08	1.3716851828101e-08	-1.3716851828101e-08
31.6009999704361	0.04	-0.04	8.21966538921677e-08	1.82891151356529e-08	-1.82891151356529e-08
31.7609999569257	0.12	-0.12	4.01694895715953e-08	1.25443284958423e-08	-1.25443284958423e-08
31.9409999640783	0.06	-0.06	6.90246483280793e-08	1.71466356946237e-08	-1.71466356946237e-08
32.1009999704361	0.1	-0.1	4.17146425031269e-08	1.3096407928612e-08	-1.3096407928612e-08
32.3009999465942	0.1	-0.1	5.50044966023487e-08	1.19569249028869e-08	-1.19569249028869e-08
32.5609999489784	0.16	-0.16	2.00529649874139e-08	9.06933223430131e-09	-9.06933223430131e-09
32.880999956727	0.16	-0.16	4.156438397411e-08	8.88153517826409e-09	-8.88153517826409e-09
33.4009999558661	0.36	-0.36	2.69514309673616e-08	5.44262453879261e-09	-5.44262453879261e-09
33.9409999640783	0.18	-0.18	2.88287162916217e-08	6.86137947631044e-09	-6.86137947631044e-09
34.3809999509958	0.26	-0.26	1.61178011276663e-08	5.63608991977118e-09	-5.63608991977118e-09
34.9009999594322	0.26	-0.26	2.29566633818517e-08	5.69629955239336e-09	-5.69629955239336e-09
35.9209999632835	0.2	-0.2	3.15275228789761e-08	7.37411509961164e-09	-7.37411509961164e-09
36.640999955214	0.52	-0.52	2.12622610066238e-08	5.24817659414582e-09	-5.24817659414582e-09
38.240999956131	1.08	-1.08	1.97904005484175e-08	4.43412788504361e-09	-4.43412788504361e-09
40.4009999558661	1.08	-1.08	2.49258342593287e-08	6.02626543646148e-09	-6.02626543646148e-09
43.6809999559143	2.2	-2.2	3.38514825354534e-08	6.63710847048968e-09	-6.63710847048968e-09
NO NO NO NO NO NO
! xrtpcflux_nosys
3323.502	13.677	-13.903	1.58382618937465e-10	3.45619240886318e-11	-3.45619240886318e-11
3357.039	15.243	-19.859	1.19353180246532e-10	2.62217599563137e-11	-2.62217599563137e-11
3391.551	13.326	-19.269	1.26246654292565e-10	2.76892689349237e-11	-2.76892689349237e-11
3423.893	18.594	-19.016	1.1055182003748e-10	2.3915943501154e-11	-2.3915943501154e-11
3461.655	15.935	-19.168	1.04658806180372e-10	2.36113172822772e-11	-2.36113172822772e-11
3491.496	11.167	-13.906	1.41951611972573e-10	3.18540813501151e-11	-3.18540813501151e-11
3523.085	17.187	-20.423	8.93841869232567e-11	2.00935873466682e-11	-2.00935873466682e-11
3558.930	21.460	-18.658	7.80860851357403e-11	1.76795468610894e-11	-1.76795468610894e-11
3603.688	16.818	-23.299	8.39262299226762e-11	1.88666337358593e-11	-1.88666337358593e-11
3645.279	17.852	-24.772	1.0141208408655e-10	2.12768366951156e-11	-2.12768366951156e-11
3680.133	13.086	-17.002	1.40799264369776e-10	3.08810577905487e-11	-3.08810577905487e-11
3707.119	13.681	-13.9	1.55375037369348e-10	3.40779115279945e-11	-3.40779115279945e-11
3743.947	16.969	-23.148	1.14975753644348e-10	2.40481120461641e-11	-2.40481120461641e-11
3785.461	20.587	-24.544	7.9743058260125e-11	1.79582023081223e-11	-1.79582023081223e-11
3822.324	23.841	-16.276	8.67509801219561e-11	1.90268185764367e-11	-1.90268185764367e-11
3864.956	16.312	-18.791	9.80312536998451e-11	2.15008806699952e-11	-2.15008806699952e-11
3903.060	23.339	-21.792	7.12872870626288e-11	1.60539498324514e-11	-1.60539498324514e-11
3964.730	29.368	-38.33	4.62048800347527e-11	1.04612973252263e-11	-1.04612973252263e-11
4016.149	15.558	-22.051	8.53508717535393e-11	1.91868907499244e-11	-1.91868907499244e-11
4045.598	11.182	-13.891	1.49276259919292e-10	3.12706118649646e-11	-3.12706118649646e-11
4073.409	13.459	-16.629	1.17042481334009e-10	2.51558710761416e-11	-2.51558710761416e-11
4115.799	28.738	-28.931	5.4633459181762e-11	1.2391814582333e-11	-1.2391814582333e-11
4170.250	19.419	-25.713	7.15755147275266e-11	1.58324905853286e-11	-1.58324905853286e-11
4213.940	23.368	-24.272	6.96550903407196e-11	1.52256529302582e-11	-1.52256529302582e-11
4261.239	18.693	-23.932	7.23153491529718e-11	1.62854759144606e-11	-1.62854759144606e-11
4308.281	21.797	-28.35	6.79884782158453e-11	1.45654855100157e-11	-1.45654855100157e-11
4350.247	17.440	-20.169	8.15698189765406e-11	1.83043534931387e-11	-1.83043534931387e-11
4395.235	27.614	-27.547	5.58617202149337e-11	1.26025609165121e-11	-1.26025609165121e-11
4449.664	20.824	-26.815	6.47821935161824e-11	1.46150419194049e-11	-1.46150419194049e-11
4494.037	26.598	-23.549	6.3274617174899e-11	1.42749322005688e-11	-1.42749322005688e-11
4548.316	24.972	-27.681	6.20807200433663e-11	1.39062772573871e-11	-1.39062772573871e-11
4595.589	20.323	-22.301	7.78278498280446e-11	1.74028358504868e-11	-1.74028358504868e-11
4644.848	21.211	-28.935	6.75154292693151e-11	1.52045304176479e-11	-1.52045304176479e-11
4700.076	28.655	-34.017	6.7451311385237e-11	1.35670879991858e-11	-1.35670879991858e-11
4937.319	14.305	-20.798	5.26953503880687e-11	1.18046850324887e-11	-1.18046850324887e-11
4963.904	12.793	-12.28	7.31095349776001e-11	1.64685997476695e-11	-1.64685997476695e-11
5015.307	40.357	-38.611	6.12184791031709e-11	1.37645997291757e-11	-1.37645997291757e-11
5070.165	13.079	-14.501	6.91092030525492e-11	1.52405709450815e-11	-1.52405709450815e-11
5097.385	15.947	-14.141	6.07557795738839e-11	1.33512810502777e-11	-1.33512810502777e-11
5129.267	11.646	-15.935	6.6085810798123e-11	1.44463400271086e-11	-1.44463400271086e-11
5157.830	13.171	-16.917	5.65117106982093e-11	1.27297908270786e-11	-1.27297908270786e-11
5181.564	12.003	-10.563	7.81304525337797e-11	1.71392762355301e-11	-1.71392762355301e-11
5210.861	12.793	-17.294	5.63572482784686e-11	1.26018613694905e-11	-1.26018613694905e-11
5239.262	11.973	-15.607	6.56487769804375e-11	1.40431975622544e-11	-1.40431975622544e-11
5261.798	12.003	-10.563	7.78983674208681e-11	1.70584168388791e-11	-1.70584168388791e-11
5295.723	30.729	-21.922	4.42950098575456e-11	8.45962096991266e-12	-8.45962096991266e-12
9157.035	44.290	-45.973	3.52050457240271e-11	7.94074658512971e-12	-7.94074658512971e-12
9269.597	54.587	-68.271	2.62098903009953e-11	5.76695788538948e-12	-5.76695788538948e-12
9357.876	36.513	-33.692	4.08916132168312e-11	9.19133059508659e-12	-9.19133059508659e-12
9432.838	51.814	-38.449	3.00701432847909e-11	6.75895669136752e-12	-6.75895669136752e-12
9526.997	37.889	-42.345	3.25079758078512e-11	7.35807015786589e-12	-7.35807015786589e-12
9596.918	38.174	-32.031	3.93425452483332e-11	8.62787774475999e-12	-8.62787774475999e-12
9666.039	31.735	-30.948	4.15792599864357e-11	9.39488470332686e-12	-9.39488470332686e-12
9747.390	43.155	-49.616	2.95511381549683e-11	6.71229506920564e-12	-6.71229506920564e-12
9862.202	31.143	-71.657	2.9707831509932e-11	6.56932815132699e-12	-6.56932815132699e-12
9931.055	32.496	-37.709	4.21914268535529e-11	9.46703501215457e-12	-9.46703501215457e-12
10026.374	44.992	-62.823	3.13846206758006e-11	6.47164332189829e-12	-6.47164332189829e-12
10108.205	35.872	-36.84	3.71641021884263e-11	8.36803320157583e-12	-8.36803320157583e-12
10225.742	46.209	-81.665	2.05285286375401e-11	4.6547077923389e-12	-4.6547077923389e-12
10334.145	65.679	-62.194	2.13266876936074e-11	4.70814115707082e-12	-4.70814115707082e-12
10428.895	38.627	-29.07	3.79726650669952e-11	8.56500288911747e-12	-8.56500288911747e-12
10528.377	67.018	-60.855	2.02523886063944e-11	4.54429243881148e-12	-4.54429243881148e-12
10628.382	39.726	-32.987	3.77812469668653e-11	8.29922089558153e-12	-8.29922089558153e-12
10719.898	68.561	-51.79	2.25837928001176e-11	4.99398370896532e-12	-4.99398370896532e-12
10837.060	51.692	-48.6	2.62052501849713e-11	5.89023380530027e-12	-5.89023380530027e-12
10934.104	42.405	-45.352	2.94135290829929e-11	6.64602013417165e-12	-6.64602013417165e-12
11057.806	51.591	-81.297	1.96153189949502e-11	4.43210503649408e-12	-4.43210503649408e-12
11192.750	69.576	-83.353	2.26549896165813e-11	4.46868607048982e-12	-4.46868607048982e-12
14974.073	62.008	-88.431	2.04522448137111e-11	4.59251267321017e-12	-4.59251267321017e-12
15073.799	40.009	-37.718	1.26514663380523e-11	2.82895417684859e-12	-2.82895417684859e-12
15145.642	23.327	-31.834	1.79472991193115e-11	4.017686557189e-12	-4.017686557189e-12
15216.178	22.996	-47.209	1.48947067737195e-11	3.2643679822289e-12	-3.2643679822289e-12
15272.634	31.730	-33.46	1.55152904181364e-11	3.47325577672852e-12	-3.47325577672852e-12
15349.526	45.099	-45.162	1.27999466530628e-11	2.67687819368755e-12	-2.67687819368755e-12
20583.307	40.005	-45.244	1.08472344936679e-11	2.43512350228041e-12	-2.43512350228041e-12
20690.222	45.919	-66.911	8.13339399539086e-12	1.82588659243043e-12	-1.82588659243043e-12
20779.373	52.046	-43.233	9.64654708412273e-12	2.16844114415043e-12	-2.16844114415043e-12
20880.674	35.994	-49.255	1.0870140879139e-11	2.43704811105162e-12	-2.43704811105162e-12
21005.920	88.764	-89.252	1.05729323976869e-11	1.67613645430344e-12	-1.67613645430344e-12
22063.829	24.832	-42.866	1.57244826746449e-11	3.53863722557484e-12	-3.53863722557484e-12
22157.797	83.810	-69.136	7.17775440662862e-12	1.57779777149189e-12	-1.57779777149189e-12
22324.796	79.787	-83.189	6.11034441191303e-12	1.37507143693174e-12	-1.37507143693174e-12
22462.096	65.347	-57.512	7.64410216240812e-12	1.73580098182593e-12	-1.73580098182593e-12
22564.412	40.757	-36.97	1.19308067160336e-11	2.69527094187435e-12	-2.69527094187435e-12
22699.797	112.828	-94.628	5.7686858906577e-12	1.24703442488134e-12	-1.24703442488134e-12
26416.574	86.284	-74.185	6.14422783780614e-12	1.38723628342245e-12	-1.38723628342245e-12
26597.092	53.697	-94.234	7.00718130743287e-12	1.53084518157288e-12	-1.53084518157288e-12
26747.748	86.075	-96.959	5.36602559059117e-12	1.21006575075476e-12	-1.21006575075476e-12
27122.693	1452.299	-288.87	4.84958909295057e-12	8.06175710663789e-13	-8.06175710663789e-13
32313.831	155.183	-180.797	2.06389942318645e-12	5.4052611892503e-13	-5.4052611892503e-13
32573.022	68.997	-104.008	5.81268409822802e-12	1.27139049381536e-12	-1.27139049381536e-12
32782.118	85.560	-140.099	3.2571076268775e-12	8.49281119953881e-13	-8.49281119953881e-13
32957.904	107.852	-90.226	4.10418858128953e-12	1.03553436602987e-12	-1.03553436602987e-12
33155.973	87.803	-90.217	5.91439823972164e-12	1.32790676523939e-12	-1.32790676523939e-12
33364.661	97.252	-120.885	3.41600203601911e-12	9.00585946850228e-13	-9.00585946850228e-13
33536.151	111.303	-74.239	4.1927812742448e-12	1.0655493130292e-12	-1.0655493130292e-12
33737.425	83.034	-89.971	5.37307380158917e-12	1.21731652863006e-12	-1.21731652863006e-12
33952.946	125.767	-132.487	2.7741615532219e-12	7.11648753802656e-13	-7.11648753802656e-13
34199.484	117.408	-120.771	3.05321324276226e-12	7.85693944511312e-13	-7.85693944511312e-13
38076.407	207.265	-266.618	2.27383952231853e-12	5.95406294522301e-13	-5.95406294522301e-13
38433.913	153.145	-150.24	3.58893303544337e-12	9.30986458295644e-13	-9.30986458295644e-13
38965.318	188.384	-378.26	2.42558226352324e-12	5.6266160649251e-13	-5.6266160649251e-13
43926.953	249.955	-233.954	2.44327678829075e-12	5.38137786135503e-13	-5.38137786135503e-13
110258.457	9055.820	-8790.085	6.76330280116678e-13	1.44901479155099e-13	-1.44901479155099e-13
161406.797	15148.225	-14193.281	5.20586328220327e-13	9.49230455927991e-14	-9.49230455927991e-14
221752.479	29620.231	-22761.772	2.27632017276769e-13	5.33031435929309e-14	-5.33031435929309e-14
354213.738	40980.481	-63578.456	1.91180266644772e-13	3.86284285150583e-14	-3.86284285150583e-14
511285.736	39067.451	-42961.388	7.57366217783022e-14	2.87415927852153e-14	-2.87415927852153e-14
652665.156	529.902	-17909.023	5.27812689808438e-14	3.02988556949277e-14	-2.23787874692473e-14
