READ TERR 1 2
! xrtwtflux
234.917	3.867	-3.609	2.15552588572554e-10	4.17425103107891e-11	-4.17891786487149e-11
241.541	2.086	-2.756	3.42617723951688e-10	6.26523414648719e-11	-6.27192238727434e-11
246.955	3.215	-3.328	2.50556321964531e-10	4.58205362423572e-11	-4.58715849483937e-11
253.363	2.520	-3.192	2.70716938703607e-10	5.24166070645607e-11	-5.24680010556206e-11
260.034	2.918	-4.151	2.12105772982883e-10	4.10669007186417e-11	-4.11061571416864e-11
266.536	3.121	-3.584	2.1234258086513e-10	4.2338788682351e-11	-4.23845396638924e-11
272.038	2.902	-2.381	2.74849119371937e-10	5.17114981048947e-11	-5.17677880890362e-11
NO NO NO NO NO NO
! xrtpcflux
334.965	3271.621	-54.072	1.27825723875928e-10	2.87776476680853e-11	-2.87776476680853e-11
3661.551	65.387	-54.964	1.51232327259802e-11	3.4006399873433e-12	-3.4006399873433e-12
3772.378	34.794	-45.44	1.31311484282451e-11	2.94967420534463e-12	-2.94967420534463e-12
3843.328	41.571	-36.156	1.34343963903698e-11	3.01779379220719e-12	-3.01779379220719e-12
3944.376	35.801	-59.477	1.08587011193933e-11	2.43363231659364e-12	-2.43363231659364e-12
4028.679	64.326	-48.503	9.00622582293056e-12	2.03006494613605e-12	-2.03006494613605e-12
4136.192	39.555	-43.186	1.30905628377506e-11	2.86593670284317e-12	-2.86593670284317e-12
4234.385	44.161	-58.639	1.02428109059614e-11	2.30879859637941e-12	-2.30879859637941e-12
4349.772	81.720	-71.226	7.01223618385716e-12	1.58060559038066e-12	-1.58060559038066e-12
4471.173	33.031	-39.681	1.45275036850976e-11	3.25960491035884e-12	-3.25960491035884e-12
4608.607	63.587	-104.403	6.13873110791482e-12	1.39010469759724e-12	-1.39010469759724e-12
4713.087	56.892	-40.894	1.03946345992602e-11	2.33496591033884e-12	-2.33496591033884e-12
4873.962	94.089	-103.983	9.67170332793038e-12	1.5813001142913e-12	-1.5813001142913e-12
9501.264	121.507	-136.746	3.3993681208209e-12	8.91489838250233e-13	-8.91489838250233e-13
9876.198	222.961	-253.428	1.86178388496232e-12	4.90520202590565e-13	-4.90520202590565e-13
10244.077	176.018	-144.917	2.79236342589013e-12	7.32301909005218e-13	-7.32301909005218e-13
10531.547	136.772	-111.452	4.9223900735664e-12	1.1097596583104e-12	-1.1097596583104e-12
10902.764	206.834	-234.445	3.60691247086273e-12	7.19831465678259e-13	-7.19831465678259e-13
15351.734	188.046	-275.807	1.85218023371237e-12	4.80875470903982e-13	-4.80875470903982e-13
15758.853	234.751	-219.072	1.88464568199036e-12	4.95330496700572e-13	-4.95330496700572e-13
16184.665	310.401	-191.061	1.71816622732633e-12	4.49311920921906e-13	-4.49311920921906e-13
17034.324	565.705	-539.258	1.25850843877364e-12	2.67968220391202e-13	-2.67968220391202e-13
21176.253	403.809	-416.082	9.94073091709834e-13	2.62217844109625e-13	-2.62217844109625e-13
30524.419	53862.542	-8944.358	2.99378893955077e-13	5.26793930872528e-14	-5.26793930872528e-14
NO NO NO NO NO NO
! batSNR4flux
0.200999964475632	0.04	-0.04	1.12985034915621e-07	2.66816194435058e-08	-2.66816194435058e-08
0.26099999666214	0.02	-0.02	1.32797989331647e-07	3.28309933116614e-08	-3.28309933116614e-08
0.300999958515167	0.02	-0.02	1.47777831587606e-07	3.18135054673671e-08	-3.18135054673671e-08
0.360999990701675	0.04	-0.04	8.13309503912934e-08	1.7910754014248e-08	-1.7910754014248e-08
0.420999963283539	0.02	-0.02	8.32838676673464e-08	1.89434992614791e-08	-1.89434992614791e-08
0.500999986330668	0.06	-0.06	3.77995355838148e-08	7.73029639574842e-09	-7.73029639574842e-09
0.580999989509583	0.02	-0.02	4.04977212973576e-08	9.23256547258856e-09	-9.23256547258856e-09
0.621000010967255	0.02	-0.02	3.40311873207813e-08	7.78828430203286e-09	-7.78828430203286e-09
0.680999983549118	0.04	-0.04	1.08327401647166e-08	4.35057813084618e-09	-4.35057813084618e-09
0.760999966859818	0.04	-0.04	1.66536560604281e-08	3.23891465891824e-09	-3.23891465891824e-09
0.840999979972839	0.04	-0.04	1.1414595292545e-08	2.17039142088764e-09	-2.17039142088764e-09
0.920999993085861	0.04	-0.04	6.87460635036142e-09	1.60708743136302e-09	-1.60708743136302e-09
0.980999965667725	0.02	-0.02	1.24754668348703e-08	2.82650408492385e-09	-2.82650408492385e-09
1.04099999785423	0.04	-0.04	1.04329997921272e-08	2.31255402245333e-09	-2.31255402245333e-09
1.12099998116493	0.04	-0.04	1.11660995393718e-08	2.92771532775276e-09	-2.92771532775276e-09
1.20099996447563	0.04	-0.04	1.49445657518289e-08	3.69589512126638e-09	-3.69589512126638e-09
1.26099999666214	0.02	-0.02	2.75653305996792e-08	6.34812332899962e-09	-6.34812332899962e-09
1.30099995851517	0.02	-0.02	3.13379198872367e-08	7.20572199504336e-09	-7.20572199504336e-09
1.36099999070168	0.04	-0.04	2.64903894358065e-08	5.52570008517414e-09	-5.52570008517414e-09
1.44099997401237	0.04	-0.04	2.75145262212995e-08	7.20961789176661e-09	-7.20961789176661e-09
1.5209999871254	0.04	-0.04	4.05188851085232e-08	9.01043883016871e-09	-9.01043883016871e-09
1.58099998950958	0.02	-0.02	7.16300403379132e-08	1.35471999894375e-08	-1.35471999894375e-08
1.62100001096725	0.02	-0.02	5.72738021090348e-08	1.26920116881428e-08	-1.26920116881428e-08
1.66099997282028	0.02	-0.02	5.05755013476433e-08	1.14668033653633e-08	-1.14668033653633e-08
1.70099999427795	0.02	-0.02	4.97064509673213e-08	1.05177542450064e-08	-1.05177542450064e-08
1.76099996685982	0.04	-0.04	3.70404502581652e-08	6.7387189169425e-09	-6.7387189169425e-09
1.82099999904633	0.02	-0.02	3.4249955399128e-08	8.01247044743252e-09	-8.01247044743252e-09
1.86099996089935	0.02	-0.02	3.1052101085359e-08	7.31894689666045e-09	-7.31894689666045e-09
1.90099998235703	0.02	-0.02	3.67617042669243e-08	7.996038854875e-09	-7.996038854875e-09
1.9410000038147	0.02	-0.02	2.64447931469373e-08	1.08833566848306e-08	-1.08833566848306e-08
1.98099996566772	0.02	-0.02	5.55994434192318e-08	1.3245715115492e-08	-1.3245715115492e-08
2.04099999785423	0.04	-0.04	5.40632669067879e-08	1.23679454045211e-08	-1.23679454045211e-08
2.12099998116493	0.04	-0.04	7.91650125239128e-08	1.96543408438079e-08	-1.96543408438079e-08
2.20099996447563	0.04	-0.04	1.34247277041751e-07	3.15310435467258e-08	-3.15310435467258e-08
2.28099997758865	0.04	-0.04	2.20677613549919e-07	4.61289679935855e-08	-4.61289679935855e-08
2.3809999815623	0.06	-0.06	1.64170258281581e-07	3.86999737910601e-08	-3.86999737910601e-08
2.50099998633067	0.06	-0.06	1.92288230022959e-07	4.01783776349687e-08	-4.01783776349687e-08
2.64099999189377	0.08	-0.08	1.32624639673637e-07	3.55447315423214e-08	-3.55447315423214e-08
2.82099997520447	0.1	-0.1	1.57027124961612e-07	3.4425653032007e-08	-3.4425653032007e-08
3.0209999871254	0.1	-0.1	1.65907798734019e-07	3.58426135535529e-08	-3.58426135535529e-08
3.16099997282028	0.04	-0.04	1.92061422326474e-07	4.06820146288216e-08	-4.06820146288216e-08
3.28099997758865	0.08	-0.08	9.43792864379225e-08	2.11215635115955e-08	-2.11215635115955e-08
3.44099998891354	0.08	-0.08	5.35037221674684e-08	1.32804559237585e-08	-1.32804559237585e-08
3.64099998195966	0.12	-0.12	2.44231052554999e-08	6.54321543651477e-09	-6.54321543651477e-09
3.78099997758865	0.02	-0.02	6.30111495690127e-08	1.06843528096422e-08	-1.06843528096422e-08
3.98099998553594	0.18	-0.18	9.80628931244019e-09	2.10862381606255e-09	-2.10862381606255e-09
4.22099997520447	0.06	-0.06	1.8652399898901e-08	4.14431288206023e-09	-4.14431288206023e-09
4.40099998235702	0.12	-0.12	1.34274609974848e-08	5.08935011537929e-09	-5.08935011537929e-09
4.60099998533726	0.08	-0.08	4.49693715396406e-08	1.08316295654746e-08	-1.08316295654746e-08
4.7409999759992	0.06	-0.06	7.50437510202723e-08	1.86557111179535e-08	-1.86557111179535e-08
4.82099999904633	0.02	-0.02	1.32257817060415e-07	3.27196664713896e-08	-3.27196664713896e-08
4.90099998235702	0.06	-0.06	7.98497873435556e-08	1.73258177819047e-08	-1.73258177819047e-08
5.0209999871254	0.06	-0.06	6.05480791242742e-08	1.68261690115439e-08	-1.68261690115439e-08
5.12099998116493	0.04	-0.04	1.00836513282129e-07	1.95147854586205e-08	-1.95147854586205e-08
5.28099997758865	0.04	-0.04	7.28508018061434e-08	1.7338514459773e-08	-1.7338514459773e-08
5.48099998801947	0.16	-0.16	6.22855774530603e-08	1.16235123467374e-08	-1.16235123467374e-08
5.68099998354912	0.04	-0.04	1.22208582368857e-07	3.01752664962677e-08	-3.01752664962677e-08
5.86099998076757	0.06	-0.06	1.75364406899943e-07	3.49492936537012e-08	-3.49492936537012e-08
5.9410000038147	0.02	-0.02	3.33233815079646e-07	7.47877882991943e-08	-7.47877882991943e-08
6.14099997864829	0.18	-0.18	1.62323999605714e-07	4.11263005419873e-08	-4.11263005419873e-08
6.3809999815623	0.06	-0.06	5.93515092237755e-07	1.31168482542565e-07	-1.31168482542565e-07
6.76099998548627	0.32	-0.32	8.04334239749878e-07	1.44342524229933e-07	-1.44342524229933e-07
7.42099998081431	0.34	-0.34	3.04162072320104e-07	1.05840496214296e-07	-1.05840496214296e-07
7.86099998474121	0.1	-0.1	3.39245663099608e-07	8.27937883509934e-08	-8.27937883509934e-08
8.00099997639656	0.04	-0.04	4.32058640928571e-07	9.74024607509575e-08	-9.74024607509575e-08
8.34099997997284	0.06	-0.06	1.80905874190651e-07	4.50887846024825e-08	-4.50887846024825e-08
8.64099998195966	0.24	-0.24	6.96467237595168e-08	1.53161670770817e-08	-1.53161670770817e-08
8.96099998474121	0.08	-0.08	1.01876512088401e-07	2.35053274540162e-08	-2.35053274540162e-08
9.2809999825557	0.24	-0.24	4.99444641723167e-08	1.16184070667353e-08	-1.16184070667353e-08
9.76099998176098	0.24	-0.24	3.29095248792451e-08	9.56086604398793e-09	-9.56086604398793e-09
