READ TERR 1 2
! xrtwtflux
100.184	2.304	-2.411	8.05684101034361e-10	1.37479705200576e-10	-1.40602105477464e-10
105.774	2.526	-3.286	5.18750139126218e-10	1.01961409580161e-10	-1.0320558201993e-10
110.590	1.823	-2.29	6.85481101591732e-10	1.38480242002127e-10	-1.39621720587497e-10
115.807	2.257	-3.394	5.28614268695261e-10	9.71952973768582e-11	-9.78557777891535e-11
121.669	2.300	-3.605	4.61593252940067e-10	9.28728676957228e-11	-9.32491700284834e-11
126.546	1.577	-2.577	6.8331096180464e-10	1.29166021956646e-10	-1.29677393259472e-10
130.820	2.775	-2.697	5.25969376771361e-10	1.02456933931767e-10	-1.02776884064847e-10
136.858	2.638	-3.263	5.39698713262035e-10	1.01848024965675e-10	-1.02096853015827e-10
143.470	3.624	-3.973	4.15538245926112e-10	7.83934374414384e-11	-7.85648843587277e-11
150.515	2.637	-3.421	5.13929730766992e-10	9.69275419549472e-11	-9.71171760784402e-11
155.717	2.490	-2.566	5.7781547610051e-10	1.08966930685965e-10	-1.09172695101654e-10
160.443	3.191	-2.236	4.98304692695082e-10	9.69210052380161e-11	-9.7098044562486e-11
167.032	2.606	-3.398	4.47439514970221e-10	8.43727041721367e-11	-8.45264428477324e-11
173.511	3.376	-3.873	3.56209568140346e-10	6.71846218174173e-11	-6.73187350889e-11
180.256	4.019	-3.37	3.38067248737329e-10	6.37544462144827e-11	-6.38751774512071e-11
188.844	3.030	-4.569	3.48845634639383e-10	6.38272657557957e-11	-6.39635286943988e-11
196.031	3.323	-4.157	3.6193134027473e-10	6.82655994325125e-11	-6.84032726700899e-11
202.696	3.525	-3.343	4.00751483131802e-10	7.55942003828241e-11	-7.57518160936833e-11
208.506	2.200	-2.285	6.14709944094578e-10	1.12493193342731e-10	-1.1275056664391e-10
213.971	2.007	-3.265	5.13694831732151e-10	9.39841598451525e-11	-9.41808421092471e-11
220.256	3.870	-4.278	3.35775684782027e-10	6.14441766038968e-11	-6.15822744129577e-11
226.938	2.771	-2.811	4.86304949526428e-10	9.17543168363255e-11	-9.19635299698997e-11
232.784	3.853	-3.075	4.0161252607504e-10	7.57823129136539e-11	-7.59613408246306e-11
240.204	2.909	-3.567	4.48707447623183e-10	8.468536984902e-11	-8.48996168762067e-11
245.824	3.112	-2.711	4.96269286826739e-10	9.96252918543585e-11	-9.98225256130117e-11
252.140	3.382	-3.204	4.5744941948338e-10	9.48001999546084e-11	-9.49812594644048e-11
259.030	3.849	-3.508	4.81501588251211e-10	8.81072333197486e-11	-8.83020953789083e-11
266.286	3.121	-3.407	5.19893783806118e-10	9.81070773043339e-11	-9.83438518554783e-11
NO NO NO NO NO NO
! xrtpcflux
281.678	15.634	-9.439	3.98266772806644e-10	8.93493732341577e-11	-8.93493732341577e-11
320.408	12.005	-23.097	2.15626840009347e-10	4.86158218534072e-11	-4.86158218534072e-11
343.157	9.315	-10.743	3.35556311721101e-10	7.50326746064661e-11	-7.50326746064661e-11
364.202	8.328	-11.73	2.87935424239044e-10	6.4597029976207e-11	-6.4597029976207e-11
383.990	11.107	-11.459	2.99242491235407e-10	6.37987191905867e-11	-6.37987191905867e-11
404.725	10.430	-9.629	3.53425264668233e-10	7.91586308954218e-11	-7.91586308954218e-11
433.106	9.630	-17.951	3.39583130215525e-10	7.25079026990817e-11	-7.25079026990817e-11
451.860	10.934	-9.124	3.9575255593924e-10	8.84929744248661e-11	-8.84929744248661e-11
476.732	18.657	-13.938	2.27674836087258e-10	5.10778216518482e-11	-5.10778216518482e-11
509.671	20.821	-14.282	1.97458153956144e-10	4.33608477333154e-11	-4.33608477333154e-11
546.708	16.378	-16.217	2.02396922953542e-10	4.33457981287061e-11	-4.33457981287061e-11
577.593	10.567	-14.506	2.26622731144871e-10	5.0925906776363e-11	-5.0925906776363e-11
596.776	11.443	-8.616	2.99213735408774e-10	6.7127271184245e-11	-6.7127271184245e-11
636.852	19.005	-28.634	1.27629852100573e-10	2.86331897692787e-11	-2.86331897692787e-11
669.457	16.488	-13.599	1.91006497845873e-10	4.29934826720299e-11	-4.29934826720299e-11
695.154	10.849	-9.209	2.98438479963163e-10	6.39142812829512e-11	-6.39142812829512e-11
722.640	23.480	-16.637	1.45380401176254e-10	3.10882690975687e-11	-3.10882690975687e-11
766.837	21.908	-20.717	1.31567225306937e-10	2.88460121912986e-11	-2.88460121912986e-11
812.223	24.161	-23.478	1.19789496848879e-10	2.63051893413879e-11	-2.63051893413879e-11
857.348	21.660	-20.964	1.39791711134382e-10	3.06975894950156e-11	-3.06975894950156e-11
912.729	21.440	-33.721	1.13280669540698e-10	2.48758846926596e-11	-2.48758846926596e-11
953.025	18.753	-18.856	1.68085128574659e-10	3.6852543496428e-11	-3.6852543496428e-11
1002.280	24.659	-30.502	1.11579463477771e-10	2.45023179688587e-11	-2.45023179688587e-11
1051.685	25.401	-24.745	1.22515457376907e-10	2.62382052064835e-11	-2.62382052064835e-11
1113.053	41.759	-35.967	7.24451711988681e-11	1.62527493897384e-11	-1.62527493897384e-11
1176.322	21.115	-21.509	1.32473304675195e-10	2.97689750323478e-11	-2.97689750323478e-11
1211.901	18.131	-14.464	1.91704932712185e-10	4.19650463113552e-11	-4.19650463113552e-11
1267.026	28.197	-36.993	1.0902626796574e-10	2.33142793386725e-11	-2.33142793386725e-11
1318.201	37.197	-22.979	1.15046096749625e-10	2.53435306816329e-11	-2.53435306816329e-11
1386.511	34.077	-31.113	9.66211356690183e-11	2.11507937600457e-11	-2.11507937600457e-11
1455.847	29.931	-35.259	8.77507057337221e-11	1.9269624263102e-11	-1.9269624263102e-11
1518.711	39.780	-32.932	7.84655137487157e-11	1.77499549229735e-11	-1.77499549229735e-11
1586.618	24.527	-28.127	1.1601133412355e-10	2.60266185917332e-11	-2.60266185917332e-11
1662.825	41.090	-51.681	6.94935647928474e-11	1.55905713222599e-11	-1.55905713222599e-11
1771.422	47.830	-67.506	5.92009954520905e-11	1.30002488510896e-11	-1.30002488510896e-11
1891.496	65.648	-72.244	5.88710405062634e-11	1.1915441096226e-11	-1.1915441096226e-11
5320.936	127.121	-86.001	1.03913177731181e-11	2.33651921030038e-12	-2.33651921030038e-12
5581.420	132.413	-133.363	8.37878840865701e-12	1.88699975304775e-12	-1.88699975304775e-12
5856.436	170.811	-142.603	5.22441145954782e-12	1.37358508240682e-12	-1.37358508240682e-12
6246.267	335.096	-219.021	2.95517714526995e-12	7.79478656423686e-13	-7.79478656423686e-13
6792.376	192.665	-211.013	3.96992954004697e-12	1.04264081847955e-12	-1.04264081847955e-12
7300.835	431.371	-315.794	3.35539199951643e-12	7.17574104474142e-13	-7.17574104474142e-13
11627.455	858.467	-605.804	9.17860784280685e-13	2.43974785294065e-13	-2.43974785294065e-13
12978.871	547.572	-492.949	1.37560727954752e-12	3.525755447066e-13	-3.525755447066e-13
20699.324	10171.425	-3900.402	3.69014458964693e-13	9.63358282441066e-14	-9.63358282441066e-14
65185.607	113859.195	-31143.054	1.87151863846685e-14	8.95767683655068e-15	-7.2390367549446e-15
NO NO NO NO NO NO
! batSNR4flux
0.0210000169277191	0.02	-0.02	1.33325666098855e-06	1.84734596837043e-07	-1.84734596837043e-07
0.0610000085830689	0.02	-0.02	8.70825887449806e-07	1.27288299859727e-07	-1.27288299859727e-07
0.101000000238419	0.02	-0.02	2.71435386921064e-07	5.99554107663503e-08	-5.99554107663503e-08
0.161000017523766	0.04	-0.04	5.10187258519229e-08	2.43928313528367e-08	-2.43928313528367e-08
0.22100000500679	0.02	-0.02	1.07988672234912e-07	2.25571471804375e-08	-2.25571471804375e-08
0.26099999666214	0.02	-0.02	5.22616751461896e-08	1.02878934671359e-08	-1.02878934671359e-08
0.301000018119812	0.02	-0.02	5.55381944150085e-08	9.53557889023919e-09	-9.53557889023919e-09
