READ TERR 1 2
! xrtwtslewflux
119.674085962882	0.294307022087807	-0.273222987864187	2.89156898507312e-08	3.74260379354603e-09	-3.55158848587719e-09
120.203996248783	0.209167727989239	-0.235603263812763	4.04899466619264e-08	6.0214467751425e-09	-5.55184330881999e-09
120.656856576627	0.31850240317786	-0.243692599855152	3.07907394689874e-08	5.19835331516145e-09	-8.07401661984379e-09
121.277888956864	0.329052044653622	-0.302529977059365	2.70429548851436e-08	3.52325065475075e-09	-3.80869833617283e-09
121.933239374505	0.321305615661274	-0.326298372986727	2.18345672241405e-08	2.93604149943668e-09	-3.5874124169045e-09
122.594924990615	0.355246019981749	-0.340380000449258	2.50210828069523e-08	4.36507791164013e-09	-5.4922220767501e-09
123.406575332266	0.372671670438947	-0.456404321669055	2.19684368036297e-08	3.19573582164096e-09	-3.01785985807388e-09
124.228276237053	0.358696791233143	-0.449029234347847	2.01445812725091e-08	2.8980265042968e-09	-2.59166606881104e-09
124.883456546834	0.292373476558083	-0.296483518547916	2.47302259553576e-08	3.42196359190414e-09	-3.0197310207756e-09
125.530778986272	0.287440990256215	-0.354948962879789	2.15169032840349e-08	2.96626712390103e-09	-2.60503691971207e-09
126.15146610437	0.346369906189054	-0.333246127841946	1.93112410091175e-08	2.50819867558286e-09	-2.34686047421573e-09
127.167227360638	0.63202765282783	-0.669391350079167	1.85836974366756e-08	1.69881167148132e-09	-1.62143584375642e-09
NO NO NO NO NO NO
! xrtwtflux
133.531	0.377	-0.553	1.54864816302029e-08	2.02138652504233e-09	-1.9590197016015e-09
134.270	0.373	-0.362	2.00772171063541e-08	2.63397813789269e-09	-2.54907468746004e-09
134.993	0.328	-0.35	2.19869369367873e-08	2.86152890884805e-09	-2.78084817232124e-09
135.637	0.339	-0.316	2.35124243097572e-08	3.00049175822505e-09	-2.90791941142678e-09
136.432	0.354	-0.456	1.96556618386151e-08	2.51925465952301e-09	-2.41466327911341e-09
137.207	0.420	-0.422	1.86150329064681e-08	2.51068927810173e-09	-2.33993634373476e-09
138.031	0.380	-0.404	1.97759488799794e-08	2.66028694494748e-09	-2.54091641864144e-09
138.828	0.356	-0.416	2.02547966237861e-08	2.65154281465944e-09	-2.59167716280689e-09
139.545	0.321	-0.362	2.21796924598342e-08	2.87631609928876e-09	-2.77781730830577e-09
140.105	0.266	-0.238	2.9884842631289e-08	3.86706159035034e-09	-3.65663036033551e-09
140.808	0.408	-0.438	1.59014920359706e-08	2.16550229657191e-09	-2.0412977481553e-09
141.536	0.377	-0.321	2.04794872874376e-08	2.62396077895123e-09	-2.53175860173507e-09
142.267	0.324	-0.354	2.17505195943317e-08	2.87866075162344e-09	-2.82386743297127e-09
142.938	0.309	-0.348	2.40121690214069e-08	3.17936367148093e-09	-3.04111273811242e-09
143.554	0.333	-0.307	2.52998208402054e-08	3.64623133302368e-09	-3.20262228238635e-09
144.388	0.429	-0.5	1.77257817954261e-08	2.35153683393384e-09	-2.24553818174652e-09
145.159	0.353	-0.343	2.39631735217865e-08	3.14538184666139e-09	-3.03351957837737e-09
145.909	0.370	-0.397	2.15861923965841e-08	3.18470456155985e-09	-2.79436665123278e-09
146.616	0.317	-0.338	2.65063576551386e-08	3.83286025403265e-09	-3.24371009705852e-09
147.335	0.367	-0.402	2.20604890578978e-08	3.13446782998188e-09	-2.79067961644615e-09
148.135	0.405	-0.433	2.06629543378252e-08	2.6338256989707e-09	-2.55880612227372e-09
148.903	0.403	-0.363	2.19577245623508e-08	2.85443192326715e-09	-2.74662628937172e-09
149.800	0.501	-0.493	1.55862349288691e-08	2.08990161711057e-09	-2.0386598404026e-09
150.644	0.385	-0.343	2.11351670207367e-08	2.75274689856913e-09	-2.64076085232006e-09
151.398	0.437	-0.369	1.87475790669785e-08	2.6994309524539e-09	-2.31763635945972e-09
152.203	0.363	-0.368	2.13197370641429e-08	3.15723090991803e-09	-2.63650338856621e-09
152.977	0.411	-0.411	1.92006373895733e-08	2.82558595234357e-09	-2.42797240684748e-09
153.888	0.475	-0.5	1.71503553441275e-08	2.3925751411612e-09	-2.14338424062705e-09
154.685	0.349	-0.322	2.57792525269841e-08	3.39498735696228e-09	-3.29539173968281e-09
155.364	0.328	-0.33	2.70647856905196e-08	3.73585350922581e-09	-3.36877883716709e-09
156.129	0.426	-0.436	2.01822845406811e-08	2.93174151539883e-09	-2.60745702812306e-09
156.990	0.350	-0.435	2.20067609712946e-08	3.16507165448514e-09	-2.81107522156353e-09
157.759	0.449	-0.419	1.95273428913466e-08	2.59281580353197e-09	-2.41918649889652e-09
158.658	0.374	-0.45	1.90500899291494e-08	2.51464047498543e-09	-2.46307517144505e-09
159.535	0.335	-0.503	1.8945229733188e-08	2.51609414804582e-09	-2.34796474977023e-09
160.292	0.501	-0.422	1.71311580025962e-08	2.42220330825617e-09	-2.20284135386241e-09
161.203	0.470	-0.41	1.82964911079162e-08	2.51481156210476e-09	-2.36855075250511e-09
162.098	0.341	-0.424	2.15525484093923e-08	2.90625286844497e-09	-2.79919536369578e-09
162.850	0.430	-0.412	1.88183296168242e-08	2.50908529272797e-09	-2.41252543426553e-09
163.643	0.505	-0.363	1.7750843671631e-08	2.31162139122283e-09	-2.22268274142638e-09
164.589	0.401	-0.441	1.77044215776944e-08	2.31255908947095e-09	-2.21794007355814e-09
165.372	0.444	-0.382	1.96658039862815e-08	3.07050227158124e-09	-2.45256069703858e-09
166.237	0.429	-0.421	1.93961312823544e-08	2.81066906443281e-09	-2.46161240646954e-09
167.007	0.338	-0.342	2.53311026724788e-08	3.77728581365292e-09	-3.14379663315758e-09
167.887	0.471	-0.541	1.60246948759345e-08	2.67360062967815e-09	-2.03753964997818e-09
168.895	0.434	-0.538	1.59225179267358e-08	2.5018231920122e-09	-2.02258445808659e-09
169.876	0.451	-0.547	1.45219336278822e-08	2.26135986131475e-09	-1.90588540706131e-09
170.697	0.397	-0.37	1.92207928726349e-08	2.98820648757121e-09	-2.44921236587669e-09
171.509	0.353	-0.415	1.88133572255959e-08	2.59643811799041e-09	-2.42136369142465e-09
172.339	0.490	-0.476	1.49858796008808e-08	1.94785221831275e-09	-1.87507449589372e-09
173.422	0.609	-0.593	1.17923637656405e-08	1.79735545653163e-09	-1.46636064217364e-09
174.675	0.431	-0.643	1.26600733454742e-08	2.11441623242758e-09	-1.58778200715024e-09
175.722	0.502	-0.616	1.2357187750017e-08	1.99810451368022e-09	-1.59045094718032e-09
176.784	0.490	-0.561	1.3922493010537e-08	2.04482341140106e-09	-1.77644270101332e-09
177.742	0.572	-0.467	1.30360256603751e-08	1.806620041859e-09	-1.69332215540937e-09
178.985	0.551	-0.671	9.75313881985969e-09	1.32680236681168e-09	-1.19653608795687e-09
180.001	0.512	-0.465	1.16959900167508e-08	1.7336902992002e-09	-1.45433324831451e-09
180.960	0.419	-0.447	1.382917443085e-08	2.00371092697269e-09	-1.78061408909618e-09
181.950	0.623	-0.571	1.0373612364331e-08	1.66061338370328e-09	-1.37724658947401e-09
183.047	0.483	-0.474	1.39397038771265e-08	2.20496317990229e-09	-1.73227832170645e-09
184.061	0.455	-0.53	1.35569404158566e-08	2.22975616939846e-09	-1.72164981455305e-09
185.009	0.510	-0.494	1.36376873659625e-08	2.11685842822678e-09	-1.69135583187254e-09
185.878	0.427	-0.359	1.70712136834126e-08	2.60487600459971e-09	-2.19521774285559e-09
186.720	0.363	-0.414	1.78831475686237e-08	2.45926433978205e-09	-2.24906237302126e-09
187.502	0.465	-0.419	1.48236106934869e-08	2.01786222324704e-09	-1.93899226230769e-09
188.505	0.548	-0.537	1.18339109138079e-08	1.61270080157091e-09	-1.53392696574259e-09
189.579	0.532	-0.527	1.26557886317951e-08	1.69730034712194e-09	-1.59033342914867e-09
190.641	0.524	-0.53	1.30004476404096e-08	1.76825277455035e-09	-1.61574157750397e-09
191.802	0.688	-0.638	1.03180159109848e-08	1.59984279147391e-09	-1.28359470331543e-09
193.064	0.590	-0.574	1.1149639672715e-08	1.43330594573047e-09	-1.37832318893794e-09
194.168	0.581	-0.515	1.09115554590345e-08	1.4494206397519e-09	-1.41079412583764e-09
195.309	0.637	-0.56	9.90460045353072e-09	1.36660559970741e-09	-1.24567276640619e-09
196.459	0.600	-0.512	1.0254324386515e-08	1.35313387954015e-09	-1.28209001727901e-09
197.576	0.565	-0.517	1.03229428324781e-08	1.34256455738228e-09	-1.29146937175849e-09
198.680	0.529	-0.54	1.08306117197241e-08	1.43411890104245e-09	-1.33244187816765e-09
199.741	0.550	-0.532	1.01477627933692e-08	1.43651457831604e-09	-1.2778963143416e-09
200.815	0.578	-0.524	9.45723409801748e-09	1.21011804199045e-09	-1.16890369905771e-09
201.957	0.619	-0.564	8.67929337522554e-09	1.15173383064862e-09	-1.08577964484144e-09
203.114	0.446	-0.538	1.10320433514663e-08	1.45063594959359e-09	-1.38043961144309e-09
204.048	0.453	-0.489	1.16718653543689e-08	1.56118848432473e-09	-1.49700970115013e-09
205.175	0.546	-0.675	9.1336361072041e-09	1.20368742632693e-09	-1.15723471443975e-09
206.302	0.526	-0.581	1.00514267573861e-08	1.32555047206905e-09	-1.28500402406e-09
207.420	0.611	-0.592	9.15657398824457e-09	1.25487874149769e-09	-1.20086946549079e-09
208.681	0.516	-0.651	9.90032637129375e-09	1.36591571736161e-09	-1.23191008969856e-09
209.800	0.641	-0.603	9.09378127466042e-09	1.22748816404121e-09	-1.15240214636841e-09
210.905	0.532	-0.464	1.13000229742557e-08	1.50824536888941e-09	-1.41756688846335e-09
211.964	0.507	-0.527	1.06188738809332e-08	1.44696483390575e-09	-1.30669495931965e-09
212.932	0.546	-0.461	9.85097854076979e-09	1.46640392175477e-09	-1.34281318209524e-09
214.144	0.820	-0.666	7.23167111487586e-09	9.79881935502967e-10	-9.15675819056891e-10
215.724	0.667	-0.76	7.46259136043291e-09	9.95377160193009e-10	-9.44287304468984e-10
217.083	0.683	-0.693	7.32311469634639e-09	1.04201433187937e-09	-9.43492256912775e-10
218.524	0.801	-0.758	6.38675301661149e-09	8.7185980675671e-10	-7.8652485478815e-10
219.813	0.568	-0.489	9.38095044290364e-09	1.23117992798264e-09	-1.17455596805357e-09
221.016	0.602	-0.635	8.38670609295341e-09	1.06020853455871e-09	-1.02603417786641e-09
222.190	0.584	-0.573	9.1775472464169e-09	1.31017462423523e-09	-1.13544735542129e-09
223.409	0.511	-0.635	9.47348678787879e-09	1.2867393860624e-09	-1.17072503766937e-09
224.458	0.576	-0.538	9.34022460241403e-09	1.19823254657298e-09	-1.16780560473355e-09
225.556	0.562	-0.523	9.38553194019384e-09	1.20884136032663e-09	-1.15954510247037e-09
226.660	0.666	-0.542	9.38876210527067e-09	1.21864760178192e-09	-1.17357807718021e-09
227.974	0.469	-0.647	1.17698397203917e-08	1.54918962741174e-09	-1.45894043627545e-09
229.015	0.560	-0.573	1.0893501955579e-08	1.39919042259531e-09	-1.36171503732678e-09
230.151	0.629	-0.575	9.05828883788027e-09	1.26139190955457e-09	-1.14135502726119e-09
231.586	0.750	-0.806	6.47706444397913e-09	8.53643958235334e-10	-8.09926166530395e-10
232.876	0.610	-0.539	9.01513949697484e-09	1.26871096259695e-09	-1.14057428321856e-09
234.282	0.647	-0.796	7.4280559799044e-09	9.73460165739846e-10	-9.39239095015119e-10
235.259	0.280	-0.33	7.06370072900948e-09	8.74450485754043e-10	-8.74452617077277e-10
235.791	0.336	-0.251	6.88140824236889e-09	8.40948152932172e-10	-8.41190570038574e-10
236.419	0.266	-0.293	7.12913872370811e-09	8.82353827871563e-10	-8.82604163528188e-10
236.987	0.269	-0.302	6.87987192293537e-09	8.40817374899257e-10	-8.41073949826637e-10
237.573	0.302	-0.317	5.94213597180117e-09	7.4498889037659e-10	-7.45215439343902e-10
238.146	0.335	-0.27	6.11120093830711e-09	7.46948987305959e-10	-7.47188916641691e-10
238.829	0.327	-0.349	5.58735070921737e-09	6.82914653294643e-10	-6.83133302222872e-10
239.423	0.254	-0.267	4.90626823338075e-09	7.45561204034048e-10	-7.45713171836855e-10
239.941	0.292	-0.263	7.16030368460511e-09	8.68644793936936e-10	-8.68915047514016e-10
240.526	0.268	-0.294	6.73573330953853e-09	8.23159931133312e-10	-8.2340170063072e-10
241.143	0.319	-0.348	5.60770191260467e-09	7.02929781614702e-10	-7.0311318531128e-10
241.742	0.332	-0.28	6.6044837938069e-09	8.17346744275467e-10	-8.17553246395747e-10
242.429	0.337	-0.355	5.97966902681758e-09	7.59173282987596e-10	-7.59334132676662e-10
243.061	0.353	-0.295	6.3593755758014e-09	8.07410787312818e-10	-8.07598382494971e-10
243.776	0.367	-0.363	5.52661655797152e-09	7.01699022107333e-10	-7.01871099733131e-10
244.434	0.318	-0.291	6.45610700798806e-09	7.989758792193e-10	-7.99173933814924e-10
245.082	0.329	-0.331	5.88049958591225e-09	7.27785820283609e-10	-7.2798359423503e-10
245.719	0.284	-0.308	6.85150331942101e-09	8.8131091263032e-10	-8.81547735671128e-10
246.342	0.294	-0.338	6.76769219937506e-09	8.37664333793919e-10	-8.37913609397467e-10
246.897	0.244	-0.261	8.49270780412445e-09	1.03791222292483e-09	-1.03822523963855e-09
247.401	0.286	-0.26	7.68059891770439e-09	9.50682707047833e-10	-9.50970428648657e-10
247.929	0.265	-0.242	8.78772175948538e-09	1.05800603065325e-09	-1.0583446835195e-09
248.484	0.311	-0.29	6.8035031970052e-09	8.42085974625178e-10	-8.42333530342064e-10
249.059	0.266	-0.264	7.86450971342097e-09	9.73392368198247e-10	-9.73674918255632e-10
249.608	0.241	-0.282	5.3335023655625e-09	8.26064599045029e-10	-8.26219379745618e-10
250.152	0.282	-0.303	7.12073420251061e-09	9.15964365057658e-10	-9.16215284253647e-10
250.765	0.291	-0.331	6.53472820777638e-09	8.08807199847106e-10	-8.09042276440139e-10
251.361	0.342	-0.304	5.60706184639803e-09	6.94042296288074e-10	-6.9425446811313e-10
251.969	0.243	-0.266	6.62716703175406e-09	8.20296901665958e-10	-8.20545259377982e-10
252.462	0.264	-0.251	6.77259833047291e-09	8.27676193545726e-10	-8.27921234386128e-10
252.991	0.250	-0.266	4.51123875467171e-09	6.98666578222756e-10	-6.98785074738031e-10
253.557	0.376	-0.316	5.11887466200469e-09	6.33489984204723e-10	-6.33649060297242e-10
254.201	0.348	-0.268	5.75430933624866e-09	7.12127008663222e-10	-7.12304486282738e-10
254.904	0.343	-0.355	5.11210153314579e-09	6.40837778625189e-10	-6.4101322747838e-10
255.539	0.321	-0.292	5.90203579700635e-09	7.39985905987237e-10	-7.40213255591836e-10
256.178	0.293	-0.318	5.94323252287084e-09	7.54784272600996e-10	-7.55011598961606e-10
256.826	0.377	-0.356	5.00681802181614e-09	6.27681186519823e-10	-6.27864504477479e-10
257.514	0.258	-0.311	4.66069068530755e-09	6.70571011884245e-10	-6.70706432923578e-10
258.043	0.258	-0.27	4.63530147880543e-09	6.835219045512e-10	-6.83634230893061e-10
258.570	0.316	-0.269	4.66996303350959e-09	6.65003231521309e-10	-6.65111463870868e-10
259.219	0.387	-0.332	5.09065420420659e-09	6.22032650694935e-10	-6.22181887275385e-10
259.922	0.263	-0.317	6.08410964179991e-09	7.52992241235061e-10	-7.53199086819756e-10
260.507	0.306	-0.322	3.75571053175732e-09	5.60006318974339e-10	-5.60121091480959e-10
261.135	0.373	-0.321	3.31305380160737e-09	5.03428482926428e-10	-5.03525815314657e-10
261.790	0.249	-0.282	4.2208425096492e-09	6.41352744868234e-10	-6.41472142925075e-10
262.329	0.315	-0.29	3.61121855400205e-09	5.48696188747075e-10	-5.48789994806464e-10
262.938	0.275	-0.294	3.66603061888038e-09	5.6774366503127e-10	-5.67829509790566e-10
263.501	0.378	-0.287	3.21683445905695e-09	4.79589907303813e-10	-4.79664424596301e-10
264.162	0.256	-0.283	3.98667324402909e-09	5.94375887987011e-10	-5.94475362988649e-10
264.675	0.286	-0.257	3.97294147030106e-09	5.9235466194731e-10	-5.92464256568278e-10
265.239	0.390	-0.279	5.05471295815927e-09	6.17696278776995e-10	-6.17868327885267e-10
266.029	0.293	-0.4	3.65390772965086e-09	5.44795377441328e-10	-5.44899418763623e-10
266.642	0.199	-0.321	4.88016956985433e-09	7.41538503033568e-10	-7.41677391072641e-10
267.238	0.427	-0.397	2.89808826569717e-09	4.32160399954196e-10	-4.32253705436548e-10
268.011	0.358	-0.347	3.16078919936783e-09	4.71362982015392e-10	-4.71467843256941e-10
268.714	0.351	-0.344	3.45235159891394e-09	5.14833961722199e-10	-5.14947532640933e-10
269.327	0.268	-0.262	4.83701874525482e-09	7.21253000694703e-10	-7.21403823976512e-10
269.822	0.303	-0.227	4.75428315786025e-09	7.01147145045947e-10	-7.01291663175021e-10
270.420	0.247	-0.294	4.22156116150145e-09	6.29494819198296e-10	-6.29628637040602e-10
270.972	0.267	-0.306	3.78874985641086e-09	5.86809299665244e-10	-5.86918569170134e-10
271.591	0.333	-0.352	3.48936804169846e-09	5.20254468116895e-10	-5.20350589793351e-10
272.207	0.304	-0.283	4.66506297355909e-09	6.66606769849036e-10	-6.6675316969051e-10
272.844	0.293	-0.333	3.84949497739339e-09	5.84962097458481e-10	-5.85079733117666e-10
273.478	0.257	-0.341	3.97397645750014e-09	5.92551603840744e-10	-5.92673066619199e-10
274.009	0.249	-0.274	4.41194591560574e-09	6.57834225989431e-10	-6.57964347783139e-10
274.629	0.337	-0.371	3.06096976726531e-09	4.74064092003687e-10	-4.74145707078332e-10
275.316	0.312	-0.35	3.52404900775058e-09	5.25443461642887e-10	-5.25546689592503e-10
275.865	0.327	-0.237	4.32569195552092e-09	6.44968328791482e-10	-6.45094050440396e-10
276.454	0.287	-0.262	4.54374528001519e-09	6.77459358442724e-10	-6.77585057499689e-10
277.047	0.389	-0.305	4.94225222241099e-09	6.48704644347106e-10	-6.48854770816488e-10
277.782	0.363	-0.347	3.49113141832062e-09	5.40670258456667e-10	-5.40758003208711e-10
278.441	0.240	-0.296	4.71690878093929e-09	7.16711145433767e-10	-7.16838750472029e-10
279.095	0.346	-0.414	3.14384880928292e-09	4.77708913120643e-10	-4.77799278396171e-10
279.815	0.303	-0.374	3.30571653346682e-09	5.022829447564e-10	-5.02370266412587e-10
280.451	0.296	-0.332	3.52879093106592e-09	5.2610294274775e-10	-5.26187176948296e-10
281.019	0.256	-0.272	4.13173402342788e-09	6.16010621424589e-10	-6.16117115590447e-10
281.551	0.342	-0.276	3.46066975464136e-09	5.25843838941684e-10	-5.25941194262193e-10
282.305	0.425	-0.413	2.55448992025244e-09	3.95595298684544e-10	-3.95649846701848e-10
282.997	0.321	-0.266	3.81019137413219e-09	5.68039664439435e-10	-5.68120139866197e-10
283.743	0.340	-0.425	2.96669496714003e-09	4.50744801503104e-10	-4.5081130130085e-10
284.414	0.263	-0.331	3.9289872372193e-09	5.96979226600162e-10	-5.97081762054521e-10
285.118	0.408	-0.441	2.7753854580667e-09	4.13779590016689e-10	-4.13846179670889e-10
286.013	0.418	-0.488	2.47447981655493e-09	3.7596884708008e-10	-3.76029050872235e-10
286.823	0.339	-0.392	3.02775709707079e-09	4.68932134127815e-10	-4.69016437283404e-10
287.481	0.304	-0.319	3.80748184613164e-09	5.78577680715629e-10	-5.78694029325088e-10
288.015	0.277	-0.23	4.77586987279825e-09	7.39772042190943e-10	-7.39921503370733e-10
288.695	0.346	-0.403	3.11737962032437e-09	4.7375586880438e-10	-4.73856487503301e-10
289.469	0.403	-0.428	2.67285092638272e-09	3.98548462344329e-10	-3.98631151363458e-10
290.185	0.272	-0.313	3.71463092733772e-09	5.53933092881392e-10	-5.54053972942012e-10
290.814	0.333	-0.357	3.08615678523103e-09	4.68997114114968e-10	-4.69095461909488e-10
291.405	0.295	-0.258	3.8841048332861e-09	5.79144071635706e-10	-5.79261000259407e-10
292.134	0.308	-0.434	2.88063201507418e-09	4.29476920748088e-10	-4.29549223900643e-10
292.927	0.444	-0.485	2.28748169123786e-09	3.41042024879197e-10	-3.41098975994652e-10
293.865	0.583	-0.493	1.95980251802341e-09	2.92190908503578e-10	-2.92241073780114e-10
294.778	0.470	-0.331	2.65812208714188e-09	3.96307935890027e-10	-3.96377281390613e-10
295.796	0.570	-0.547	1.86896250512711e-09	2.89442350673676e-10	-2.89487599843032e-10
296.837	0.395	-0.471	2.46884888631416e-09	3.75105644614412e-10	-3.7516158628492e-10
297.659	0.436	-0.427	2.49249611099349e-09	3.71615622579006e-10	-3.71681279259927e-10
298.500	0.325	-0.405	2.83839379500968e-09	4.39580808989007e-10	-4.39652068545675e-10
299.420	0.455	-0.596	1.95224307610379e-09	2.9662966776821e-10	-2.96681143672312e-10
300.257	0.396	-0.382	2.62699400588837e-09	3.99173037325694e-10	-3.99248644804517e-10
301.118	0.512	-0.465	2.13070780537426e-09	3.17697157429714e-10	-3.1776038707802e-10
302.129	0.417	-0.499	2.28317881894461e-09	3.4041179619576e-10	-3.40473534781972e-10
303.004	0.427	-0.458	2.54547871505174e-09	3.94212522269357e-10	-3.94274243977936e-10
303.763	0.332	-0.332	3.80063848124194e-09	5.77473947800339e-10	-5.77571249021286e-10
304.377	0.278	-0.283	4.95061336946076e-09	7.38129785451304e-10	-7.3826896500533e-10
304.968	0.286	-0.314	5.00936462790562e-09	7.46924342518563e-10	-7.47074400399701e-10
305.528	0.231	-0.274	6.31577244955278e-09	9.59752697789451e-10	-9.59949148356668e-10
306.103	0.283	-0.343	7.5563698617487e-09	9.23529529164892e-10	-9.23817545903329e-10
306.694	0.254	-0.308	7.90253256600657e-09	9.6578260164629e-10	-9.66073528926842e-10
307.272	0.252	-0.324	7.42515965562376e-09	9.30858439328589e-10	-9.31131151125133e-10
307.751	0.296	-0.227	9.31112842494895e-09	1.12139339302089e-09	-1.12175318876743e-09
308.295	0.255	-0.248	1.03442499805065e-08	1.27100918059822e-09	-1.27142865859502e-09
308.834	0.309	-0.284	8.58965963286952e-09	1.06361486581352e-09	-1.06395761452378e-09
309.395	0.255	-0.252	9.55301091908203e-09	1.16839848907001e-09	-1.1687597737146e-09
309.909	0.246	-0.259	1.07652385849022e-08	1.21263270809197e-09	-1.21308935250565e-09
310.400	0.273	-0.245	9.84726313281438e-09	1.16156527178073e-09	-1.16197697247822e-09
310.928	0.251	-0.255	1.05264526224959e-08	1.23290278980735e-09	-1.23335156867865e-09
311.410	0.272	-0.231	1.00170276692037e-08	1.18700258722836e-09	-1.18742496233095e-09
311.959	0.292	-0.277	7.41825650065902e-09	9.30154915031161e-10	-9.30445105096106e-10
312.526	0.277	-0.275	7.42346995728271e-09	9.07288012043499e-10	-9.07571704884394e-10
313.061	0.267	-0.258	7.8220945108186e-09	9.56127664032769e-10	-9.5643939529818e-10
313.627	0.286	-0.299	7.04423154574703e-09	8.61159802843857e-10	-8.61447738742161e-10
314.271	0.288	-0.358	6.4137597720276e-09	7.97766259246363e-10	-7.97984554590871e-10
314.857	0.229	-0.298	7.88562046282078e-09	9.88464710911758e-10	-9.88721334952796e-10
315.345	0.244	-0.259	9.15879757018138e-09	1.0950587517878e-09	-1.09539688859764e-09
315.837	0.258	-0.248	1.03419524012864e-08	1.21066599644445e-09	-1.21108036423822e-09
316.332	0.271	-0.238	8.58745674721319e-09	1.03427023158988e-09	-1.03460851454909e-09
316.860	0.259	-0.257	7.52864352965705e-09	9.43885693261263e-10	-9.44171373600619e-10
317.389	0.235	-0.27	8.95794184718638e-09	1.05387870979589e-09	-1.05424137769079e-09
317.894	0.263	-0.269	7.99059313991349e-09	9.7669286121668e-10	-9.77009294099941e-10
318.444	0.287	-0.288	7.39636171005581e-09	9.15691916038525e-10	-9.15988694126891e-10
318.986	0.248	-0.255	8.61281697086e-09	1.04498848252537e-09	-1.04533320794904e-09
319.602	0.312	-0.367	6.02132172543613e-09	7.45349091362491e-10	-7.45582163000412e-10
320.230	0.276	-0.316	6.66593928896765e-09	8.35723019895474e-10	-8.35975257433457e-10
320.791	0.288	-0.285	6.98644391117381e-09	8.64747159856366e-10	-8.65005622447782e-10
321.368	0.259	-0.289	7.15400985570052e-09	9.20306282895073e-10	-9.20570088999236e-10
321.860	0.272	-0.233	9.11706744654331e-09	1.07259929450543e-09	-1.0729677345086e-09
322.433	0.272	-0.301	7.59857565025821e-09	9.28709531409068e-10	-9.29002803719182e-10
322.946	0.261	-0.241	8.8639779388279e-09	1.1026389147961e-09	-1.1029688862896e-09
323.467	0.244	-0.26	9.51565354390989e-09	1.13520351085577e-09	-1.13556994908322e-09
323.971	0.257	-0.26	8.21898786282884e-09	1.0172944883127e-09	-1.01759593326102e-09
324.483	0.260	-0.255	7.98471927321543e-09	9.75806479383891e-10	-9.76095619514554e-10
325.037	0.355	-0.295	6.31617869235802e-09	7.81677528463523e-10	-7.81878391650745e-10
325.694	0.294	-0.302	6.95291027328369e-09	8.60439048363851e-10	-8.60643656925135e-10
326.309	0.328	-0.321	6.06120910423369e-09	7.50103732318279e-10	-7.50289100246525e-10
326.974	0.343	-0.336	5.41485585787064e-09	6.70146335176719e-10	-6.70325071807616e-10
327.617	0.285	-0.3	6.24973645388362e-09	7.73517465843687e-10	-7.73738330602335e-10
328.196	0.285	-0.293	6.39901531180188e-09	8.02213490974375e-10	-8.02448088568496e-10
328.834	0.285	-0.353	5.89519874748951e-09	7.29696800918989e-10	-7.29918075475206e-10
329.363	0.262	-0.243	7.87069215273651e-09	9.57062184564114e-10	-9.5733644541375e-10
329.991	0.278	-0.367	5.97558778265745e-09	7.30201080612981e-10	-7.30393883577097e-10
330.493	0.304	-0.224	7.46454211163809e-09	9.23783768908974e-10	-9.24017148802391e-10
331.065	0.255	-0.268	8.11979711549044e-09	1.0049105978073e-09	-1.00517785535353e-09
331.593	0.244	-0.273	5.50486242402319e-09	8.03126191739888e-10	-8.03286041321919e-10
332.145	0.329	-0.308	5.71805484811306e-09	7.07795048132785e-10	-7.08012987334815e-10
332.817	0.328	-0.342	5.22667493721943e-09	6.46987699378673e-10	-6.47189784247706e-10
333.479	0.349	-0.334	5.02858554147163e-09	6.22423816891227e-10	-6.22611479709906e-10
334.135	0.364	-0.307	5.53536264123457e-09	6.76513312486264e-10	-6.76722758394732e-10
334.799	0.304	-0.299	6.37167806221722e-09	7.98759911715804e-10	-7.98987330698566e-10
335.397	0.297	-0.295	6.25746957598698e-09	7.74506786362888e-10	-7.74735758013987e-10
336.042	0.322	-0.347	5.48529888235145e-09	6.65423440262791e-10	-6.65626909471766e-10
336.683	0.277	-0.319	5.9873957276597e-09	7.31700478880232e-10	-7.31912956311971e-10
337.273	0.326	-0.313	5.6709210399807e-09	7.0189903474627e-10	-7.02104351237888e-10
337.832	0.293	-0.233	5.15066285465156e-09	7.82637690202226e-10	-7.82782492641234e-10
338.415	0.249	-0.29	6.00065073600548e-09	8.75378861159936e-10	-8.7551739457532e-10
338.975	0.294	-0.311	7.06942124679247e-09	8.97527914992514e-10	-8.97718839539233e-10
339.636	0.256	-0.367	4.05062283496519e-09	6.19961083156741e-10	-6.20069480804812e-10
340.155	0.274	-0.263	4.26246545141225e-09	6.4767497314855e-10	-6.47795352713022e-10
340.757	0.284	-0.328	3.64444695379367e-09	5.43397644708894e-10	-5.4350463532105e-10
341.335	0.304	-0.294	3.58815826989308e-09	5.35015558165298e-10	-5.35123655973449e-10
341.965	0.336	-0.326	3.38159311521589e-09	5.23741711209516e-10	-5.23838645268515e-10
342.574	0.244	-0.273	4.75321396860058e-09	7.2224655406795e-10	-7.22381788749929e-10
343.084	0.328	-0.266	3.98493480374964e-09	6.29166967745912e-10	-6.2927147172693e-10
343.712	0.345	-0.299	3.58895194546957e-09	5.35097622529311e-10	-5.35194801471213e-10
344.353	0.256	-0.296	4.01277883876888e-09	5.98303158355376e-10	-5.98417229671493e-10
344.927	0.269	-0.318	3.75024531382097e-09	5.59159974239117e-10	-5.59266338573149e-10
345.499	0.413	-0.304	4.59136327487293e-09	5.61054198754694e-10	-5.61203021156697e-10
346.315	0.327	-0.403	3.26281508469759e-09	5.1514141447546e-10	-5.15221825773966e-10
346.902	0.380	-0.26	5.14525030352703e-09	6.9189519465296e-10	-6.92049434434564e-10
347.723	0.398	-0.44	2.98152333241025e-09	4.53035554411131e-10	-4.53119009639483e-10
348.590	0.452	-0.469	2.59611220022071e-09	3.94484618919488e-10	-3.9456041645506e-10
349.347	0.245	-0.305	4.25968414666736e-09	6.39938616406887e-10	-6.40065877847717e-10
349.895	0.328	-0.303	3.46601333294682e-09	5.36821143260147e-10	-5.36921347359343e-10
350.638	0.283	-0.415	3.19958240120474e-09	4.77074021203679e-10	-4.77170091268909e-10
351.209	0.311	-0.289	3.64131782674862e-09	5.53307761270135e-10	-5.53414751231328e-10
351.799	0.256	-0.279	4.05731211791962e-09	6.16518006758885e-10	-6.16636961258967e-10
352.404	0.367	-0.348	3.07020030360496e-09	4.57780081631197e-10	-4.57871509648299e-10
353.118	0.301	-0.347	3.36264795904443e-09	5.1096002265988e-10	-5.11058232179125e-10
353.702	0.249	-0.283	4.18703532235842e-09	6.3622602563978e-10	-6.3634793522315e-10
354.393	0.408	-0.443	2.68980091729408e-09	4.08720415818666e-10	-4.08798912556497e-10
355.090	0.295	-0.289	4.60073172446373e-09	6.4235509054967e-10	-6.42501499669037e-10
355.728	0.281	-0.344	3.63705522450529e-09	5.42303953274144e-10	-5.42413183633989e-10
356.414	0.375	-0.405	2.79763147901826e-09	4.4173000724724e-10	-4.41809716502379e-10
357.112	0.336	-0.324	3.61776742890306e-09	5.39432762039597e-10	-5.39542777389016e-10
357.779	0.363	-0.331	3.57894299411054e-09	5.33646660543228e-10	-5.33755550410885e-10
358.540	0.499	-0.398	2.5687714168362e-09	4.13563067852774e-10	-4.13635874958431e-10
359.463	0.456	-0.425	2.71851195961923e-09	4.05350800301638e-10	-4.05433816336264e-10
360.260	0.312	-0.341	3.66553434338418e-09	5.40585087895637e-10	-5.40697685739689e-10
360.899	0.375	-0.326	3.35372915191094e-09	4.94598243243783e-10	-4.94700483276926e-10
361.764	0.417	-0.491	2.56566391678821e-09	3.82553247354847e-10	-3.82630064076382e-10
362.582	0.380	-0.401	3.04490577487021e-09	4.54008065947116e-10	-4.54098602572482e-10
363.377	0.346	-0.415	3.10369185356636e-09	4.62770561673172e-10	-4.62862140287055e-10
364.089	0.327	-0.366	3.34301685899881e-09	4.98454857522387e-10	-4.98553457446016e-10
364.701	0.250	-0.286	4.21758917089944e-09	6.2886130925476e-10	-6.28986759087731e-10
365.293	0.332	-0.342	3.24704037549692e-09	4.84152428598515e-10	-4.84250158107273e-10
366.098	0.443	-0.473	2.29082906906401e-09	3.41579966332755e-10	-3.41649916671165e-10
366.916	0.374	-0.375	2.87233686002936e-09	4.28292673398571e-10	-4.28381446941694e-10
367.747	0.360	-0.456	2.78045187455256e-09	4.14597545752405e-10	-4.1468454169804e-10
368.390	0.334	-0.283	3.83295539572389e-09	5.71543508642248e-10	-5.71664424006546e-10
369.068	0.402	-0.344	3.11650948676487e-09	4.73588438836236e-10	-4.73685165195368e-10
369.790	0.288	-0.321	3.85696570960315e-09	5.75119380284861e-10	-5.75240248494341e-10
370.468	0.384	-0.39	2.84858506685036e-09	4.41205768878994e-10	-4.41290884223314e-10
371.175	0.273	-0.323	3.55090439857212e-09	5.49980060024108e-10	-5.5008522226893e-10
371.852	0.283	-0.404	3.11420028530808e-09	4.73217305205976e-10	-4.73310205386368e-10
372.449	0.316	-0.314	3.61411915101449e-09	5.38885721463825e-10	-5.38994679678384e-10
373.195	0.495	-0.431	2.5748342067254e-09	3.91251226278956e-10	-3.91326391236966e-10
374.071	0.378	-0.381	3.21939138027905e-09	4.80023014192965e-10	-4.80118292312484e-10
374.794	0.296	-0.345	3.83998933276695e-09	5.72564773520028e-10	-5.72680371307877e-10
375.402	0.326	-0.312	3.74131441927463e-09	5.79468907290478e-10	-5.7957906248262e-10
376.129	0.384	-0.4	3.08841887039999e-09	4.69310336809675e-10	-4.69404554036312e-10
376.969	0.388	-0.455	2.66534753140658e-09	4.55435041126736e-10	-4.5550863393147e-10
377.776	0.381	-0.419	3.14006412200046e-09	4.77178520077201e-10	-4.77277450926317e-10
378.429	0.351	-0.272	4.06062059939849e-09	6.17081609184601e-10	-6.17210965767705e-10
379.179	0.474	-0.399	2.9368690065784e-09	4.3794057928658e-10	-4.38035337129652e-10
379.979	0.388	-0.325	3.35634322458603e-09	5.19854966174279e-10	-5.19955898748972e-10
380.785	0.381	-0.418	2.89448592019015e-09	4.31583793941551e-10	-4.3167078115957e-10
381.623	0.393	-0.457	2.59993046703006e-09	3.87650393641484e-10	-3.87724879762368e-10
382.572	0.404	-0.556	2.27681469685008e-09	3.39461729853646e-10	-3.39522886854662e-10
383.394	0.449	-0.417	2.50121821976113e-09	3.7290953568022e-10	-3.72972530685627e-10
384.221	0.422	-0.378	2.76476523055756e-09	4.07693269743613e-10	-4.07761192763108e-10
384.994	0.386	-0.35	2.987850017351e-09	4.45456309615392e-10	-4.45528411561339e-10
385.965	0.554	-0.585	1.91100415894555e-09	2.90352501968518e-10	-2.90397757629558e-10
387.009	0.397	-0.49	2.44456352734511e-09	3.71419560786831e-10	-3.71477245036617e-10
387.963	0.490	-0.556	2.06956614937284e-09	3.1444334024017e-10	-3.1449197611845e-10
388.926	0.566	-0.473	2.03770842180585e-09	3.21709961713688e-10	-3.217564027613e-10
390.215	0.581	-0.723	1.64749483741674e-09	2.60108279087271e-10	-2.60148077360767e-10
391.512	0.715	-0.716	1.57874409354614e-09	2.35383861605934e-10	-2.3542662848664e-10
392.773	0.537	-0.547	1.97312073470105e-09	3.05589140783423e-10	-3.05643359229408e-10
393.867	0.680	-0.557	1.64110623425121e-09	2.64206068696908e-10	-2.64251125485847e-10
395.120	0.586	-0.574	1.76327460333169e-09	2.78413488660728e-10	-2.78464283291274e-10
396.347	0.505	-0.641	1.79675279784689e-09	2.83705412177445e-10	-2.83758317741061e-10
397.525	0.582	-0.673	1.57451606604022e-09	2.69042901255626e-10	-2.69086556322574e-10
398.700	0.565	-0.593	1.90586783665728e-09	2.89626583348834e-10	-2.89686913069228e-10
399.965	0.483	-0.7	1.93524976093597e-09	2.88583702104081e-10	-2.88646449303162e-10
401.150	0.632	-0.703	1.70708761921947e-09	2.59422093475215e-10	-2.59476467535713e-10
402.747	0.981	-0.965	1.14334009563028e-09	1.73751556118277e-10	-1.73788048065781e-10
404.512	0.715	-0.783	1.42691271810678e-09	2.21021174430224e-10	-2.21065622306968e-10
406.188	0.793	-0.961	1.22058608184909e-09	1.85482832728106e-10	-1.85520867229862e-10
407.938	0.951	-0.958	1.10830437940196e-09	1.68415072660611e-10	-1.68448742128954e-10
410.085	0.993	-1.195	9.31513518782172e-10	1.47078634499988e-10	-1.4710469398938e-10
411.743	0.735	-0.665	1.51915036259693e-09	2.26504061872527e-10	-2.26547097721549e-10
413.369	1.006	-0.891	1.10427286770934e-09	1.67787070469791e-10	-1.67816389032026e-10
415.086	0.758	-0.711	1.41908020265061e-09	2.15623960025393e-10	-2.15663027633424e-10
416.725	0.828	-0.88	1.23460605064294e-09	1.84086328329719e-10	-1.84123336878788e-10
418.226	0.666	-0.674	1.50173408637428e-09	2.37125395465127e-10	-2.37170151288245e-10
420.115	1.499	-1.223	7.60597225434901e-10	1.17809841106257e-10	-1.17833220807532e-10
422.313	0.974	-0.699	1.28714802091513e-09	1.95596844602758e-10	-1.95636816033761e-10
424.211	0.725	-0.924	1.32310008213573e-09	2.01058480414844e-10	-2.01099312571878e-10
425.871	0.960	-0.935	1.12793573119396e-09	1.71400823863259e-10	-1.71435559134549e-10
427.750	0.756	-0.92	1.24101836211427e-09	1.88584308973313e-10	-1.88622475169328e-10
429.315	0.880	-0.809	1.22371686046779e-09	1.85950464675787e-10	-1.85987165750321e-10
431.567	0.971	-1.372	9.05329336340197e-10	1.37559027810183e-10	-1.37583070316984e-10
433.527	0.900	-0.989	1.14864975990268e-09	1.74522205058782e-10	-1.74549217695395e-10
435.466	0.850	-1.039	1.13541554121974e-09	1.72516804377385e-10	-1.72545981618558e-10
437.680	0.900	-1.363	8.77182320573476e-10	1.44023227422501e-10	-1.44047485545244e-10
439.710	1.012	-1.13	9.89857681247233e-10	1.47599173086459e-10	-1.47630129878306e-10
441.646	1.122	-0.924	1.04144972737992e-09	1.5528198458094e-10	-1.55312208771422e-10
443.392	0.836	-0.625	1.44621611834753e-09	2.19741927274983e-10	-2.19779870703728e-10
445.543	1.176	-1.315	8.41699406353158e-10	1.30356114986698e-10	-1.30378272464757e-10
447.863	1.144	-1.144	9.3515803619794e-10	1.4209669226583e-10	-1.42123303012224e-10
449.752	0.921	-0.744	1.28889595112118e-09	1.92181151398807e-10	-1.92219785003011e-10
451.410	0.761	-0.737	1.37567548101632e-09	2.17212966461891e-10	-2.17252501465844e-10
453.183	1.024	-1.013	1.03980379230617e-09	1.58005637131672e-10	-1.58037196654357e-10
454.945	0.650	-0.737	1.5455760715015e-09	2.30462912926195e-10	-2.30511225177241e-10
456.066	0.590	-0.47	1.9915967432863e-09	3.02642787112093e-10	-3.02704157192679e-10
457.271	0.710	-0.615	1.61431784049195e-09	2.40716185243173e-10	-2.40767148590426e-10
458.831	0.650	-0.85	1.41058837116272e-09	2.14355364580766e-10	-2.14399244617014e-10
460.162	0.649	-0.681	1.64685732975063e-09	2.45565669475767e-10	-2.45617256155501e-10
461.638	0.955	-0.826	1.20677138785409e-09	1.90545453027611e-10	-1.90580458808102e-10
463.409	0.717	-0.816	1.40969288416234e-09	2.18334913821077e-10	-2.18375596000909e-10
465.044	0.915	-0.917	1.12876891892715e-09	1.78221215920989e-10	-1.78252067490792e-10
466.528	0.841	-0.57	1.49179487786333e-09	2.22423083493679e-10	-2.22464580702878e-10
468.226	0.574	-0.857	1.43484405558892e-09	2.22214994440135e-10	-2.2225160801309e-10
469.721	0.908	-0.921	1.16559955273084e-09	1.73784523476979e-10	-1.73815643727496e-10
471.476	0.839	-0.847	1.25748953164872e-09	1.94752710675935e-10	-1.94786501926836e-10
473.082	0.658	-0.767	1.51696334905994e-09	2.30501587901146e-10	-2.30544785755336e-10
474.471	0.695	-0.73	1.52289523577449e-09	2.31405884931571e-10	-2.31450032748851e-10
475.844	0.487	-0.678	1.83076535088604e-09	2.8354870898632e-10	-2.83600929743497e-10
477.081	0.604	-0.75	1.61227761153641e-09	2.40397231917146e-10	-2.4044513573342e-10
478.284	0.538	-0.599	1.90889201539794e-09	2.84624123248654e-10	-2.84680989888761e-10
479.854	0.961	-1.032	1.08315898227015e-09	1.61504440848097e-10	-1.61536910433423e-10
481.792	0.727	-0.977	1.22623903855263e-09	1.82839617556726e-10	-1.82876630481342e-10
483.392	0.717	-0.873	1.28889551534059e-09	1.95853436833277e-10	-1.95891824867754e-10
485.065	0.875	-0.955	1.13238113627729e-09	1.75385170278944e-10	-1.75417994573056e-10
487.033	0.998	-1.092	9.50541900669528e-10	1.62413195278434e-10	-1.6243772410063e-10
488.823	0.825	-0.792	1.37015779938359e-09	2.08195137054719e-10	-2.08234354757503e-10
490.597	0.869	-0.949	1.20391646460178e-09	1.7950669443809e-10	-1.79541916883178e-10
492.370	1.046	-0.904	1.04770782092359e-09	1.65424089610971e-10	-1.6545321566712e-10
494.606	1.176	-1.19	8.65561248970066e-10	1.34058076252069e-10	-1.34082797671322e-10
496.862	0.925	-1.08	1.05484245322801e-09	1.57282480853884e-10	-1.57314122634058e-10
499.008	1.184	-1.221	8.06451298154946e-10	1.35061654002824e-10	-1.35083441301855e-10
501.472	1.083	-1.279	8.91237925135774e-10	1.38039357398557e-10	-1.38065832528953e-10
503.542	1.185	-0.987	1.0188317845329e-09	1.51918960546417e-10	-1.51950737748677e-10
505.523	0.801	-0.795	1.3815185640226e-09	2.09927920473562e-10	-2.09969093095406e-10
507.257	0.919	-0.933	1.1165400200367e-09	1.79753026623073e-10	-1.79783226318216e-10
509.649	1.211	-1.474	7.83725659617894e-10	1.19083605016989e-10	-1.19105001917164e-10
512.333	1.310	-1.473	7.29244394141403e-10	1.15135868136498e-10	-1.15154314337636e-10
515.384	1.820	-1.742	5.91994278218733e-10	8.99512531889289e-11	-8.99675020226686e-11
518.419	1.417	-1.214	7.95495320947566e-10	1.23210297349148e-10	-1.23233890939082e-10
521.174	1.119	-1.338	8.32379115594393e-10	1.34008371047077e-10	-1.34031594321431e-10
NO NO NO NO NO NO
! xrtpcflux
3811.680	10.665	-19.423	1.20233285619266e-10	2.69852567009577e-11	-2.69852567009577e-11
3851.654	20.837	-29.309	7.0468547086847e-11	1.58160146959459e-11	-1.58160146959459e-11
3914.166	33.544	-41.675	4.42199442544811e-11	9.9247561279774e-12	-9.9247561279774e-12
3964.123	16.183	-16.412	9.71310987772468e-11	2.18001736144982e-11	-2.18001736144982e-11
4003.732	29.226	-23.427	6.37567284503813e-11	1.39871060351405e-11	-1.39871060351405e-11
4057.143	15.933	-24.184	7.81660546951576e-11	1.75436480955708e-11	-1.75436480955708e-11
4094.850	20.851	-21.774	7.95395193305277e-11	1.74495699282697e-11	-1.74495699282697e-11
4141.873	28.988	-26.173	6.1027722121831e-11	1.36971080482013e-11	-1.36971080482013e-11
4203.931	27.106	-33.069	6.06849479030361e-11	1.3645620428604e-11	-1.3645620428604e-11
4251.077	25.091	-20.04	8.47227658413317e-11	1.89798539425202e-11	-1.89798539425202e-11
4302.461	31.373	-26.293	8.89046832762467e-11	1.71806429455812e-11	-1.71806429455812e-11
5649.084	18.940	-28.699	3.49981678211901e-11	7.70781533266233e-12	-7.70781533266233e-12
5689.071	19.071	-21.047	3.99774116193974e-11	8.97373963619717e-12	-8.97373963619717e-12
5732.065	23.716	-23.923	3.61153265077257e-11	7.95385140885866e-12	-7.95385140885866e-12
5769.567	11.286	-13.787	6.9705425430928e-11	1.5616649797058e-11	-1.5616649797058e-11
5799.397	21.573	-18.544	4.45093438041321e-11	1.00492262609701e-11	-1.00492262609701e-11
5837.026	9.018	-16.055	7.69691571066495e-11	1.68268688880465e-11	-1.68268688880465e-11
5869.606	21.569	-23.563	4.286353731226e-11	9.42262852920754e-12	-9.42262852920754e-12
5916.615	14.678	-25.439	4.16216763251188e-11	9.34282745482316e-12	-9.34282745482316e-12
5947.462	16.425	-16.17	5.1510166354642e-11	1.13234039466071e-11	-1.13234039466071e-11
5978.674	15.301	-14.787	5.70868816876937e-11	1.27650173076157e-11	-1.27650173076157e-11
6015.635	18.457	-21.66	4.86976916731472e-11	1.06462115179094e-11	-1.06462115179094e-11
6050.759	15.928	-16.667	5.41539092524145e-11	1.2132513959789e-11	-1.2132513959789e-11
6082.476	21.821	-15.788	4.42332701691236e-11	9.96754247892037e-12	-9.96754247892037e-12
6120.335	24.079	-16.038	3.90336672740782e-11	8.7619007799281e-12	-8.7619007799281e-12
6169.698	22.355	-25.284	3.82114697942307e-11	8.21856089371993e-12	-8.21856089371993e-12
6205.598	16.543	-13.545	6.00396890223799e-11	1.31741331725277e-11	-1.31741331725277e-11
6241.055	26.214	-18.914	3.90494004272859e-11	8.60003889983202e-12	-8.60003889983202e-12
29058.826	3630.818	-2228.948	9.6427334184923e-12	1.94739231385423e-12	-1.94739231385423e-12
34031.004	110.651	-122.528	3.41946697286785e-12	8.93306527954729e-13	-8.93306527954729e-13
34283.539	146.454	-141.884	4.23343080190429e-12	8.90851136332992e-13	-8.90851136332992e-13
38333.299	59.562	-55.775	8.57564730450762e-12	1.9313944719404e-12	-1.9313944719404e-12
38465.293	123.138	-72.433	5.13671685036475e-12	1.16022869822832e-12	-1.16022869822832e-12
38654.846	68.980	-66.415	8.0781375926875e-12	1.82197214901594e-12	-1.82197214901594e-12
38830.007	111.954	-106.182	4.11027791970179e-12	1.06943268771192e-12	-1.06943268771192e-12
39018.538	51.296	-76.577	8.87073176809315e-12	1.98639870229228e-12	-1.98639870229228e-12
39163.200	79.638	-93.366	6.02828594524572e-12	1.35768154592032e-12	-1.35768154592032e-12
39335.811	85.047	-92.972	4.08409169407821e-12	1.06058014622264e-12	-1.06058014622264e-12
39524.264	69.598	-103.407	5.51744021242193e-12	1.23727888818246e-12	-1.23727888818246e-12
39709.412	102.586	-115.55	4.34980416662261e-12	9.7824689095244e-13	-9.7824689095244e-13
39965.490	117.298	-153.492	2.72538765643876e-12	6.96292587811069e-13	-6.96292587811069e-13
40189.810	86.041	-107.022	4.85273163691393e-12	1.09135186882785e-12	-1.09135186882785e-12
40394.877	154.261	-119.026	3.37130634657599e-12	7.69258359734836e-13	-7.69258359734836e-13
45438.127	89.389	-163.849	2.77778607915341e-12	7.2341432351615e-13	-7.2341432351615e-13
45613.823	101.742	-86.306	3.74675818421959e-12	9.757621095171e-13	-9.757621095171e-13
45843.134	100.596	-127.57	3.07263065320619e-12	8.04167109560628e-13	-8.04167109560628e-13
46204.432	331.018	-260.702	2.18233698921747e-12	4.29879149742696e-13	-4.29879149742696e-13
51198.064	89.414	-166.332	3.09578646796438e-12	8.06268330628125e-13	-8.06268330628125e-13
51396.964	93.606	-109.486	4.19571907066075e-12	1.0574631541009e-12	-1.0574631541009e-12
51723.181	178.588	-232.611	1.93565418417382e-12	5.09174367209578e-13	-5.09174367209578e-13
52078.802	224.131	-177.033	2.69978610071685e-12	6.18464490795295e-13	-6.18464490795295e-13
57022.615	137.842	-245.776	2.29861515976299e-12	5.81130577480658e-13	-5.81130577480658e-13
57324.783	139.059	-164.326	2.7211414194881e-12	7.08541728258693e-13	-7.08541728258693e-13
57769.652	293.431	-305.81	2.47993259972564e-12	4.81377895700725e-13	-4.81377895700725e-13
125153.865	370.269	-507.288	9.89313372826652e-13	2.59933183517796e-13	-2.59933183517796e-13
126281.593	609.018	-757.459	1.10180308287758e-12	2.19882649733877e-13	-2.19882649733877e-13
130777.525	532.991	-464.918	8.35071408694447e-13	2.21962368341111e-13	-2.21962368341111e-13
132995.467	3287.226	-1684.95	1.04103368016452e-12	1.85797647488088e-13	-1.85797647488088e-13
160590.350	4940.569	-6285.327	6.5778607719152e-13	1.38884671345442e-13	-1.38884671345442e-13
216315.038	2133.141	-4256.434	6.30423288275206e-13	1.4953016506055e-13	-1.4953016506055e-13
240693.176	735.858	-918.96	5.70427448917774e-13	1.42018016812261e-13	-1.42018016812261e-13
247452.238	4356.534	-1888.394	4.08218420487788e-13	1.11856081990135e-13	-1.11856081990135e-13
252405.995	423.247	-597.224	8.77846353019329e-13	2.23389320239685e-13	-2.23389320239685e-13
332038.134	7851.879	-5889.598	3.9121260443731e-13	7.36124309293984e-14	-7.36124309293984e-14
701496.416	57503.640	-47107.394	1.83190291705238e-13	3.85574450252723e-14	-3.85574450252723e-14
840340.207	17467.110	-19302.223	1.59698664004135e-13	4.21829001087281e-14	-4.21829001087281e-14
931868.706	17562.059	-18854.524	1.20484117560495e-13	3.29882337592268e-14	-3.29882337592268e-14
1067779.846	54271.441	-49507.293	1.27605732388137e-13	3.18798067416716e-14	-3.18798067416716e-14
1254845.173	46064.755	-63980.568	1.70082428717471e-13	4.3782380884873e-14	-4.3782380884873e-14
1434473.158	118676.381	-71446.185	1.08107496535917e-13	3.01822284340702e-14	-3.01822284340702e-14
2015091.176	579357.934	-256217.745	3.32537073431848e-14	1.35033765597059e-14	-1.1023608912217e-14
NO NO NO NO NO NO
! batSNR4flux
6.72099999879797	0.960000000000001	-0.960000000000001	8.38014609903368e-09	2.07311429128427e-09	-2.07311429128427e-09
7.76099999666214	0.08	-0.08	2.807417343896e-08	6.78457602755301e-09	-6.78457602755301e-09
9.52099999918823	1.68	-1.68	6.80591020549996e-09	1.47066533255441e-09	-1.47066533255441e-09
15.0209999989839	3.82	-3.82	2.28310498818187e-09	8.80151733095935e-10	-8.80151733095935e-10
22.6609999990338	3.82	-3.82	3.30316983302281e-09	7.68824893580019e-10	-7.68824893580019e-10
41.8209999990463	0.06	-0.06	1.88554793741708e-08	4.44643806631314e-09	-4.44643806631314e-09
60.5009999999247	0.38	-0.38	4.62589475249372e-09	1.05960178739143e-09	-1.05960178739143e-09
64.4009999989518	3.52	-3.52	1.23859858647711e-09	3.09404657745726e-10	-3.09404657745726e-10
68.0610000000681	0.14	-0.14	5.86161767930524e-09	1.42047265429235e-09	-1.42047265429235e-09
69.500999998863	1.3	-1.3	1.67534795391507e-09	4.33305663597005e-10	-4.33305663597005e-10
70.8610000006358	0.06	-0.06	8.50718968066511e-09	1.8646973859062e-09	-1.8646973859062e-09
71.2809999974569	0.12	-0.12	5.89223205837711e-09	1.39756471651563e-09	-1.39756471651563e-09
71.9209999999633	0.52	-0.52	2.05451421361764e-09	6.44142896191937e-10	-6.44142896191937e-10
72.9609999984961	0.52	-0.52	2.96369900655114e-09	6.25200617448692e-10	-6.25200617448692e-10
73.5610000085831	0.08	-0.08	6.87189572267845e-09	1.63878641304209e-09	-1.63878641304209e-09
73.8409999978542	0.2	-0.2	2.51781177899238e-09	9.76785373240884e-10	-9.76785373240884e-10
74.2409999978542	0.2	-0.2	4.44823481455043e-09	9.34370366032671e-10	-9.34370366032671e-10
74.6809999984503	0.24	-0.24	2.95410640203041e-09	8.64038310958694e-10	-8.64038310958694e-10
75.0809999969602	0.16	-0.16	4.2560877852625e-09	1.03827462711914e-09	-1.03827462711914e-09
75.4010000047088	0.16	-0.16	3.49676166208656e-09	1.05783126571784e-09	-1.05783126571784e-09
75.7609999966621	0.2	-0.2	3.94196467339904e-09	9.06174093619565e-10	-9.06174093619565e-10
76.0210000069936	0.06	-0.06	7.21929491613943e-09	1.80239581932078e-09	-1.80239581932078e-09
76.440999997192	0.36	-0.36	4.72695948487022e-09	9.51606510943069e-10	-9.51606510943069e-10
76.9410000038147	0.14	-0.14	9.17130170058756e-09	2.27462200284218e-09	-2.27462200284218e-09
77.1809999895096	0.1	-0.1	1.3525183671794e-08	3.15171027793059e-09	-3.15171027793059e-09
77.6810000014305	0.4	-0.4	6.02867315825849e-09	2.2348031311639e-09	-2.2348031311639e-09
78.28099999547	0.2	-0.2	2.05250014275594e-08	4.98101213550069e-09	-4.98101213550069e-09
78.7210000000397	0.24	-0.24	2.08826342040124e-08	6.1357650788738e-09	-6.1357650788738e-09
78.9810000252724	0.02	-0.02	9.67669892957659e-08	2.41276074655768e-08	-2.41276074655768e-08
79.160999995172	0.16	-0.16	3.59736087398989e-08	1.03991411105465e-08	-1.03991411105465e-08
79.4009999972582	0.08	-0.08	7.90531027883885e-08	1.84811121508832e-08	-1.84811121508832e-08
80.3809999974569	0.3	-0.3	4.15503365662468e-08	9.11318704798666e-09	-9.11318704798666e-09
80.7810000014305	0.1	-0.1	6.10561946210601e-08	1.39736887278271e-08	-1.39736887278271e-08
81.1209999960661	0.24	-0.24	3.73964598199856e-08	8.02319876858606e-09	-8.02319876858606e-09
81.4810000054041	0.12	-0.12	4.05012883527998e-08	1.01049903977291e-08	-1.01049903977291e-08
82.0409999978542	0.44	-0.44	1.81871329385312e-08	4.55119107447195e-09	-4.55119107447195e-09
82.7009999996965	0.22	-0.22	2.16217482521719e-08	5.13391215586647e-09	-5.13391215586647e-09
83.4009999997417	0.48	-0.48	1.20324015867666e-08	2.82325255159106e-09	-2.82325255159106e-09
84.3809999990463	0.5	-0.5	7.40310623163199e-09	2.0710611661679e-09	-2.0710611661679e-09
84.9810000014305	0.1	-0.1	1.743698644004e-08	3.81257740841652e-09	-3.81257740841652e-09
85.5809999990463	0.5	-0.5	4.1018712091748e-09	1.40063921419899e-09	-1.40063921419899e-09
86.5809999990463	0.5	-0.5	4.42920914888354e-09	1.02517544431859e-09	-1.02517544431859e-09
87.1209999811649	0.04	-0.04	1.29989147376423e-08	2.96085536109764e-09	-2.96085536109764e-09
87.4409999995572	0.28	-0.28	4.23572805520484e-09	1.00914905364666e-09	-1.00914905364666e-09
88.0209999990463	0.3	-0.3	3.22398061278108e-09	1.16195930175367e-09	-1.16195930175367e-09
88.6209999990463	0.3	-0.3	5.17353125239757e-09	1.29323772843751e-09	-1.29323772843751e-09
90.0409999989187	1.12	-1.12	3.82753732062501e-09	9.34306184378008e-10	-9.34306184378008e-10
92.2809999988761	1.12	-1.12	5.2562340303476e-09	1.55904356423316e-09	-1.55904356423316e-09
93.7210000012815	0.32	-0.32	1.7104926257564e-08	4.05858006071159e-09	-4.05858006071159e-09
95.0009999987483	0.960000000000001	-0.960000000000001	8.31607604384692e-09	3.10290641421549e-09	-3.10290641421549e-09
96.1609999966621	0.2	-0.2	3.7137678287397e-08	8.78412130335195e-09	-8.78412130335195e-09
101.760999999091	5.39999999999997	-5.39999999999997	2.48081910899679e-08	4.34538026320014e-09	-4.34538026320014e-09
107.361000002623	0.2	-0.2	5.96383983424563e-08	1.41532562121303e-08	-1.41532562121303e-08
107.860999996662	0.3	-0.3	3.72032593554865e-08	1.13658647750665e-08	-1.13658647750665e-08
108.381000001431	0.22	-0.22	4.70962768169415e-08	1.00341803675794e-08	-1.00341803675794e-08
108.740999998706	0.14	-0.14	5.73906121964947e-08	1.05252346729799e-08	-1.05252346729799e-08
108.941000003815	0.06	-0.06	5.67380403183272e-08	1.34901492452986e-08	-1.34901492452986e-08
109.300999998252	0.06	-0.06	4.72215058598245e-08	1.16122603024739e-08	-1.16122603024739e-08
109.501000006199	0.14	-0.14	2.07976244756419e-08	6.73249355050968e-09	-6.73249355050968e-09
109.680999983549	0.04	-0.04	4.85086159880048e-08	1.06386469690546e-08	-1.06386469690546e-08
109.881000001431	0.16	-0.16	1.40544876260601e-08	5.04537650601917e-09	-5.04537650601917e-09
110.08099998951	0.04	-0.04	4.11503335112259e-08	9.51171419894346e-09	-9.51171419894346e-09
110.481000005404	0.12	-0.12	2.05058054915148e-08	4.40332091622856e-09	-4.40332091622856e-09
110.720999995073	0.12	-0.12	1.04262262527852e-08	3.90454817921042e-09	-3.90454817921042e-09
110.901000002225	0.06	-0.06	2.19643586734311e-08	5.27722825498931e-09	-5.27722825498931e-09
111.060999996662	0.1	-0.1	1.13000701683815e-08	3.83255130550424e-09	-3.83255130550424e-09
111.200999994278	0.04	-0.04	2.76773085095632e-08	5.53981445008977e-09	-5.53981445008977e-09
111.341000003815	0.1	-0.1	1.61081083211695e-08	3.27762273946951e-09	-3.27762273946951e-09
111.541000003815	0.1	-0.1	1.52220570860381e-08	3.75520587788986e-09	-3.75520587788986e-09
111.680999983549	0.04	-0.04	2.47229366232937e-08	5.99036534302103e-09	-5.99036534302103e-09
111.840999999841	0.12	-0.12	1.78115320901059e-08	3.76353916436218e-09	-3.76353916436218e-09
112.001000006199	0.04	-0.04	3.11504956606885e-08	6.70678811419957e-09	-6.70678811419957e-09
112.100999990304	0.06	-0.06	1.23350160307271e-08	5.64163174777326e-09	-5.64163174777326e-09
112.220999995073	0.06	-0.06	2.67114574720332e-08	6.00083089549891e-09	-6.00083089549891e-09
112.320999999046	0.04	-0.04	3.03701700152469e-08	7.51154242604386e-09	-7.51154242604386e-09
112.401000012159	0.04	-0.04	3.49911713764596e-08	8.11486253795714e-09	-8.11486253795714e-09
112.48099999547	0.04	-0.04	2.87373961233667e-08	8.26005749027592e-09	-8.26005749027592e-09
112.541000027657	0.02	-0.02	7.44305338534183e-08	1.24857854307725e-08	-1.24857854307725e-08
112.680999993483	0.12	-0.12	2.4003787481388e-08	4.8603805410205e-09	-4.8603805410205e-09
112.841000009775	0.04	-0.04	3.83628310542176e-08	7.64745729775717e-09	-7.64745729775717e-09
112.920999993086	0.04	-0.04	3.07512838163517e-08	7.60642902302036e-09	-7.60642902302036e-09
113.021000006994	0.06	-0.06	2.06721215346068e-08	5.64488126059153e-09	-5.64488126059153e-09
113.100999970436	0.02	-0.02	4.01119495657602e-08	9.95985557970918e-09	-9.95985557970918e-09
113.161000002623	0.04	-0.04	2.99314703038183e-08	6.98195298555622e-09	-6.98195298555622e-09
113.240999985933	0.04	-0.04	2.67734594541664e-08	7.07287498618691e-09	-7.07287498618691e-09
113.340999999841	0.06	-0.06	2.77353314946294e-08	5.53784376361747e-09	-5.53784376361747e-09
113.421000022888	0.02	-0.02	4.21922927263787e-08	9.21218819985779e-09	-9.21218819985779e-09
113.501000006199	0.06	-0.06	1.67801916787977e-08	5.05233194181025e-09	-5.05233194181025e-09
113.58099998951	0.02	-0.02	3.35125412696638e-08	7.98665727026663e-09	-7.98665727026663e-09
113.660999992689	0.06	-0.06	2.12825218842879e-08	4.7935591001738e-09	-4.7935591001738e-09
113.780999997457	0.06	-0.06	1.08601459484304e-08	4.51483173451623e-09	-4.51483173451623e-09
113.861000020504	0.02	-0.02	3.38504870809281e-08	7.1656557454123e-09	-7.1656557454123e-09
113.920999993086	0.04	-0.04	2.2723120024051e-08	5.07915804568192e-09	-5.07915804568192e-09
114.001000006199	0.04	-0.04	2.20018999815393e-08	5.00948955576501e-09	-5.00948955576501e-09
114.160999992689	0.12	-0.12	1.33352233282265e-08	2.68400466527157e-09	-2.68400466527157e-09
114.30100001812	0.02	-0.02	2.52504543076754e-08	5.90383946125733e-09	-5.90383946125733e-09
114.340999979973	0.02	-0.02	2.55121684804287e-08	6.29275205245825e-09	-6.29275205245825e-09
114.441000003815	0.08	-0.08	1.01165813306851e-08	2.96134728944218e-09	-2.96134728944218e-09
114.620999999046	0.1	-0.1	1.01814563115428e-08	2.35244575094859e-09	-2.35244575094859e-09
114.780999997457	0.06	-0.06	1.46399352892857e-08	3.38714302940372e-09	-3.38714302940372e-09
114.881000001431	0.04	-0.04	2.06861155382388e-08	4.27856632421776e-09	-4.27856632421776e-09
114.981000005404	0.06	-0.06	1.16584540203624e-08	3.59732415595869e-09	-3.59732415595869e-09
115.100999990304	0.06	-0.06	1.86638734529576e-08	3.93212456687265e-09	-3.93212456687265e-09
115.220999995073	0.06	-0.06	1.29354427117767e-08	4.18223287611191e-09	-4.18223287611191e-09
115.30100001812	0.02	-0.02	3.20390174621236e-08	7.7992106665042e-09	-7.7992106665042e-09
115.400999997258	0.08	-0.08	1.51082680504636e-08	4.02436779450639e-09	-4.02436779450639e-09
115.501000006199	0.02	-0.02	4.56027082232144e-08	7.94623506045343e-09	-7.94623506045343e-09
115.561000008583	0.04	-0.04	2.78270332540807e-08	6.35061269094062e-09	-6.35061269094062e-09
115.640999991894	0.04	-0.04	2.6341397295752e-08	6.93438835034468e-09	-6.93438835034468e-09
115.740999995867	0.06	-0.06	2.79917286436458e-08	4.84947118661412e-09	-4.84947118661412e-09
115.820999999046	0.02	-0.02	3.39126299266534e-08	7.29759718567499e-09	-7.29759718567499e-09
115.881000001431	0.04	-0.04	1.51905482898773e-08	4.23490912200304e-09	-4.23490912200304e-09
115.941000003815	0.02	-0.02	2.6461995384922e-08	5.8787729850004e-09	-5.8787729850004e-09
116.021000006994	0.06	-0.06	1.54864087769171e-08	2.56543729963588e-09	-2.56543729963588e-09
116.100999970436	0.02	-0.02	1.43386595613294e-08	3.5000756452529e-09	-3.5000756452529e-09
116.140999991894	0.02	-0.02	8.66255591972362e-09	3.54138452946597e-09	-3.54138452946597e-09
116.181000013351	0.02	-0.02	1.51773797705044e-08	2.95477326772982e-09	-2.95477326772982e-09
116.240999985933	0.04	-0.04	7.07452898815724e-09	1.89240801276009e-09	-1.89240801276009e-09
116.30100001812	0.02	-0.02	1.79691960501105e-08	4.17424556813077e-09	-4.17424556813077e-09
116.340999979973	0.02	-0.02	2.25909480411876e-08	6.13329543758508e-09	-6.13329543758508e-09
116.381000001431	0.02	-0.02	3.89779611806191e-08	8.96388339143757e-09	-8.96388339143757e-09
116.441000003815	0.04	-0.04	5.89012420407033e-08	1.09209783833303e-08	-1.09209783833303e-08
116.521000016928	0.04	-0.04	1.01431120189308e-07	1.92650265950273e-08	-1.92650265950273e-08
116.58099998951	0.02	-0.02	2.51941263278215e-07	4.78743811317449e-08	-4.78743811317449e-08
116.621000010967	0.02	-0.02	2.20339169820203e-07	6.67468881352273e-08	-6.67468881352273e-08
116.66099997282	0.02	-0.02	5.40057566793751e-07	9.65004177861247e-08	-9.65004177861247e-08
116.740999995867	0.06	-0.06	1.21369399681637e-07	2.70173042560178e-08	-2.70173042560178e-08
116.820999999046	0.02	-0.02	6.28448970351804e-08	1.4803942339017e-08	-1.4803942339017e-08
116.881000001431	0.04	-0.04	2.00700028433456e-08	4.38984333174962e-09	-4.38984333174962e-09
116.981000005404	0.06	-0.06	3.91543165189098e-09	8.13893019016042e-10	-8.13893019016042e-10
117.061000008583	0.02	-0.02	1.00907396880802e-08	2.12613656992395e-09	-2.12613656992395e-09
117.100999970436	0.02	-0.02	1.56858449731025e-08	3.27822974171999e-09	-3.27822974171999e-09
117.140999991894	0.02	-0.02	2.33336496684387e-08	5.70639192929666e-09	-5.70639192929666e-09
117.181000013351	0.02	-0.02	4.24274161018739e-08	8.34234638747835e-09	-8.34234638747835e-09
117.220999975204	0.02	-0.02	5.38797420524663e-08	1.30951238513884e-08	-1.30951238513884e-08
117.300999998252	0.06	-0.06	9.09903016528297e-08	1.86955560150222e-08	-1.86955560150222e-08
117.381000001431	0.02	-0.02	1.0808552007013e-07	2.58811077028155e-08	-2.58811077028155e-08
117.421000022888	0.02	-0.02	6.52285320841344e-08	1.99309499144913e-08	-1.99309499144913e-08
117.460999984741	0.02	-0.02	7.75708656782786e-08	1.48639090677218e-08	-1.48639090677218e-08
117.501000006199	0.02	-0.02	4.4445434184482e-08	1.07643912419386e-08	-1.07643912419386e-08
117.541000027657	0.02	-0.02	4.4518126685444e-08	7.97403839108814e-09	-7.97403839108814e-09
117.58099998951	0.02	-0.02	3.45547146242185e-08	6.16851838876118e-09	-6.16851838876118e-09
117.621000010967	0.02	-0.02	1.6477618378689e-08	4.37905724623137e-09	-4.37905724623137e-09
117.66099997282	0.02	-0.02	2.20011529689365e-08	4.18876150367784e-09	-4.18876150367784e-09
117.700999994278	0.02	-0.02	1.50432791954358e-08	4.68759515817162e-09	-4.68759515817162e-09
117.741000015736	0.02	-0.02	2.95770732402768e-08	5.60321443355992e-09	-5.60321443355992e-09
117.780999977589	0.02	-0.02	2.65333792491382e-08	6.04326813999886e-09	-6.04326813999886e-09
117.820999999046	0.02	-0.02	4.5739682006876e-08	7.29527540516818e-09	-7.29527540516818e-09
117.861000020504	0.02	-0.02	3.31253261008196e-08	7.48489358141555e-09	-7.48489358141555e-09
117.900999982357	0.02	-0.02	3.94907128503526e-08	8.55278422539298e-09	-8.55278422539298e-09
117.941000003815	0.02	-0.02	3.8083660153633e-08	9.44419749297801e-09	-9.44419749297801e-09
117.981000025272	0.02	-0.02	6.08365064759439e-08	1.1903526833487e-08	-1.1903526833487e-08
118.020999987125	0.02	-0.02	5.67003755195833e-08	1.37765615425165e-08	-1.37765615425165e-08
118.061000008583	0.02	-0.02	9.7823531680358e-08	1.64756043219732e-08	-1.64756043219732e-08
118.100999970436	0.02	-0.02	7.8832015501806e-08	2.19233097384173e-08	-2.19233097384173e-08
118.140999991894	0.02	-0.02	1.18003387889373e-07	2.65965879031123e-08	-2.65965879031123e-08
118.181000013351	0.02	-0.02	1.36336663093049e-07	3.03209328049494e-08	-3.03209328049494e-08
118.220999975204	0.02	-0.02	2.02595843319345e-07	3.8902597800999e-08	-3.8902597800999e-08
118.260999996662	0.02	-0.02	1.76327863303807e-07	4.83833325090348e-08	-4.83833325090348e-08
118.30100001812	0.02	-0.02	2.24890308313656e-07	4.88797570101716e-08	-4.88797570101716e-08
118.340999979973	0.02	-0.02	1.33162937805252e-07	3.58549299647491e-08	-3.58549299647491e-08
118.381000001431	0.02	-0.02	1.16914704562631e-07	2.75161074864969e-08	-2.75161074864969e-08
118.421000022888	0.02	-0.02	8.92584228753431e-08	2.21804592569672e-08	-2.21804592569672e-08
118.460999984741	0.02	-0.02	9.5504167606086e-08	1.78369257193342e-08	-1.78369257193342e-08
118.501000006199	0.02	-0.02	3.77469296258999e-08	1.37127655325569e-08	-1.37127655325569e-08
118.541000027657	0.02	-0.02	5.19311031450318e-08	1.00712582635428e-08	-1.00712582635428e-08
118.620999991099	0.06	-0.06	2.98100853485182e-08	4.86034528371387e-09	-4.86034528371387e-09
118.700999994278	0.02	-0.02	4.8473574897966e-08	1.17267042106771e-08	-1.17267042106771e-08
118.780999997457	0.06	-0.06	4.32852885298429e-08	1.08232787114076e-08	-1.08232787114076e-08
118.861000020504	0.02	-0.02	1.38320083662062e-07	2.81568165170993e-08	-2.81568165170993e-08
118.900999982357	0.02	-0.02	1.32437363442901e-07	3.60612033006993e-08	-3.60612033006993e-08
118.941000003815	0.02	-0.02	1.84503398861728e-07	4.19387094013941e-08	-4.19387094013941e-08
119.001000006199	0.04	-0.04	1.15233271363496e-07	2.67756029558696e-08	-2.67756029558696e-08
119.08099998951	0.04	-0.04	8.96202781785212e-08	2.06467128185559e-08	-2.06467128185559e-08
119.161000002623	0.04	-0.04	6.23616151569239e-08	1.48957637445627e-08	-1.48957637445627e-08
119.220999975204	0.02	-0.02	7.45872251138192e-08	1.736768551196e-08	-1.736768551196e-08
119.281000007391	0.04	-0.04	5.38604220288624e-08	9.87881501136201e-09	-9.87881501136201e-09
119.360999990702	0.04	-0.04	3.57663812639825e-08	7.58806977095652e-09	-7.58806977095652e-09
119.421000022888	0.02	-0.02	5.44509930556394e-08	1.06918853902416e-08	-1.06918853902416e-08
119.48099999547	0.04	-0.04	2.4279544381758e-08	5.9969017865072e-09	-5.9969017865072e-09
119.581000009378	0.06	-0.06	2.25971374607693e-08	4.39903140424071e-09	-4.39903140424071e-09
119.66099997282	0.02	-0.02	3.04316823244048e-08	7.06468047932415e-09	-7.06468047932415e-09
119.700999994278	0.02	-0.02	2.94977087513653e-08	6.91989740894161e-09	-6.91989740894161e-09
119.741000015736	0.02	-0.02	3.39639879729602e-08	6.39369769038815e-09	-6.39369769038815e-09
119.780999977589	0.02	-0.02	1.60171682739363e-08	5.90501261394879e-09	-5.90501261394879e-09
119.820999999046	0.02	-0.02	2.35043322491833e-08	5.79742389117398e-09	-5.79742389117398e-09
119.881000001431	0.04	-0.04	2.42830804994541e-08	4.96220646916496e-09	-4.96220646916496e-09
119.941000003815	0.02	-0.02	4.13053474305368e-08	8.48365898910443e-09	-8.48365898910443e-09
119.981000025272	0.02	-0.02	4.62903345905209e-08	9.09751133807035e-09	-9.09751133807035e-09
120.040999997854	0.04	-0.04	3.3366093004115e-08	7.25758200284879e-09	-7.25758200284879e-09
120.100999970436	0.02	-0.02	5.28160696799161e-08	1.1508499874384e-08	-1.1508499874384e-08
120.140999991894	0.02	-0.02	5.60891900148369e-08	1.34296339268813e-08	-1.34296339268813e-08
120.181000013351	0.02	-0.02	6.17646906746534e-08	1.49185439879371e-08	-1.49185439879371e-08
120.220999975204	0.02	-0.02	7.01596326189533e-08	1.57477729187571e-08	-1.57477729187571e-08
120.260999996662	0.02	-0.02	9.36845075455986e-08	1.62176081418872e-08	-1.62176081418872e-08
120.340999999841	0.06	-0.06	4.4970256673308e-08	1.02515413141925e-08	-1.02515413141925e-08
120.421000022888	0.02	-0.02	8.49052181914492e-08	2.09056796197814e-08	-2.09056796197814e-08
120.460999984741	0.02	-0.02	1.11291575872294e-07	2.03293237558999e-08	-2.03293237558999e-08
120.521000016928	0.04	-0.04	8.22397212239336e-08	1.66055579020389e-08	-1.66055579020389e-08
120.601000000238	0.04	-0.04	1.17500461647033e-07	2.39050420861775e-08	-2.39050420861775e-08
120.700999994278	0.06	-0.06	1.87057408913863e-07	3.35061495771708e-08	-3.35061495771708e-08
120.780999977589	0.02	-0.02	3.86906287536144e-07	8.27074587391472e-08	-8.27074587391472e-08
120.841000009775	0.04	-0.04	3.42698379376431e-07	8.26034037839068e-08	-8.26034037839068e-08
120.900999982357	0.02	-0.02	3.60831249601724e-07	8.86632586823085e-08	-8.86632586823085e-08
120.961000014544	0.04	-0.04	2.55482044556524e-07	5.10715544589955e-08	-5.10715544589955e-08
121.040999997854	0.04	-0.04	1.73094050037074e-07	3.69875890175372e-08	-3.69875890175372e-08
121.120999981165	0.04	-0.04	1.217587383428e-07	2.85619839769931e-08	-2.85619839769931e-08
121.220999995073	0.06	-0.06	8.7689753772578e-08	1.59036199063616e-08	-1.59036199063616e-08
121.30100001812	0.02	-0.02	8.83559739128268e-08	2.03205786140166e-08	-2.03205786140166e-08
121.360999990702	0.04	-0.04	5.64683929915392e-08	1.16537243228848e-08	-1.16537243228848e-08
121.441000003815	0.04	-0.04	3.60695691331702e-08	8.28372009715241e-09	-8.28372009715241e-09
121.521000016928	0.04	-0.04	1.96408785359152e-08	5.90444925890848e-09	-5.90444925890848e-09
121.601000000238	0.04	-0.04	1.96059164481767e-08	4.40421158788283e-09	-4.40421158788283e-09
121.680999983549	0.04	-0.04	2.2029231151896e-08	4.23069263029708e-09	-4.23069263029708e-09
121.801000003219	0.08	-0.08	1.45825982091166e-08	2.78067070198269e-09	-2.78067070198269e-09
121.900999982357	0.02	-0.02	2.13930299959688e-08	5.18140404340034e-09	-5.18140404340034e-09
121.961000014544	0.04	-0.04	1.6081603044247e-08	3.56306775617446e-09	-3.56306775617446e-09
122.020999987125	0.02	-0.02	2.01975539930042e-08	4.79746528359389e-09	-4.79746528359389e-09
122.061000008583	0.02	-0.02	2.23311564256534e-08	5.03120111022354e-09	-5.03120111022354e-09
122.120999981165	0.04	-0.04	1.29660670514025e-08	3.29842412997378e-09	-3.29842412997378e-09
122.181000013351	0.02	-0.02	2.17609311926063e-08	4.33605250700538e-09	-4.33605250700538e-09
122.220999975204	0.02	-0.02	1.99724489931489e-08	4.37976106663847e-09	-4.37976106663847e-09
122.281000007391	0.04	-0.04	1.25412707293645e-08	3.083386012617e-09	-3.083386012617e-09
122.360999990702	0.04	-0.04	1.14875338153938e-08	2.88564511158965e-09	-2.88564511158965e-09
122.421000022888	0.02	-0.02	1.61189055430539e-08	3.60894090252316e-09	-3.60894090252316e-09
122.48099999547	0.04	-0.04	1.45863342146541e-08	2.79355345866448e-09	-2.79355345866448e-09
122.581000009378	0.06	-0.06	8.29983192681231e-09	2.0695777307472e-09	-2.0695777307472e-09
122.700999994278	0.06	-0.06	9.19699336341645e-09	1.96595275278388e-09	-1.96595275278388e-09
122.800999988317	0.04	-0.04	9.42541170416739e-09	2.28672285662111e-09	-2.28672285662111e-09
122.921000007987	0.08	-0.08	1.01425042762938e-08	2.22192260371564e-09	-2.22192260371564e-09
123.040999997854	0.04	-0.04	1.79920191408958e-08	4.14021922526702e-09	-4.14021922526702e-09
123.120999981165	0.04	-0.04	1.78270127504769e-08	5.05561842839905e-09	-5.05561842839905e-09
123.200999994278	0.04	-0.04	3.03769079657085e-08	6.29007079963542e-09	-6.29007079963542e-09
123.260999996662	0.02	-0.02	4.90129789672734e-08	1.01456997445961e-08	-1.01456997445961e-08
123.340999979973	0.02	-0.02	5.92290828817839e-08	1.34043166826945e-08	-1.34043166826945e-08
123.421000022888	0.02	-0.02	8.51481511186483e-08	1.69911197097416e-08	-1.69911197097416e-08
123.48099999547	0.04	-0.04	5.07388850793282e-08	1.27445914490479e-08	-1.27445914490479e-08
123.561000008583	0.04	-0.04	6.74774900643593e-08	1.58880990328081e-08	-1.58880990328081e-08
123.640999991894	0.04	-0.04	4.7330158089114e-08	1.88798836728956e-08	-1.88798836728956e-08
123.700999994278	0.02	-0.02	1.21593401379359e-07	2.81549479804722e-08	-2.81549479804722e-08
123.760999996662	0.04	-0.04	8.97799207850405e-08	1.96792537601e-08	-1.96792537601e-08
123.861000000636	0.06	-0.06	6.41026852099852e-08	1.61252902726749e-08	-1.61252902726749e-08
123.941000003815	0.02	-0.02	1.52983263290625e-07	2.94517769635763e-08	-2.94517769635763e-08
124.040999997854	0.08	-0.08	7.22471426454798e-08	1.44442509168734e-08	-1.44442509168734e-08
124.140999991894	0.02	-0.02	1.69489884500286e-07	3.1133173327226e-08	-3.1133173327226e-08
124.200999994278	0.04	-0.04	7.02445991606166e-08	2.12595728479687e-08	-2.12595728479687e-08
124.260999996662	0.02	-0.02	2.08564122876523e-07	3.57821136909792e-08	-3.57821136909792e-08
124.30100001812	0.02	-0.02	1.59641983926312e-07	3.97446563576871e-08	-3.97446563576871e-08
124.381000001431	0.02	-0.02	2.04181645054965e-07	4.80605567436598e-08	-4.80605567436598e-08
124.441000003815	0.04	-0.04	1.66606588029815e-07	4.25664131404468e-08	-4.25664131404468e-08
124.501000006199	0.02	-0.02	3.45544930200891e-07	7.04046665281263e-08	-7.04046665281263e-08
124.541000027657	0.02	-0.02	3.17166901372257e-07	8.3839694456513e-08	-8.3839694456513e-08
124.58099998951	0.02	-0.02	5.57753532910952e-07	9.109968175709e-08	-9.109968175709e-08
124.640999991894	0.04	-0.04	3.08379142364589e-07	7.25965634799653e-08	-7.25965634799653e-08
124.721000005007	0.04	-0.04	3.19924866450084e-07	7.44002440627122e-08	-7.44002440627122e-08
124.800999988317	0.04	-0.04	2.75446458272001e-07	6.22805594152005e-08	-6.22805594152005e-08
124.861000020504	0.02	-0.02	3.83721773542138e-07	7.38117523320991e-08	-7.38117523320991e-08
125.021000006994	0.06	-0.06	1.25665056408643e-07	2.73077891416808e-08	-2.73077891416808e-08
125.100999970436	0.02	-0.02	1.78105611924281e-07	4.11814864305066e-08	-4.11814864305066e-08
125.180999993483	0.06	-0.06	8.19976907546808e-08	2.18050758223472e-08	-2.18050758223472e-08
125.260999996662	0.02	-0.02	1.37687509328153e-07	3.35543952212819e-08	-3.35543952212819e-08
125.30100001812	0.02	-0.02	9.58025135161367e-08	3.34898075947194e-08	-3.34898075947194e-08
125.340999979973	0.02	-0.02	1.60897001503449e-07	3.05286222246441e-08	-3.05286222246441e-08
125.401000012159	0.04	-0.04	6.30377754666302e-08	1.9375643405133e-08	-1.9375643405133e-08
125.501000006199	0.06	-0.06	7.20956932171015e-08	1.37709443210847e-08	-1.37709443210847e-08
125.58099998951	0.02	-0.02	8.12300076825072e-08	1.99476362218409e-08	-1.99476362218409e-08
125.660999992689	0.06	-0.06	3.74766588022693e-08	1.05294321337789e-08	-1.05294321337789e-08
125.780999997457	0.06	-0.06	5.07002623551823e-08	1.20400634546612e-08	-1.20400634546612e-08
125.881000001431	0.04	-0.04	7.07132359393594e-08	1.70617593256916e-08	-1.70617593256916e-08
125.961000014544	0.04	-0.04	9.31257548853205e-08	1.94761170364305e-08	-1.94761170364305e-08
126.040999997854	0.04	-0.04	6.10646757191932e-08	2.25260047604092e-08	-2.25260047604092e-08
126.100999970436	0.02	-0.02	1.68461090414335e-07	3.71712745406496e-08	-3.71712745406496e-08
126.161000002623	0.04	-0.04	1.14246693461109e-07	2.74031005797185e-08	-2.74031005797185e-08
126.220999975204	0.02	-0.02	2.42247772836067e-07	4.64594459471174e-08	-4.64594459471174e-08
126.281000007391	0.04	-0.04	7.96661341629126e-08	3.38028956944165e-08	-3.38028956944165e-08
126.340999979973	0.02	-0.02	2.51071591324989e-07	5.39032351075094e-08	-5.39032351075094e-08
126.481000005404	0.12	-0.12	8.54337221238775e-08	2.61888952864858e-08	-2.61888952864858e-08
126.640999991894	0.04	-0.04	2.00486334741606e-07	4.59999616579684e-08	-4.59999616579684e-08
126.760999996662	0.08	-0.08	1.21365785721104e-07	2.54932202760271e-08	-2.54932202760271e-08
126.921000007987	0.08	-0.08	6.96133228717477e-08	1.66331557870498e-08	-1.66331557870498e-08
127.040999997854	0.04	-0.04	8.99593590211301e-08	1.89673805042775e-08	-1.89673805042775e-08
127.120999981165	0.04	-0.04	8.5449887876737e-08	1.73607666227874e-08	-1.73607666227874e-08
127.200999994278	0.04	-0.04	6.02027456457703e-08	1.35561638857766e-08	-1.35561638857766e-08
127.300999998252	0.06	-0.06	4.2898421243294e-08	9.42967708154386e-09	-9.42967708154386e-09
127.381000001431	0.02	-0.02	6.1019874315345e-08	1.45716519645099e-08	-1.45716519645099e-08
127.521000006994	0.12	-0.12	2.24472217210737e-08	4.81713694332449e-09	-4.81713694332449e-09
127.700999994278	0.06	-0.06	2.40201245270913e-08	5.67582511127127e-09	-5.67582511127127e-09
127.840999994874	0.08	-0.08	1.7949866722975e-08	4.77672824361249e-09	-4.77672824361249e-09
128.020999999046	0.1	-0.1	1.7162799831103e-08	3.65977927030315e-09	-3.65977927030315e-09
128.180999993483	0.06	-0.06	1.67101445546971e-08	4.10735578008315e-09	-4.10735578008315e-09
128.300999998252	0.06	-0.06	1.71013702922187e-08	3.79063367504619e-09	-3.79063367504619e-09
128.42100000302	0.06	-0.06	1.58455871119317e-08	3.65845022727913e-09	-3.65845022727913e-09
128.541000007788	0.06	-0.06	1.434595545314e-08	3.67946452697172e-09	-3.67946452697172e-09
128.660999992689	0.06	-0.06	1.52631726724674e-08	3.6850741264831e-09	-3.6850741264831e-09
128.780999997457	0.06	-0.06	1.50333458063835e-08	3.63776081887049e-09	-3.63776081887049e-09
128.961000004609	0.12	-0.12	1.29745272228347e-08	2.59534388378541e-09	-2.59534388378541e-09
129.140999991894	0.06	-0.06	1.58579192838765e-08	3.62643444389123e-09	-3.62643444389123e-09
129.260999996662	0.06	-0.06	9.15179468482292e-09	3.49642778969989e-09	-3.49642778969989e-09
129.381000001431	0.06	-0.06	1.59426470189848e-08	3.68464302802024e-09	-3.68464302802024e-09
129.560999998649	0.12	-0.12	1.35440453443207e-08	3.00647898038569e-09	-3.00647898038569e-09
129.800999998252	0.12	-0.12	1.34970780686991e-08	4.21157397288619e-09	-4.21157397288619e-09
130.001000006199	0.08	-0.08	2.95240993564238e-08	7.13681919584527e-09	-7.13681919584527e-09
130.240999993384	0.16	-0.16	2.97487753586749e-08	7.20372058450095e-09	-7.20372058450095e-09
130.561000001132	0.16	-0.16	4.67381718277438e-08	1.14965647173988e-08	-1.14965647173988e-08
130.801000003219	0.08	-0.08	8.65623025549369e-08	2.12268307782308e-08	-2.12268307782308e-08
131.000999996265	0.12	-0.12	5.32317527699058e-08	1.630317650867e-08	-1.630317650867e-08
131.240999995867	0.12	-0.12	7.31105389229841e-08	1.55196155373808e-08	-1.55196155373808e-08
131.42100000302	0.06	-0.06	7.89874411991868e-08	1.97224905225095e-08	-1.97224905225095e-08
131.541000007788	0.06	-0.06	6.78119748208075e-08	1.92162106387192e-08	-1.92162106387192e-08
131.660999992689	0.06	-0.06	7.9751012449589e-08	1.89666581497839e-08	-1.89666581497839e-08
131.780999997457	0.06	-0.06	4.56388330057064e-08	1.76617706220406e-08	-1.76617706220406e-08
131.901000002225	0.06	-0.06	7.98080263614025e-08	1.72121046809641e-08	-1.72121046809641e-08
132.140999998517	0.18	-0.18	4.53749361133903e-08	1.00892128880322e-08	-1.00892128880322e-08
132.381000001431	0.06	-0.06	1.05725514437414e-07	1.98525459098624e-08	-1.98525459098624e-08
132.640999997854	0.2	-0.2	5.78269104971259e-08	1.27941615483051e-08	-1.27941615483051e-08
132.941000003815	0.1	-0.1	8.53619351856387e-08	2.06502743764887e-08	-2.06502743764887e-08
133.30099999978	0.26	-0.26	6.84641654917927e-08	1.62562733610836e-08	-1.62562733610836e-08
133.601000000238	0.04	-0.04	8.95404785117588e-08	2.22246350433284e-08	-2.22246350433284e-08
133.700999994278	0.06	-0.06	6.01804903971952e-08	1.42648983244205e-08	-1.42648983244205e-08
133.860999996662	0.1	-0.1	2.9622670439641e-08	7.201217878345e-09	-7.201217878345e-09
134.060999996662	0.1	-0.1	1.33932101788445e-08	4.4261325510095e-09	-4.4261325510095e-09
134.30100000109	0.14	-0.14	9.01220871839208e-09	2.06589241991489e-09	-2.06589241991489e-09
134.48099999547	0.04	-0.04	1.06139096509562e-08	2.59549723758031e-09	-2.59549723758031e-09
134.68099999845	0.16	-0.16	4.44240303617702e-09	9.86129136747069e-10	-9.86129136747069e-10
135.000999998748	0.16	-0.16	9.39838347140396e-09	2.89116730245595e-09	-2.89116730245595e-09
135.200999994278	0.04	-0.04	5.38903973667943e-08	1.13519509408679e-08	-1.13519509408679e-08
135.361000000636	0.12	-0.12	4.72766699025351e-08	1.11206824762584e-08	-1.11206824762584e-08
135.501000006199	0.02	-0.02	1.90383875487232e-07	4.39505736510312e-08	-4.39505736510312e-08
135.641000001828	0.12	-0.12	9.20128524261797e-08	2.72592767708554e-08	-2.72592767708554e-08
135.820999999046	0.06	-0.06	3.08355204638924e-07	7.22596810470649e-08	-7.22596810470649e-08
136.000999996265	0.12	-0.12	1.67958758058289e-07	4.14982912471638e-08	-4.14982912471638e-08
136.240999995867	0.12	-0.12	8.95885248990731e-08	2.23520591761914e-08	-2.23520591761914e-08
136.42100000302	0.06	-0.06	8.03033025695649e-08	1.99346333813214e-08	-1.99346333813214e-08
136.541000007788	0.06	-0.06	6.34876596288756e-08	1.45909216751456e-08	-1.45909216751456e-08
136.780999997457	0.18	-0.18	1.77060752380614e-08	4.61929693548177e-09	-4.61929693548177e-09
137.021000006994	0.06	-0.06	2.11183716257159e-08	5.27052104548715e-09	-5.27052104548715e-09
137.200999994278	0.12	-0.12	2.13036360033554e-08	5.91275058654807e-09	-5.91275058654807e-09
137.461000001771	0.14	-0.14	4.25706066089522e-08	1.04423502512602e-08	-1.04423502512602e-08
137.640999991894	0.04	-0.04	1.23843026151785e-07	3.03827274211637e-08	-3.03827274211637e-08
137.800999988317	0.04	-0.04	1.81166887484335e-07	4.4311718261472e-08	-4.4311718261472e-08
137.941000003815	0.1	-0.1	1.70103413102667e-07	4.05585163464287e-08	-4.05585163464287e-08
138.140999991894	0.1	-0.1	2.40381173865367e-07	5.75637595280425e-08	-5.75637595280425e-08
138.381000001431	0.14	-0.14	2.51518085901631e-07	6.48389649892459e-08	-6.48389649892459e-08
138.68099999845	0.16	-0.16	4.32578200409178e-07	8.50039296957378e-08	-8.50039296957378e-08
138.941000003815	0.1	-0.1	6.56922076832346e-07	1.27890301926706e-07	-1.27890301926706e-07
139.160999992688	0.12	-0.12	2.55137011250148e-07	7.90880167722987e-08	-7.90880167722987e-08
139.361000005603	0.08	-0.08	3.14328496970016e-07	6.90324847832029e-08	-6.90324847832029e-08
139.601000000238	0.16	-0.16	1.47809068177105e-07	3.17121906967107e-08	-3.17121906967107e-08
139.840999994874	0.08	-0.08	1.24150657289982e-07	2.92872059937265e-08	-2.92872059937265e-08
140.001000006199	0.08	-0.08	6.46347804288631e-08	2.37869079098182e-08	-2.37869079098182e-08
140.120999981165	0.04	-0.04	1.17763947856835e-07	2.85453475658721e-08	-2.85453475658721e-08
140.200999994278	0.04	-0.04	6.68940625548539e-08	2.76738876184485e-08	-2.76738876184485e-08
140.260999996662	0.02	-0.02	1.51112660984431e-07	3.51771699517661e-08	-3.51771699517661e-08
140.320999999046	0.04	-0.04	4.39689029112984e-08	2.13339428033737e-08	-2.13339428033737e-08
140.401000012159	0.04	-0.04	9.32641374945241e-08	2.07700459642142e-08	-2.07700459642142e-08
140.560999998649	0.12	-0.12	3.95808347301408e-08	8.95037978046881e-09	-8.95037978046881e-09
140.800999998252	0.12	-0.12	4.40282615590617e-08	1.05550611726944e-08	-1.05550611726944e-08
141.040999997854	0.12	-0.12	5.80891787712694e-08	1.65969947315393e-08	-1.65969947315393e-08
141.241000000834	0.08	-0.08	1.17276289330019e-07	2.91594871424542e-08	-2.91594871424542e-08
141.340999979973	0.02	-0.02	3.82743939294608e-07	7.38767332772454e-08	-7.38767332772454e-08
141.461000008583	0.1	-0.1	1.10210788990885e-07	4.07676404018322e-08	-4.07676404018322e-08
141.58099998951	0.02	-0.02	4.26319209383383e-07	1.05389589692435e-07	-1.05389589692435e-07
141.68099999845	0.08	-0.08	2.65164927752481e-07	6.06703577679344e-08	-6.06703577679344e-08
141.860999996662	0.1	-0.1	1.86856074798559e-07	6.06139085445032e-08	-6.06139085445032e-08
142.021000006994	0.06	-0.06	3.86662479329479e-07	9.4194214934612e-08	-9.4194214934612e-08
142.18099998951	0.1	-0.1	3.38787838808545e-07	8.42709928972655e-08	-8.42709928972655e-08
142.441000003815	0.16	-0.16	2.96813211472834e-07	7.85934359612533e-08	-7.85934359612533e-08
142.780999997457	0.18	-0.18	3.3523072356092e-07	7.15554042694496e-08	-7.15554042694496e-08
143.001000006199	0.04	-0.04	3.68016765184406e-07	8.75656236993176e-08	-8.75656236993176e-08
143.180999996322	0.14	-0.14	1.21546420269939e-07	3.12840900192056e-08	-3.12840900192056e-08
143.461000001771	0.14	-0.14	7.50663441647109e-08	1.5759535206699e-08	-1.5759535206699e-08
143.621000010967	0.02	-0.02	1.27719346044824e-07	2.6401741294396e-08	-2.6401741294396e-08
143.840999997854	0.2	-0.2	2.30045332995231e-08	5.25382000316447e-09	-5.25382000316447e-09
144.260999996662	0.22	-0.22	1.27975466038238e-08	3.27392090614643e-09	-3.27392090614643e-09
144.541000007788	0.06	-0.06	3.91866924148819e-08	9.79642049453247e-09	-9.79642049453247e-09
144.720999995073	0.12	-0.12	2.76842529883876e-08	9.18904775358304e-09	-9.18904775358304e-09
144.901000002225	0.06	-0.06	7.39340546137452e-08	1.7980604249803e-08	-1.7980604249803e-08
145.021000006994	0.06	-0.06	4.81715986250999e-08	2.18757265711116e-08	-2.18757265711116e-08
145.120999981165	0.04	-0.04	1.31742592015888e-07	3.0508008632013e-08	-3.0508008632013e-08
145.280999997457	0.12	-0.12	1.05424228604785e-07	2.41662664488376e-08	-2.41662664488376e-08
145.461000004609	0.06	-0.06	1.50397322971405e-07	3.55441293305998e-08	-3.55441293305998e-08
145.74099999948	0.22	-0.22	5.47726532894421e-08	1.76752909328559e-08	-1.76752909328559e-08
146.180999997096	0.22	-0.22	6.95983393302889e-08	1.66599850578264e-08	-1.66599850578264e-08
146.62100000013	0.22	-0.22	5.42221356048773e-08	1.5716696245839e-08	-1.5716696245839e-08
146.901000002225	0.06	-0.06	1.28198992073148e-07	2.95745016838657e-08	-2.95745016838657e-08
147.060999996662	0.1	-0.1	4.30810688559526e-08	2.14116443247971e-08	-2.14116443247971e-08
147.260999996662	0.1	-0.1	8.72939707332773e-08	2.15426487691994e-08	-2.15426487691994e-08
147.800999999155	0.44	-0.44	4.20809925412646e-08	8.60629929913756e-09	-8.60629929913756e-09
148.461000000997	0.22	-0.22	4.69547734755069e-08	1.00671158896623e-08	-1.00671158896623e-08
148.900999998613	0.22	-0.22	3.1572520238473e-08	9.19116839424442e-09	-9.19116839424442e-09
149.180999993483	0.06	-0.06	8.21772558915445e-08	1.73872492344738e-08	-1.73872492344738e-08
149.281000007391	0.04	-0.04	8.88149891473599e-08	2.2055229737586e-08	-2.2055229737586e-08
149.500999999576	0.18	-0.18	5.36099311879585e-08	1.13937839901679e-08	-1.13937839901679e-08
149.740999995867	0.06	-0.06	9.05872064504659e-08	2.18203663764262e-08	-2.18203663764262e-08
149.861000000636	0.06	-0.06	9.63699798214778e-08	2.27186075386684e-08	-2.27186075386684e-08
149.981000005404	0.06	-0.06	7.80528159853934e-08	2.45153873156084e-08	-2.45153873156084e-08
150.08099998951	0.04	-0.04	1.2240613071876e-07	2.96309226542887e-08	-2.96309226542887e-08
150.200999994278	0.08	-0.08	7.93552170836997e-08	2.29079984769193e-08	-2.29079984769193e-08
150.320999999046	0.04	-0.04	1.37662828930767e-07	3.37824562419544e-08	-3.37824562419544e-08
150.461000008583	0.1	-0.1	7.44236713105297e-08	1.82560090191406e-08	-1.82560090191406e-08
150.760999996662	0.2	-0.2	3.67967933747564e-08	8.67962400924317e-09	-8.67962400924317e-09
150.981000025272	0.02	-0.02	9.15598805108412e-08	2.12911536738564e-08	-2.12911536738564e-08
151.100999994278	0.1	-0.1	3.21322410986101e-08	7.74254066226288e-09	-7.74254066226288e-09
151.300999994278	0.1	-0.1	3.06806500809841e-08	7.29181693100849e-09	-7.29181693100849e-09
151.441000003815	0.04	-0.04	5.10550401306506e-08	1.18092789008853e-08	-1.18092789008853e-08
151.76100000092	0.28	-0.28	2.89572903953237e-08	5.28369883371284e-09	-5.28369883371284e-09
152.08099998951	0.04	-0.04	7.27744974684913e-08	1.67762641376315e-08	-1.67762641376315e-08
152.300999998252	0.18	-0.18	3.48192285434182e-08	8.43540514275548e-09	-8.43540514275548e-09
152.541000007788	0.06	-0.06	8.14150950129053e-08	1.74417223502462e-08	-1.74417223502462e-08
152.68099999845	0.08	-0.08	5.09192606130743e-08	1.72113744809205e-08	-1.72113744809205e-08
152.800999988317	0.04	-0.04	1.13348791793259e-07	2.79232489270732e-08	-2.79232489270732e-08
153.080999999444	0.24	-0.24	5.72486084353298e-08	1.38213046584981e-08	-1.38213046584981e-08
153.560999998649	0.24	-0.24	8.44503295544214e-08	2.02125639513604e-08	-2.02125639513604e-08
153.841000009775	0.04	-0.04	2.482203315511e-07	6.18795158375816e-08	-6.18795158375816e-08
154.28099999845	0.4	-0.4	8.45187907698159e-08	1.73167626835904e-08	-1.73167626835904e-08
154.760999996662	0.08	-0.08	1.16899329988535e-07	2.87876443333586e-08	-2.87876443333586e-08
154.881000001431	0.04	-0.04	1.69196673638582e-07	4.04107460710174e-08	-4.04107460710174e-08
155.020999999046	0.1	-0.1	7.2969269121657e-08	2.31005556804989e-08	-2.31005556804989e-08
155.140999991894	0.02	-0.02	2.30268722032102e-07	4.87323962249746e-08	-4.87323962249746e-08
155.220999995073	0.06	-0.06	9.10880427236581e-08	2.57506226572802e-08	-2.57506226572802e-08
155.340999999841	0.06	-0.06	1.09329675307325e-07	2.35860307797678e-08	-2.35860307797678e-08
155.441000003815	0.04	-0.04	1.36056532268167e-07	2.7370428052653e-08	-2.7370428052653e-08
155.541000007788	0.06	-0.06	7.21137465917896e-08	2.053110051887e-08	-2.053110051887e-08
155.621000010967	0.02	-0.02	1.43779630557689e-07	3.43238480282517e-08	-3.43238480282517e-08
155.800999995768	0.16	-0.16	5.90004780946604e-08	1.52005624221424e-08	-1.52005624221424e-08
156.001000006199	0.04	-0.04	1.6559030552761e-07	3.97600132120942e-08	-3.97600132120942e-08
156.100999990304	0.06	-0.06	1.07673476338117e-07	3.80123995877464e-08	-3.80123995877464e-08
156.220999995073	0.06	-0.06	1.74645106820861e-07	4.36043558615661e-08	-4.36043558615661e-08
156.401000002225	0.12	-0.12	1.73780398825393e-07	4.04159581993704e-08	-4.04159581993704e-08
156.581000009378	0.06	-0.06	2.55964193138883e-07	6.09484709345848e-08	-6.09484709345848e-08
156.800999995768	0.16	-0.16	9.3285946159213e-08	2.5574354579285e-08	-2.5574354579285e-08
157.120999996066	0.16	-0.16	7.120410511538e-08	1.5197843849456e-08	-1.5197843849456e-08
157.441000003815	0.16	-0.16	3.32675353224271e-08	8.99505335468498e-09	-8.99505335468498e-09
157.820999999046	0.22	-0.22	1.74695041889538e-08	4.27470076633522e-09	-4.27470076633522e-09
158.140999991894	0.1	-0.1	1.71925096317714e-08	3.74956444227643e-09	-3.74956444227643e-09
158.381000001431	0.14	-0.14	6.32048175116979e-09	2.66781810006453e-09	-2.66781810006453e-09
158.660999998365	0.14	-0.14	1.14798738922802e-08	2.72713440505254e-09	-2.72713440505254e-09
159.080999998025	0.28	-0.28	7.93717298422836e-09	1.9112487541397e-09	-1.9112487541397e-09
160.760999999217	1.4	-1.4	3.59090058674096e-09	7.54907426526199e-10	-7.54907426526199e-10
162.401000002225	0.24	-0.24	6.4866327643083e-09	1.61261182848737e-09	-1.61261182848737e-09
163.280999998078	0.64	-0.64	2.71082468475526e-09	9.64571753382104e-10	-9.64571753382104e-10
164.241000000834	0.32	-0.32	5.15309831346806e-09	1.27253477048318e-09	-1.27253477048318e-09
165.380999998523	0.82	-0.82	3.64872592833174e-09	8.61816208026906e-10	-8.61816208026906e-10
167.020999998756	0.82	-0.82	5.50804437591115e-09	1.08479304913647e-09	-1.08479304913647e-09
167.961000004609	0.12	-0.12	1.36144560270498e-08	3.30217906799931e-09	-3.30217906799931e-09
168.580999999046	0.5	-0.5	6.33996322765571e-09	1.73569874817285e-09	-1.73569874817285e-09
169.120999981165	0.04	-0.04	2.65517291504111e-08	6.43476001732757e-09	-6.43476001732757e-09
172.400999999282	3.24	-3.24	4.27539886099977e-09	1.17171650117103e-09	-1.17171650117103e-09
176.000999996265	0.36	-0.36	2.64316295355918e-08	5.79336939774426e-09	-5.79336939774426e-09
178.120999999453	1.76	-1.76	1.70294382116487e-08	3.5860685377219e-09	-3.5860685377219e-09
183.840999998938	3.96	-3.96	2.23238561601706e-08	5.37198827915279e-09	-5.37198827915279e-09
199.680999999104	11.8799999999998	-11.8799999999998	2.99196784334244e-08	1.02511889696254e-08	-1.02511889696254e-08
211.760999996662	0.2	-0.2	4.25628582869008e-07	1.06026947812844e-07	-1.06026947812844e-07
