## BAT - batSNR4flux
0.0810000044107437	0.08	-0.08	1.05649492132974e-08	4.04838191257876e-09	-4.04838191257876e-09
0.201000009179115	0.04	-0.04	2.37915847008246e-08	5.78430379431472e-09	-5.78430379431472e-09
0.381000005687986	0.14	-0.14	1.43029053291467e-08	3.17824129852216e-09	-3.17824129852216e-09
0.68100000590086	0.16	-0.16	1.52328603740675e-08	3.22682071696109e-09	-3.22682071696109e-09
0.90100000222524	0.06	-0.06	2.64537233613505e-08	6.39581419016579e-09	-6.39581419016579e-09
1.12100000351667	0.16	-0.16	1.81587187216396e-08	4.70630807582876e-09	-4.70630807582876e-09
1.32100001394749	0.04	-0.04	4.96949009159101e-08	1.15184036285171e-08	-1.15184036285171e-08
1.4410000038147	0.08	-0.08	2.87912041068459e-08	9.06981135282021e-09	-9.06981135282021e-09
1.601000007689	0.08	-0.08	4.07158128099402e-08	9.708677061473e-09	-9.708677061473e-09
1.76100000411272	0.08	-0.08	3.97240641499455e-08	1.16507199876613e-08	-1.16507199876613e-08
1.86099999070168	0.02	-0.02	1.04719237960218e-07	2.46845304693834e-08	-2.46845304693834e-08
2.00100000619888	0.12	-0.12	5.17455637233111e-08	1.1440354273205e-08	-1.1440354273205e-08
2.18100000341733	0.06	-0.06	7.72329970089436e-08	1.88784282108384e-08	-1.88784282108384e-08
2.3010000081857	0.06	-0.06	6.20533866744876e-08	2.0612114370968e-08	-2.0612114370968e-08
2.42100000301997	0.06	-0.06	1.11839892660774e-07	2.26301972534659e-08	-2.26301972534659e-08
2.56100000858307	0.08	-0.08	6.83876206908757e-08	2.23465514353427e-08	-2.23465514353427e-08
2.72100000500679	0.08	-0.08	9.68061980592132e-08	2.30136283814416e-08	-2.30136283814416e-08
2.88100000143051	0.08	-0.08	7.08877111945427e-08	2.00210561133791e-08	-2.00210561133791e-08
3.02100000699361	0.06	-0.06	8.24185651933728e-08	2.0029067966006e-08	-2.0029067966006e-08
3.14100000182788	0.06	-0.06	7.48697151363256e-08	1.83686777439475e-08	-1.83686777439475e-08
3.26100000659625	0.06	-0.06	6.49315639498898e-08	1.54062406413676e-08	-1.54062406413676e-08
3.40100000470877	0.08	-0.08	4.2448399125643e-08	1.19391149886748e-08	-1.19391149886748e-08
3.56100000858307	0.08	-0.08	5.2223743443689e-08	1.06126700786301e-08	-1.06126700786301e-08
3.72100000500679	0.08	-0.08	2.14800179398406e-08	9.10376008383689e-09	-9.10376008383689e-09
3.840999994874	0.04	-0.04	5.0142734807375e-08	1.15603094245956e-08	-1.15603094245956e-08
3.92100000798702	0.04	-0.04	4.96030009533551e-08	1.14254191375596e-08	-1.14254191375596e-08
4.12100000351667	0.16	-0.16	1.79516907184073e-08	5.40187065993152e-09	-5.40187065993152e-09
4.32100001394749	0.04	-0.04	6.07890412522588e-08	1.28511862953828e-08	-1.28511862953828e-08
4.4610000026226	0.1	-0.1	4.04450800466258e-08	9.30027320935506e-09	-9.30027320935506e-09
4.5810000193119	0.02	-0.02	8.67492170650361e-08	2.1388870594635e-08	-2.1388870594635e-08
4.72100000500679	0.12	-0.12	4.68272362597115e-08	1.02380508146853e-08	-1.02380508146853e-08
4.90100000222524	0.06	-0.06	7.00859150976311e-08	1.69402844074068e-08	-1.69402844074068e-08
5.08100000441074	0.12	-0.12	4.46689305731636e-08	1.33964678155991e-08	-1.33964678155991e-08
5.26100000659625	0.06	-0.06	9.73698646251398e-08	2.31400720147514e-08	-2.31400720147514e-08
5.36100000560284	0.04	-0.04	1.30888133059099e-07	3.00056046225632e-08	-3.00056046225632e-08
5.46100000460943	0.06	-0.06	6.21896090772745e-08	1.97103038597861e-08	-1.97103038597861e-08
5.5810000093778	0.06	-0.06	4.93345331425965e-08	1.22969241851253e-08	-1.22969241851253e-08
5.70100000421206	0.06	-0.06	2.32391525872739e-08	7.81721613609529e-09	-7.81721613609529e-09
5.82099999904633	0.06	-0.06	2.16104550830725e-08	5.26746935187336e-09	-5.26746935187336e-09
5.9410000038147	0.06	-0.06	1.10039330945484e-08	3.2731465176591e-09	-3.2731465176591e-09
6.06100000858307	0.06	-0.06	9.14212808409211e-09	2.04766559593874e-09	-2.04766559593874e-09
6.20100000172853	0.08	-0.08	3.54832866998799e-09	1.10032182218968e-09	-1.10032182218968e-09
6.30100001811981	0.02	-0.02	9.39614117867558e-09	2.04142627496023e-09	-2.04142627496023e-09
6.40100000470877	0.08	-0.08	5.06339421554252e-09	1.09229586194232e-09	-1.09229586194232e-09
6.56100000858307	0.08	-0.08	4.39472600070475e-09	1.14644860933124e-09	-1.14644860933124e-09
6.72100000500679	0.08	-0.08	5.46347236383084e-09	1.24099278090642e-09	-1.24099278090642e-09
6.90100000023842	0.1	-0.1	4.99887690584554e-09	1.14634559927727e-09	-1.14634559927727e-09
7.02100001692772	0.02	-0.02	1.11807413797748e-08	2.66479285974879e-09	-2.66479285974879e-09
7.06100000858307	0.02	-0.02	1.29449409959601e-08	2.90438254980216e-09	-2.90438254980216e-09
7.1610000026226	0.08	-0.08	6.21194188460721e-09	1.42858303637179e-09	-1.42858303637179e-09
7.28100000739098	0.04	-0.04	1.09829851755235e-08	2.38267021842985e-09	-2.38267021842985e-09
7.36100000560284	0.04	-0.04	1.10755880773124e-08	3.14378514342934e-09	-3.14378514342934e-09
7.42099999308586	0.02	-0.02	2.65511456024943e-08	5.64555738442519e-09	-5.64555738442519e-09
7.48100001037121	0.04	-0.04	1.97452463081995e-08	4.49494541952392e-09	-4.49494541952392e-09
7.56100000858307	0.04	-0.04	2.15403871221049e-08	5.81726104829422e-09	-5.81726104829422e-09
7.64100000679493	0.04	-0.04	3.60599977492349e-08	7.89512454696729e-09	-7.89512454696729e-09
7.72100000500679	0.04	-0.04	2.73637285807568e-08	9.936858840693e-09	-9.936858840693e-09
7.78100000739098	0.02	-0.02	7.90631621198966e-08	1.84343787070418e-08	-1.84343787070418e-08
7.840999994874	0.04	-0.04	7.45892176913496e-08	1.52498839387399e-08	-1.52498839387399e-08
7.9410000038147	0.06	-0.06	7.33768500663838e-08	1.49446877546262e-08	-1.49446877546262e-08
8.02100001692772	0.02	-0.02	1.09048582437029e-07	2.62162018789424e-08	-2.62162018789424e-08
8.10100000023842	0.06	-0.06	7.53838858878708e-08	1.46424154902034e-08	-1.46424154902034e-08
8.18100001335144	0.02	-0.02	1.20321256435846e-07	2.69591525714984e-08	-2.69591525714984e-08
8.24100000083446	0.04	-0.04	5.06501915641169e-08	1.7970069041026e-08	-1.7970069041026e-08
8.32100001394749	0.04	-0.04	7.38758442505126e-08	1.80174785037956e-08	-1.80174785037956e-08
8.40099999725819	0.04	-0.04	6.64115517116285e-08	1.61326472534171e-08	-1.61326472534171e-08
8.54100000977516	0.1	-0.1	3.06541701415528e-08	9.0553039735386e-09	-9.0553039735386e-09
8.6610000026226	0.02	-0.02	8.85566977031515e-08	1.81628087548869e-08	-1.81628087548869e-08
8.76100000411272	0.08	-0.08	3.49243643845352e-08	7.7603280817276e-09	-7.7603280817276e-09
8.9410000038147	0.1	-0.1	2.31743290215589e-08	5.87330089394828e-09	-5.87330089394828e-09
9.10100000023842	0.06	-0.06	3.07402250238923e-08	6.11975979419712e-09	-6.11975979419712e-09
9.24100000828505	0.08	-0.08	2.62938943223882e-08	5.2094846507668e-09	-5.2094846507668e-09
9.36100000560284	0.04	-0.04	3.22152824057013e-08	7.15701061199555e-09	-7.15701061199555e-09
9.48100000292063	0.08	-0.08	2.03464021352701e-08	4.84701107761528e-09	-4.84701107761528e-09
9.60100001513958	0.04	-0.04	2.71034710976424e-08	6.57258086524013e-09	-6.57258086524013e-09
9.7410000038147	0.1	-0.1	1.37777054887415e-08	3.82597584679439e-09	-3.82597584679439e-09
9.9410000038147	0.1	-0.1	1.56266158773479e-08	3.54789733500791e-09	-3.54789733500791e-09
10.1410000038147	0.1	-0.1	1.2396418722591e-08	2.98181169331214e-09	-2.98181169331214e-09
10.3010000081857	0.06	-0.06	1.57283400793114e-08	3.5746829071015e-09	-3.5746829071015e-09
10.42100000302	0.06	-0.06	1.14692930522921e-08	3.03806845402605e-09	-3.03806845402605e-09
10.5010000061989	0.02	-0.02	2.46033078058068e-08	5.30250716080477e-09	-5.30250716080477e-09
10.5810000093778	0.06	-0.06	1.06158898144796e-08	2.82027872139779e-09	-2.82027872139779e-09
10.6610000026226	0.02	-0.02	2.39672884767608e-08	4.3378959729632e-09	-4.3378959729632e-09
10.7210000050068	0.04	-0.04	9.64626272573535e-09	3.04552083636886e-09	-3.04552083636886e-09
10.8010000032187	0.04	-0.04	1.0991354662617e-08	2.70895816337113e-09	-2.70895816337113e-09
10.9210000005364	0.08	-0.08	1.93981588415594e-08	3.69721469804211e-09	-3.69721469804211e-09
11.0410000127554	0.04	-0.04	3.87076548256104e-08	8.99414254020216e-09	-8.99414254020216e-09
11.1610000026226	0.08	-0.08	5.7647078974959e-08	1.13292651142034e-08	-1.13292651142034e-08
11.281000007391	0.04	-0.04	1.22242283949696e-07	2.81653687212257e-08	-2.81653687212257e-08
11.3610000056028	0.04	-0.04	1.29838463809723e-07	4.19507667350158e-08	-4.19507667350158e-08
11.4410000038147	0.04	-0.04	2.67435916729126e-07	6.16018532101875e-08	-6.16018532101875e-08
11.5610000085831	0.08	-0.08	3.49039949433428e-07	7.34881654767818e-08	-7.34881654767818e-08
11.7210000050068	0.08	-0.08	1.59434549838814e-07	4.14892591387311e-08	-4.14892591387311e-08
11.840999994874	0.04	-0.04	2.10592825573195e-07	4.00670366031965e-08	-4.00670366031965e-08
11.921000007987	0.04	-0.04	1.26943089896289e-07	2.83371852875259e-08	-2.83371852875259e-08
12.0810000044107	0.12	-0.12	4.51400466291547e-08	9.00137683333566e-09	-9.00137683333566e-09
12.2610000065962	0.06	-0.06	4.18502366915246e-08	9.45340233462764e-09	-9.45340233462764e-09
12.5010000061989	0.06	-0.06	5.24461807482679e-08	1.24740827593588e-08	-1.24740827593588e-08
12.6210000109673	0.06	-0.06	6.24153481510856e-08	1.43152070679346e-08	-1.43152070679346e-08
12.8010000032186	0.12	-0.12	6.2251485847355e-08	1.28244993862964e-08	-1.28244993862964e-08
13.0010000061989	0.08	-0.08	5.84815163029043e-08	1.26243723809947e-08	-1.26243723809947e-08
13.1209999960661	0.04	-0.04	6.34765688555569e-08	1.45362240785274e-08	-1.45362240785274e-08
13.241000008285	0.08	-0.08	3.5356003619085e-08	8.47691837095729e-09	-8.47691837095729e-09
13.4010000047088	0.08	-0.08	2.87605901302618e-08	6.34764470357656e-09	-6.34764470357656e-09
13.5210000020266	0.04	-0.04	3.97709408975065e-08	8.21513894234065e-09	-8.21513894234065e-09
13.6210000109673	0.06	-0.06	2.2821727551879e-08	6.05544591057822e-09	-6.05544591057822e-09
13.700999994278	0.02	-0.02	4.01944973832498e-08	9.84729076072827e-09	-9.84729076072827e-09
13.7610000115633	0.04	-0.04	2.94328896257413e-08	7.15097584380857e-09	-7.15097584380857e-09
13.840999994874	0.04	-0.04	3.56836445468475e-08	6.91403432514118e-09	-6.91403432514118e-09
13.961000007093	0.08	-0.08	1.99877186099576e-08	4.47830707219884e-09	-4.47830707219884e-09
14.0810000044107	0.04	-0.04	2.34369354781308e-08	5.69378221579744e-09	-5.69378221579744e-09
14.1610000026226	0.04	-0.04	2.27515347250342e-08	5.49050390831371e-09	-5.49050390831371e-09
14.3210000040134	0.12	-0.12	1.25062027196033e-08	3.06592978124321e-09	-3.06592978124321e-09
14.5210000094771	0.08	-0.08	1.76258360525263e-08	3.84195895378578e-09	-3.84195895378578e-09
14.6410000067949	0.04	-0.04	2.55830997264465e-08	5.06927430408351e-09	-5.06927430408351e-09
14.7610000041127	0.08	-0.08	1.77827263793643e-08	3.55570067281506e-09	-3.55570067281506e-09
14.9210000005364	0.08	-0.08	1.29772387428353e-08	3.51540923918824e-09	-3.51540923918824e-09
15.0410000127554	0.04	-0.04	2.29620951141927e-08	5.24916115144707e-09	-5.24916115144707e-09
15.1610000026226	0.08	-0.08	1.42168794023599e-08	3.54244793169438e-09	-3.54244793169438e-09
15.3210000064969	0.08	-0.08	1.52877373232896e-08	3.56851053004702e-09	-3.56851053004702e-09
15.5210000069936	0.12	-0.12	1.01485255620818e-08	2.7929926665402e-09	-2.7929926665402e-09
15.6809999984503	0.04	-0.04	2.11468602141937e-08	4.77849010628412e-09	-4.77849010628412e-09
15.8410000048081	0.12	-0.12	9.5198086627271e-09	2.93722228775594e-09	-2.93722228775594e-09
16.0210000069936	0.06	-0.06	1.94455237172795e-08	4.57606103785876e-09	-4.57606103785876e-09
16.2410000008345	0.04	-0.04	2.34653594800108e-08	5.77970704861352e-09	-5.77970704861352e-09
16.4610000079208	0.18	-0.18	1.3259065143089e-08	3.03468187667422e-09	-3.03468187667422e-09
16.7010000042121	0.06	-0.06	2.92567228003768e-08	5.78717219311585e-09	-5.78717219311585e-09
16.8010000032187	0.04	-0.04	3.22589740210466e-08	7.64796677431277e-09	-7.64796677431277e-09
16.9210000005364	0.08	-0.08	2.35650054410895e-08	5.58438410671776e-09	-5.58438410671776e-09
17.1010000061989	0.1	-0.1	1.86347360003488e-08	5.3784969575434e-09	-5.3784969575434e-09
17.3010000061989	0.1	-0.1	2.50657355079114e-08	6.15980507039391e-09	-6.15980507039391e-09
17.5010000061989	0.1	-0.1	3.10147620137423e-08	7.23521981120584e-09	-7.23521981120584e-09
17.7010000061989	0.1	-0.1	2.21300896609279e-08	8.82812949577746e-09	-8.82812949577746e-09
17.8810000014305	0.08	-0.08	4.5460384026404e-08	1.09843340189744e-08	-1.09843340189744e-08
18.0810000044107	0.12	-0.12	4.61627615770377e-08	1.09188464411451e-08	-1.09188464411451e-08
18.2410000008345	0.04	-0.04	9.13643667769219e-08	2.18285477624265e-08	-2.18285477624265e-08
18.3610000056028	0.08	-0.08	7.5413291796943e-08	1.62806799941238e-08	-1.62806799941238e-08
18.601000007689	0.16	-0.16	5.98765419239027e-08	1.38908179883103e-08	-1.38908179883103e-08
18.8209999990463	0.06	-0.06	1.10361474330412e-07	2.55506381229723e-08	-2.55506381229723e-08
18.9410000038147	0.06	-0.06	1.22805761378008e-07	2.9087263101797e-08	-2.9087263101797e-08
19.0610000085831	0.06	-0.06	7.90998897376746e-08	2.29533977012583e-08	-2.29533977012583e-08
19.1409999918938	0.02	-0.02	1.53335122940667e-07	3.35271540490589e-08	-3.35271540490589e-08
19.2210000050068	0.06	-0.06	7.37376643348869e-08	1.90016331573791e-08	-1.90016331573791e-08
19.3010000181198	0.02	-0.02	1.19326797825695e-07	2.75374347369157e-08	-2.75374347369157e-08
19.3410000097752	0.02	-0.02	7.03934143580898e-08	2.76999258457586e-08	-2.76999258457586e-08
19.3810000014305	0.02	-0.02	1.15674008238188e-07	2.61571875217917e-08	-2.61571875217917e-08
19.5410000063692	0.14	-0.14	2.69977277921145e-08	7.28105686932319e-09	-7.28105686932319e-09
19.700999994278	0.02	-0.02	6.79152594078684e-08	1.61206638753587e-08	-1.61206638753587e-08
19.8010000032187	0.08	-0.08	2.713926125311e-08	6.46630760375549e-09	-6.46630760375549e-09
19.981000007391	0.1	-0.1	1.3509925443523e-08	4.15845271748529e-09	-4.15845271748529e-09
20.1410000018279	0.06	-0.06	1.84297781667807e-08	4.15411212429506e-09	-4.15411212429506e-09
20.281000007391	0.08	-0.08	1.09594699838538e-08	2.89097882442911e-09	-2.89097882442911e-09
20.4009999972582	0.04	-0.04	1.4290398113273e-08	3.56624645407036e-09	-3.56624645407036e-09
20.6810000059009	0.24	-0.24	9.80388644724236e-09	2.08129192020853e-09	-2.08129192020853e-09
21.0810000044107	0.16	-0.16	1.66326318711213e-08	4.02249405132574e-09	-4.02249405132574e-09
21.381000005688	0.14	-0.14	2.72987631965823e-08	6.25556421469627e-09	-6.25556421469627e-09
21.5810000093778	0.06	-0.06	4.97562040834287e-08	1.21065521741236e-08	-1.21065521741236e-08
21.7010000042121	0.06	-0.06	6.34838883472576e-08	1.4511310079492e-08	-1.4511310079492e-08
21.8209999990463	0.06	-0.06	4.42950428592956e-08	1.5797650970793e-08	-1.5797650970793e-08
21.9410000038147	0.06	-0.06	7.56696503875492e-08	1.44494152172754e-08	-1.44494152172754e-08
22.2410000058015	0.24	-0.24	2.85571745653997e-08	5.39422903900838e-09	-5.39422903900838e-09
22.5410000077883	0.06	-0.06	3.9998009428455e-08	8.76278087101023e-09	-8.76278087101023e-09
22.7210000050068	0.12	-0.12	1.88101102899929e-08	4.96677444080788e-09	-4.96677444080788e-09
22.8609999907017	0.02	-0.02	4.86566903091303e-08	1.10365124015389e-08	-1.10365124015389e-08
23.0410000053048	0.16	-0.16	1.61909368029705e-08	3.37995124928733e-09	-3.37995124928733e-09
23.2410000008345	0.04	-0.04	2.5433583255588e-08	5.82053705102182e-09	-5.82053705102182e-09
23.4010000071923	0.12	-0.12	1.06105900752177e-08	2.97205820805901e-09	-2.97205820805901e-09
23.5810000093778	0.06	-0.06	1.76729861289656e-08	3.62566104161206e-09	-3.62566104161206e-09
23.7610000016292	0.12	-0.12	1.0156933655173e-08	2.36891310764339e-09	-2.36891310764339e-09
24.0210000041553	0.14	-0.14	5.11921238578996e-09	1.77123481518592e-09	-1.77123481518592e-09
24.2010000091791	0.04	-0.04	1.29438673726604e-08	2.93681931686618e-09	-2.93681931686618e-09
24.3610000056028	0.12	-0.12	3.9755515757994e-09	1.51430915654409e-09	-1.51430915654409e-09
24.5410000077883	0.06	-0.06	8.61684138752231e-09	1.87814735683059e-09	-1.87814735683059e-09
24.8410000048081	0.24	-0.24	2.98261344948566e-09	1.027410920263e-09	-1.027410920263e-09
25.2410000045598	0.16	-0.16	7.16862330433236e-09	1.69287976855658e-09	-1.69287976855658e-09
25.4810000029206	0.08	-0.08	1.22383685566132e-08	3.05853718252434e-09	-3.05853718252434e-09
25.6810000083844	0.12	-0.12	9.02518449462206e-09	2.86392598403417e-09	-2.86392598403417e-09
25.8610000006358	0.06	-0.06	1.80169926146926e-08	4.37959780873348e-09	-4.37959780873348e-09
25.9810000054042	0.06	-0.06	1.23622025139092e-08	4.99084482037985e-09	-4.99084482037985e-09
26.1010000002384	0.06	-0.06	2.28677343695832e-08	5.48235779209694e-09	-5.48235779209694e-09
26.2010000091791	0.04	-0.04	3.06915138481796e-08	7.32563151692728e-09	-7.32563151692728e-09
26.3210000064969	0.08	-0.08	2.61215362075861e-08	6.07803088340327e-09	-6.07803088340327e-09
26.5410000063692	0.14	-0.14	2.49732936203322e-08	5.50700244789154e-09	-5.50700244789154e-09
26.8210000033038	0.14	-0.14	3.04357220463583e-08	7.35107217983259e-09	-7.35107217983259e-09
27.0210000069936	0.06	-0.06	5.67150531876027e-08	1.34914688890707e-08	-1.34914688890707e-08
27.1410000018279	0.06	-0.06	5.90078008813187e-08	1.5546904959021e-08	-1.5546904959021e-08
27.2610000065962	0.06	-0.06	8.2689329408069e-08	1.85499660312522e-08	-1.85499660312522e-08
27.3810000014305	0.06	-0.06	7.5970332805774e-08	2.00889109915221e-08	-2.00889109915221e-08
27.5210000094771	0.08	-0.08	1.05370056774733e-07	2.12575131105691e-08	-2.12575131105691e-08
27.6210000109673	0.02	-0.02	1.35550751148308e-07	3.27124024751739e-08	-3.27124024751739e-08
27.6610000026226	0.02	-0.02	1.24651816534705e-07	2.98906140442023e-08	-2.98906140442023e-08
27.7210000050068	0.04	-0.04	8.56040710205819e-08	1.68795490983426e-08	-1.68795490983426e-08
27.8010000032187	0.04	-0.04	4.84723739832345e-08	1.24441614071394e-08	-1.24441614071394e-08
27.8810000014305	0.04	-0.04	4.64500911306874e-08	9.26231644883621e-09	-9.26231644883621e-09
27.9609999996424	0.04	-0.04	2.39998485812387e-08	6.66589382811203e-09	-6.66589382811203e-09
28.0410000127554	0.04	-0.04	2.14956068268479e-08	4.73354142093142e-09	-4.73354142093142e-09
28.1209999960661	0.04	-0.04	1.61349489153563e-08	3.69130002434771e-09	-3.69130002434771e-09
28.241000008285	0.08	-0.08	1.08069864318038e-08	2.00317451719323e-09	-2.00317451719323e-09
28.3410000097752	0.02	-0.02	2.31235623924292e-08	4.47748087521321e-09	-4.47748087521321e-09
28.3810000014305	0.02	-0.02	1.43787451041363e-08	4.81336144575042e-09	-4.81336144575042e-09
28.4209999930859	0.02	-0.02	2.24273115250758e-08	5.29143493396565e-09	-5.29143493396565e-09
28.4810000103712	0.04	-0.04	1.91561842764957e-08	4.21913492700573e-09	-4.21913492700573e-09
28.5810000093778	0.06	-0.06	1.25982100019493e-08	3.63511045490073e-09	-3.63511045490073e-09
28.6610000026226	0.02	-0.02	3.03051024618853e-08	6.9537856032556e-09	-6.9537856032556e-09
28.7410000058015	0.06	-0.06	2.64026522654556e-08	4.57793541175988e-09	-4.57793541175988e-09
28.8209999990463	0.02	-0.02	4.53271366137215e-08	8.67376667356374e-09	-8.67376667356374e-09
28.8810000014305	0.04	-0.04	1.92153105014334e-08	6.31340863711284e-09	-6.31340863711284e-09
28.9609999996424	0.04	-0.04	2.96190118252276e-08	6.58981127732596e-09	-6.58981127732596e-09
29.0210000169277	0.02	-0.02	3.86040736141552e-08	9.06144537349677e-09	-9.06144537349677e-09
29.0610000085831	0.02	-0.02	4.36237927441133e-08	9.32083176718914e-09	-9.32083176718914e-09
29.1209999960661	0.04	-0.04	2.74797644081563e-08	6.17004493117261e-09	-6.17004493117261e-09
29.2010000091791	0.04	-0.04	1.69790689676192e-08	6.85678699457707e-09	-6.85678699457707e-09
29.3010000081857	0.06	-0.06	3.04937003440521e-08	5.42141394083925e-09	-5.42141394083925e-09
29.3810000014305	0.02	-0.02	5.59668474410954e-08	9.91261515965028e-09	-9.91261515965028e-09
29.4410000038147	0.04	-0.04	1.74779164908737e-08	6.82489457460319e-09	-6.82489457460319e-09
29.5210000020266	0.04	-0.04	3.45751970513695e-08	7.43055659615512e-09	-7.43055659615512e-09
29.5810000193119	0.02	-0.02	4.91835443853604e-08	1.11198711204694e-08	-1.11198711204694e-08
29.6210000109673	0.02	-0.02	3.58500046658459e-08	1.07972953814428e-08	-1.07972953814428e-08
29.6610000026226	0.02	-0.02	5.55649720487782e-08	1.18933118559662e-08	-1.18933118559662e-08
29.7410000058015	0.06	-0.06	3.3166433180961e-08	7.17154389264818e-09	-7.17154389264818e-09
29.8209999990463	0.02	-0.02	6.39935423647957e-08	1.52314492333019e-08	-1.52314492333019e-08
29.9010000022252	0.06	-0.06	3.81095938995888e-08	8.57590942925346e-09	-8.57590942925346e-09
29.98099999547	0.02	-0.02	6.73273821468789e-08	1.61443083820368e-08	-1.61443083820368e-08
30.0410000127554	0.04	-0.04	4.79478795378349e-08	1.17178498014151e-08	-1.17178498014151e-08
30.1209999960661	0.04	-0.04	5.74764320605383e-08	1.29280497277885e-08	-1.29280497277885e-08
30.1810000133514	0.02	-0.02	9.81138050111724e-08	1.85173360272513e-08	-1.85173360272513e-08
30.2410000008345	0.04	-0.04	6.2459704606428e-08	1.4610823276677e-08	-1.4610823276677e-08
30.3210000139475	0.04	-0.04	5.42599201886358e-08	1.49692451285912e-08	-1.49692451285912e-08
30.42100000302	0.06	-0.06	5.71787727072633e-08	1.25825981583472e-08	-1.25825981583472e-08
30.5010000061989	0.02	-0.02	1.51626442208866e-07	2.5329897731635e-08	-2.5329897731635e-08
30.5810000093778	0.06	-0.06	6.11654710884259e-08	1.38294325086405e-08	-1.38294325086405e-08
30.7210000050068	0.08	-0.08	6.05259793455313e-08	1.32739994637619e-08	-1.32739994637619e-08
30.8209999990463	0.02	-0.02	9.62396284732056e-08	2.35822593321352e-08	-2.35822593321352e-08
30.8609999907017	0.02	-0.02	7.26919248397194e-08	2.16164621854645e-08	-2.16164621854645e-08
30.9010000121593	0.02	-0.02	7.06279110128652e-08	1.7520489179815e-08	-1.7520489179815e-08
30.9609999996424	0.04	-0.04	5.74881761216934e-08	1.07667826978902e-08	-1.07667826978902e-08
31.0410000127554	0.04	-0.04	3.72888522297549e-08	8.18730873480615e-09	-8.18730873480615e-09
31.1209999960661	0.04	-0.04	1.74952219307844e-08	6.53369326658202e-09	-6.53369326658202e-09
31.1810000133514	0.02	-0.02	4.37929399771567e-08	7.93741733498513e-09	-7.93741733498513e-09
31.2210000050068	0.02	-0.02	3.64070991947681e-08	7.10379765384692e-09	-7.10379765384692e-09
31.2609999966621	0.02	-0.02	2.61637656491459e-08	5.87675698215771e-09	-5.87675698215771e-09
31.3010000181198	0.02	-0.02	3.11943510073395e-08	6.0279090773951e-09	-6.0279090773951e-09
31.3410000097752	0.02	-0.02	4.05058617472403e-08	7.27357868460973e-09	-7.27357868460973e-09
31.3810000014305	0.02	-0.02	3.76795143844621e-08	7.50122676661228e-09	-7.50122676661228e-09
31.4209999930859	0.02	-0.02	4.50419730536066e-08	8.18407673646921e-09	-8.18407673646921e-09
31.4610000145435	0.02	-0.02	3.91027768779281e-08	1.01041343275803e-08	-1.01041343275803e-08
31.5010000061989	0.02	-0.02	7.22470124117091e-08	1.15384975688925e-08	-1.15384975688925e-08
31.5409999978542	0.02	-0.02	8.76513286981922e-08	1.16304687225309e-08	-1.16304687225309e-08
31.5810000193119	0.02	-0.02	5.46119124373247e-08	9.38052569307968e-09	-9.38052569307968e-09
31.6210000109673	0.02	-0.02	4.86762301125944e-08	7.85224442086593e-09	-7.85224442086593e-09
31.6610000026226	0.02	-0.02	3.4378676916664e-08	5.7962045187111e-09	-5.7962045187111e-09
31.700999994278	0.02	-0.02	2.80036413379826e-08	4.98405156689952e-09	-4.98405156689952e-09
31.7410000157356	0.02	-0.02	1.95159858174374e-08	3.91306226160899e-09	-3.91306226160899e-09
31.8209999990463	0.06	-0.06	1.26096471593391e-08	2.04391193505621e-09	-2.04391193505621e-09
31.9010000121593	0.02	-0.02	2.02010284844653e-08	4.01205145144146e-09	-4.01205145144146e-09
31.9810000054042	0.06	-0.06	1.1439696155177e-08	2.45023004199855e-09	-2.45023004199855e-09
32.0610000085831	0.02	-0.02	2.17754084488405e-08	4.74675710745184e-09	-4.74675710745184e-09
32.1410000018279	0.06	-0.06	1.90795044477958e-08	2.85530292071923e-09	-2.85530292071923e-09
32.2210000050068	0.02	-0.02	2.40101260780984e-08	5.91507419244975e-09	-5.91507419244975e-09
32.2609999966621	0.02	-0.02	2.99201198060087e-08	5.97550133990547e-09	-5.97550133990547e-09
32.3010000181198	0.02	-0.02	2.53501366793182e-08	5.78390162957891e-09	-5.78390162957891e-09
32.3410000097752	0.02	-0.02	2.83799833135126e-08	6.37440823509932e-09	-6.37440823509932e-09
32.3810000014305	0.02	-0.02	3.33391055131152e-08	6.80574954382131e-09	-6.80574954382131e-09
32.4209999930859	0.02	-0.02	2.18773835293536e-08	6.17413754968461e-09	-6.17413754968461e-09
32.4610000145435	0.02	-0.02	2.82228125662645e-08	7.04219611517087e-09	-7.04219611517087e-09
32.5010000061989	0.02	-0.02	2.79924843461369e-08	7.81927580139221e-09	-7.81927580139221e-09
32.5409999978542	0.02	-0.02	3.63587128893841e-08	7.6007548675894e-09	-7.6007548675894e-09
32.6010000151396	0.04	-0.04	1.72647588661302e-08	5.97776067635564e-09	-5.97776067635564e-09
32.7010000042121	0.06	-0.06	2.80078253428855e-08	5.07573329685625e-09	-5.07573329685625e-09
32.781000007391	0.02	-0.02	4.78995923554774e-08	1.00894225278397e-08	-1.00894225278397e-08
32.840999994874	0.04	-0.04	3.3331891560015e-08	6.91575552264598e-09	-6.91575552264598e-09
32.9410000038147	0.06	-0.06	3.61993302693887e-08	6.42928891366287e-09	-6.42928891366287e-09
33.0210000169277	0.02	-0.02	5.00265849556158e-08	1.22583085195239e-08	-1.22583085195239e-08
33.0610000085831	0.02	-0.02	3.63503821854003e-08	1.23051201579004e-08	-1.23051201579004e-08
33.1010000002384	0.02	-0.02	7.98677376572643e-08	1.34730434739198e-08	-1.34730434739198e-08
33.1610000026226	0.04	-0.04	4.68570883288092e-08	9.6182445948637e-09	-9.6182445948637e-09
33.2410000008345	0.04	-0.04	2.79371239663339e-08	9.60435411144778e-09	-9.60435411144778e-09
33.3410000097752	0.06	-0.06	4.56172821638667e-08	7.89845707785416e-09	-7.89845707785416e-09
33.4209999930859	0.02	-0.02	6.97562917734099e-08	1.4575494653133e-08	-1.4575494653133e-08
33.4610000145435	0.02	-0.02	5.40785748612361e-08	1.40608285863498e-08	-1.40608285863498e-08
33.5010000061989	0.02	-0.02	7.75986128833563e-08	1.47150410954609e-08	-1.47150410954609e-08
33.5409999978542	0.02	-0.02	5.63376927772925e-08	1.58845343387349e-08	-1.58845343387349e-08
33.5810000193119	0.02	-0.02	8.25490239543188e-08	1.56654857736821e-08	-1.56654857736821e-08
33.6210000109673	0.02	-0.02	7.044232181114e-08	1.26710352629076e-08	-1.26710352629076e-08
33.6610000026226	0.02	-0.02	5.24995493494204e-08	8.56860419864229e-09	-8.56860419864229e-09
33.700999994278	0.02	-0.02	3.0537175168146e-08	5.12220947626101e-09	-5.12220947626101e-09
33.7410000157356	0.02	-0.02	1.49292310556961e-08	3.43913577342422e-09	-3.43913577342422e-09
33.781000007391	0.02	-0.02	5.32894709414041e-09	2.05940510090835e-09	-2.05940510090835e-09
33.8209999990463	0.02	-0.02	7.14338060652625e-09	1.4176417779539e-09	-1.4176417779539e-09
33.8609999907017	0.02	-0.02	8.407349333792e-09	1.53676069262553e-09	-1.53676069262553e-09
33.9010000121594	0.02	-0.02	9.49016123507086e-09	2.50278502979681e-09	-2.50278502979681e-09
33.9410000038147	0.02	-0.02	1.95069407423745e-08	3.85106794442401e-09	-3.85106794442401e-09
34.0010000061989	0.04	-0.04	3.26693159097372e-08	6.36972985378105e-09	-6.36972985378105e-09
34.0610000085831	0.02	-0.02	1.32939763714831e-07	1.93672641270485e-08	-1.93672641270485e-08
34.1010000002384	0.02	-0.02	1.2276050905655e-07	2.78003498601115e-08	-2.78003498601115e-08
34.1409999918938	0.02	-0.02	1.75914159541488e-07	3.32910705931637e-08	-3.32910705931637e-08
34.1810000133514	0.02	-0.02	1.36723915674371e-07	3.89999153772231e-08	-3.89999153772231e-08
34.2210000050068	0.02	-0.02	1.90848335180432e-07	4.15737884448695e-08	-4.15737884448695e-08
34.2609999966621	0.02	-0.02	1.68369451145686e-07	5.25901748289728e-08	-5.25901748289728e-08
34.3010000181198	0.02	-0.02	2.47065862565214e-07	5.8729213400522e-08	-5.8729213400522e-08
34.3610000056028	0.04	-0.04	2.77943151195244e-07	5.24070497781827e-08	-5.24070497781827e-08
34.4209999930859	0.02	-0.02	5.03902396020034e-07	9.46377531457918e-08	-9.46377531457918e-08
34.4610000145435	0.02	-0.02	3.52140732644253e-07	1.0399085086587e-07	-1.0399085086587e-07
34.5010000061989	0.02	-0.02	6.50388688298705e-07	1.19042692890312e-07	-1.19042692890312e-07
34.5610000085831	0.04	-0.04	3.97677184152388e-07	7.19664246731505e-08	-7.19664246731505e-08
34.6410000067949	0.04	-0.04	2.11572756697831e-07	4.12247502276125e-08	-4.12247502276125e-08
34.700999994278	0.02	-0.02	2.63852800179976e-07	4.15501464952132e-08	-4.15501464952132e-08
34.7610000115633	0.04	-0.04	9.77625856061691e-08	2.15094908288889e-08	-2.15094908288889e-08
34.8209999990463	0.02	-0.02	1.23325080485034e-07	2.95793976871439e-08	-2.95793976871439e-08
34.8609999907017	0.02	-0.02	8.84065552791515e-08	2.83233700724641e-08	-2.83233700724641e-08
34.9010000121594	0.02	-0.02	1.17549981997863e-07	2.46964035688677e-08	-2.46964035688677e-08
34.9410000038147	0.02	-0.02	1.33642905092382e-07	2.69276298281758e-08	-2.69276298281758e-08
35.0210000069936	0.06	-0.06	9.8433514870907e-08	1.9096748991839e-08	-1.9096748991839e-08
35.1010000002384	0.02	-0.02	1.60138009195123e-07	3.86787786279923e-08	-3.86787786279923e-08
35.1610000026226	0.04	-0.04	9.48999573497381e-08	3.11324057323872e-08	-3.11324057323872e-08
35.2410000008345	0.04	-0.04	1.84564364340984e-07	3.59411456372608e-08	-3.59411456372608e-08
35.3410000097752	0.06	-0.06	1.26873734415659e-07	3.67627986348979e-08	-3.67627986348979e-08
35.4610000046094	0.06	-0.06	2.12113145370382e-07	4.55553409265813e-08	-4.55553409265813e-08
35.5409999978542	0.02	-0.02	4.8799433312285e-07	9.17168700835929e-08	-9.17168700835929e-08
35.5810000193119	0.02	-0.02	4.3202726334303e-07	9.79269683105899e-08	-9.79269683105899e-08
35.6410000067949	0.04	-0.04	3.15983021579723e-07	6.14692925170644e-08	-6.14692925170644e-08
35.700999994278	0.02	-0.02	2.85103055328689e-07	6.1312286259236e-08	-6.1312286259236e-08
35.7610000115633	0.04	-0.04	1.17771537375989e-07	3.41148155227945e-08	-3.41148155227945e-08
35.840999994874	0.04	-0.04	1.02207787491026e-07	2.290237684837e-08	-2.290237684837e-08
35.961000007093	0.08	-0.08	4.24393433555619e-08	8.76095889006636e-09	-8.76095889006636e-09
36.0810000044107	0.04	-0.04	3.23052220027475e-08	7.77019590339858e-09	-7.77019590339858e-09
36.1610000026226	0.04	-0.04	2.23814874112132e-08	7.50602430404949e-09	-7.50602430404949e-09
36.2410000008345	0.04	-0.04	3.12073028870637e-08	7.23325964628175e-09	-7.23325964628175e-09
36.3210000139475	0.04	-0.04	2.36459154714962e-08	7.14931904840925e-09	-7.14931904840925e-09
36.4009999972582	0.04	-0.04	3.11133124930573e-08	6.95555502537259e-09	-6.95555502537259e-09
36.4810000103712	0.04	-0.04	2.87413052988191e-08	6.69400265080517e-09	-6.69400265080517e-09
36.601000007689	0.08	-0.08	2.04140538577991e-08	4.55233492530142e-09	-4.55233492530142e-09
36.700999994278	0.02	-0.02	3.46360589611545e-08	8.51015479270586e-09	-8.51015479270586e-09
36.781000007391	0.06	-0.06	1.72324579471161e-08	5.8223412377308e-09	-5.8223412377308e-09
36.9010000022252	0.06	-0.06	3.96057603186219e-08	7.91543272057657e-09	-7.91543272057657e-09
37.0210000069936	0.06	-0.06	4.29362911561622e-08	1.01262083926977e-08	-1.01262083926977e-08
37.1410000018279	0.06	-0.06	5.59280643903014e-08	1.51062851084895e-08	-1.51062851084895e-08
37.281000007391	0.08	-0.08	7.70731433861581e-08	1.81735854809747e-08	-1.81735854809747e-08
37.3810000014305	0.02	-0.02	2.20593855355602e-07	5.14776041852168e-08	-5.14776041852168e-08
37.4410000038147	0.04	-0.04	1.50377150380377e-07	3.71323472892497e-08	-3.71323472892497e-08
37.6010000052055	0.12	-0.12	1.05883838414346e-07	2.25275162879826e-08	-2.25275162879826e-08
37.781000007391	0.06	-0.06	1.48201612223401e-07	3.5875899616138e-08	-3.5875899616138e-08
37.9010000022252	0.06	-0.06	1.54355222691478e-07	3.61192278585548e-08	-3.61192278585548e-08
38.0210000069936	0.06	-0.06	1.59498485192791e-07	3.92954920569355e-08	-3.92954920569355e-08
38.2010000042121	0.12	-0.12	6.53692843929447e-08	1.74482432810436e-08	-1.74482432810436e-08
38.3810000014305	0.06	-0.06	4.45172313382655e-08	1.05386886114522e-08	-1.05386886114522e-08
38.4810000103712	0.04	-0.04	3.41394837915069e-08	7.57167530973941e-09	-7.57167530973941e-09
38.601000007689	0.08	-0.08	1.2904404296762e-08	2.99527146761189e-09	-2.99527146761189e-09
38.8410000023246	0.16	-0.16	3.00578098059276e-09	6.42880709011019e-10	-6.42880709011019e-10
39.1210000060002	0.12	-0.12	2.90374666320182e-09	7.12537519462248e-10	-7.12537519462248e-10
39.3010000081857	0.06	-0.06	6.21316572972369e-09	1.52391131832076e-09	-1.52391131832076e-09
39.42100000302	0.06	-0.06	7.43268935522671e-09	2.00575323468399e-09	-2.00575323468399e-09
39.5610000085831	0.08	-0.08	1.04113670996266e-08	2.36594799275537e-09	-2.36594799275537e-09
39.6809999984503	0.04	-0.04	1.84398387791156e-08	4.57711001280016e-09	-4.57711001280016e-09
39.7610000115633	0.04	-0.04	1.93660365594143e-08	5.09480187518964e-09	-5.09480187518964e-09
39.8209999990463	0.02	-0.02	3.67878847997701e-08	8.29859781930238e-09	-8.29859781930238e-09
39.9610000046094	0.12	-0.12	2.30019081587143e-08	4.78112251653441e-09	-4.78112251653441e-09
40.1410000018279	0.06	-0.06	6.4836559754585e-08	1.35691351421986e-08	-1.35691351421986e-08
40.3210000040134	0.12	-0.12	7.11993131709536e-08	1.98639617386411e-08	-1.98639617386411e-08
40.4610000145435	0.02	-0.02	3.72708015099351e-07	8.80063831636326e-08	-8.80063831636326e-08
40.5210000020266	0.04	-0.04	3.59080418866863e-07	7.53181366554283e-08	-7.53181366554283e-08
40.6010000151396	0.04	-0.04	5.18250840113997e-07	1.01832903162767e-07	-1.01832903162767e-07
40.7010000042121	0.06	-0.06	3.25102114152117e-07	6.254814320112e-08	-6.254814320112e-08
40.8810000014305	0.12	-0.12	9.30001064103474e-08	2.02058065308097e-08	-2.02058065308097e-08
41.0610000085831	0.06	-0.06	6.35716629536254e-08	1.33768010739701e-08	-1.33768010739701e-08
41.1610000026226	0.04	-0.04	4.77880102640105e-08	1.1681569428827e-08	-1.1681569428827e-08
41.3210000040134	0.12	-0.12	2.8417406486806e-08	6.9131751020238e-09	-6.9131751020238e-09
41.5010000061989	0.06	-0.06	4.81510706772305e-08	1.01818764086086e-08	-1.01818764086086e-08
41.7210000050068	0.16	-0.16	2.757384400387e-08	7.03864320455127e-09	-7.03864320455127e-09
41.961000007093	0.08	-0.08	4.60621890942344e-08	1.03345443054312e-08	-1.03345443054312e-08
42.1610000026226	0.12	-0.12	3.86848762693856e-08	9.39014738587715e-09	-9.39014738587715e-09
42.4010000071923	0.12	-0.12	4.40499019118585e-08	9.78238867062471e-09	-9.78238867062471e-09
42.6210000050068	0.1	-0.1	3.48401919300851e-08	8.17140667869083e-09	-8.17140667869083e-09
42.7610000115633	0.04	-0.04	4.64335465395128e-08	1.01788646011966e-08	-1.01788646011966e-08
42.92100000302	0.12	-0.12	1.97550607310554e-08	4.9305063323445e-09	-4.9305063323445e-09
43.1010000002384	0.06	-0.06	2.41162589179303e-08	5.43742945904723e-09	-5.43742945904723e-09
43.2210000050068	0.06	-0.06	1.83612793963406e-08	4.58939193915489e-09	-4.58939193915489e-09
43.3610000056028	0.08	-0.08	1.32188070208034e-08	3.37594121166923e-09	-3.37594121166923e-09
43.5210000094771	0.08	-0.08	1.1448715714983e-08	2.69756025523536e-09	-2.69756025523536e-09
43.7210000050068	0.12	-0.12	6.52084509811516e-09	1.65064245293769e-09	-1.65064245293769e-09
43.9610000046094	0.12	-0.12	5.1899218137961e-09	1.19338386479977e-09	-1.19338386479977e-09
44.2010000042121	0.12	-0.12	3.49824780571358e-09	1.07675726108579e-09	-1.07675726108579e-09
44.4610000060286	0.14	-0.14	5.28929735081236e-09	1.25469181595701e-09	-1.25469181595701e-09
44.6610000026226	0.06	-0.06	9.79244915811708e-09	2.24092689248425e-09	-2.24092689248425e-09
44.8410000048081	0.12	-0.12	3.99119087373741e-09	1.82060190396269e-09	-1.82060190396269e-09
45.0810000044107	0.12	-0.12	1.00651513936236e-08	2.20990733161503e-09	-2.20990733161503e-09
45.2610000065962	0.06	-0.06	1.86678479223533e-08	3.65113855535259e-09	-3.65113855535259e-09
45.4610000060286	0.14	-0.14	1.30282204970151e-08	2.76613270225347e-09	-2.76613270225347e-09
45.6410000067949	0.04	-0.04	2.30702664518501e-08	5.56938027716163e-09	-5.56938027716163e-09
45.7810000014305	0.1	-0.1	1.55900818745619e-08	4.41131875529499e-09	-4.41131875529499e-09
45.981000007391	0.1	-0.1	1.80809125841532e-08	4.47471515559066e-09	-4.47471515559066e-09
46.1810000014305	0.1	-0.1	1.15751323990745e-08	4.53429176068823e-09	-4.53429176068823e-09
46.381000007391	0.1	-0.1	1.88236827003169e-08	4.61089065465677e-09	-4.61089065465677e-09
46.6810000044107	0.2	-0.2	1.61472757296745e-08	3.40182281617438e-09	-3.40182281617438e-09
46.981000007391	0.1	-0.1	2.21627595239606e-08	4.95676777082946e-09	-4.95676777082946e-09
47.2410000045598	0.16	-0.16	1.73230629511115e-08	3.96715645760084e-09	-3.96715645760084e-09
47.5610000048578	0.16	-0.16	1.43312907590128e-08	4.07657502659908e-09	-4.07657502659908e-09
47.781000007391	0.06	-0.06	4.46166965974723e-08	1.04630386356513e-08	-1.04630386356513e-08
48.0010000024736	0.16	-0.16	2.96053321611072e-08	9.5016515966406e-09	-9.5016515966406e-09
48.3210000064969	0.16	-0.16	7.19572602249471e-08	1.74513381624841e-08	-1.74513381624841e-08
48.581000007391	0.1	-0.1	1.50087899663785e-07	3.64833464634643e-08	-3.64833464634643e-08
48.7410000058015	0.06	-0.06	3.12993272396803e-07	6.41938512208573e-08	-6.41938512208573e-08
48.92100000302	0.12	-0.12	1.62334181239867e-07	3.62789906956071e-08	-3.62789906956071e-08
49.1610000026226	0.12	-0.12	6.83468168593558e-08	2.51371846724369e-08	-2.51371846724369e-08
49.3610000056028	0.08	-0.08	9.23659220756371e-08	2.24094384121549e-08	-2.24094384121549e-08
49.6810000059008	0.24	-0.24	2.16534567307419e-08	7.9704239719922e-09	-7.9704239719922e-09
50.1610000051061	0.24	-0.24	1.74143161882179e-08	3.83497809244365e-09	-3.83497809244365e-09
50.5610000048578	0.16	-0.16	1.02009745953832e-08	2.42620513489114e-09	-2.42620513489114e-09
50.9210000050068	0.2	-0.2	3.17423642561784e-09	1.28060886165165e-09	-1.28060886165165e-09
51.1610000026226	0.04	-0.04	1.13645260286783e-08	2.80602007560695e-09	-2.80602007560695e-09
51.2610000065962	0.06	-0.06	7.463868890045e-09	2.44907942012056e-09	-2.44907942012056e-09
51.3810000014305	0.06	-0.06	1.01585993258623e-08	2.48905996517633e-09	-2.48905996517633e-09
51.7410000058015	0.3	-0.3	5.10138303915257e-09	1.25232011148154e-09	-1.25232011148154e-09
52.3410000058015	0.3	-0.3	3.90357997994757e-09	1.44915359384174e-09	-1.44915359384174e-09
52.881000003914	0.24	-0.24	8.11093714405555e-09	1.8919164495336e-09	-1.8919164495336e-09
53.2410000058015	0.12	-0.12	1.27800683115794e-08	2.94666691710577e-09	-2.94666691710577e-09
54.0010000052675	0.64	-0.64	8.47499382668036e-09	1.5560429047234e-09	-1.5560429047234e-09
54.7410000038147	0.1	-0.1	2.20168547982719e-08	4.72224500608283e-09	-4.72224500608283e-09
55.1010000048234	0.26	-0.26	7.97907232974311e-09	2.7414440117698e-09	-2.7414440117698e-09
55.6410000046662	0.28	-0.28	1.06049954301603e-08	2.29866203453469e-09	-2.29866203453469e-09
56.1010000035498	0.18	-0.18	1.12741281644945e-08	2.6205779198632e-09	-2.6205779198632e-09
56.8810000054041	0.6	-0.6	5.81394443983617e-09	1.20401810797746e-09	-1.20401810797746e-09
57.6010000052055	0.12	-0.12	9.54537583429505e-09	2.31625426500213e-09	-2.31625426500213e-09
57.8810000051558	0.16	-0.16	5.45505357436992e-09	1.8564618545233e-09	-1.8564618545233e-09
58.1410000038147	0.1	-0.1	9.14269660377645e-09	2.19763350688101e-09	-2.19763350688101e-09
58.8210000052123	0.58	-0.58	3.48506738305187e-09	7.97571517106507e-10	-7.97571517106507e-10
59.981000004719	0.58	-0.58	2.34483235908254e-09	6.16836507550823e-10	-6.16836507550823e-10
60.6410000067949	0.08	-0.08	7.59741723738364e-09	1.6441471495787e-09	-1.6441471495787e-09
61.3210000050068	0.6	-0.6	3.58693963843718e-09	7.38526596391071e-10	-7.38526596391071e-10
62.5210000050068	0.6	-0.6	4.65137450997659e-09	1.06888157687046e-09	-1.06888157687046e-09
63.3210000050068	0.2	-0.2	1.17556723484218e-08	2.37048864236299e-09	-2.37048864236299e-09
63.7410000048984	0.22	-0.22	7.8410737790941e-09	2.57791665837018e-09	-2.57791665837018e-09
64.2410000050919	0.28	-0.28	1.13997467219936e-08	2.73543001435874e-09	-2.73543001435874e-09
64.6210000050068	0.1	-0.1	2.25489281287201e-08	4.97919374708695e-09	-4.97919374708695e-09
64.9210000050068	0.2	-0.2	1.63509437795787e-08	3.85669159218342e-09	-3.85669159218342e-09
65.1810000034173	0.06	-0.06	3.08021008060282e-08	7.5235338366772e-09	-7.5235338366772e-09
66.0410000053048	0.8	-0.8	9.98195474607569e-09	1.93496139709189e-09	-1.93496139709189e-09
67.0410000038147	0.2	-0.2	1.61688403700314e-08	3.57600386081599e-09	-3.57600386081599e-09
68.2410000050068	1	-1	6.46044157688835e-09	1.49401607608762e-09	-1.49401607608762e-09
69.4410000067949	0.2	-0.2	1.25274412047022e-08	3.11743238216033e-09	-3.11743238216033e-09
70.2210000050068	0.58	-0.58	6.12127197794937e-09	1.98004351466439e-09	-1.98004351466439e-09
71.3810000045135	0.58	-0.58	1.00328887799165e-08	2.25735561307598e-09	-2.25735561307598e-09
72.2410000050919	0.28	-0.28	1.5826269953285e-08	3.65160689750893e-09	-3.65160689750893e-09
72.6610000068801	0.14	-0.14	2.21890049067938e-08	5.39457480100104e-09	-5.39457480100104e-09
74.1010000048234	1.3	-1.3	8.25268267182458e-09	2.08180718042214e-09	-2.08180718042214e-09
75.6610000049151	0.26	-0.26	2.43325369381382e-08	5.72702935470298e-09	-5.72702935470298e-09
77.0810000049246	1.16	-1.16	1.32394111444799e-08	2.97186608532039e-09	-2.97186608532039e-09
78.8210000052123	0.58	-0.58	1.85538033583888e-08	4.19155714154536e-09	-4.19155714154536e-09
80.9810000049013	1.58	-1.58	1.09095609480483e-08	2.4254352682535e-09	-2.4254352682535e-09
85.7410000050521	3.18	-3.18	7.42908513969332e-09	1.62669911051404e-09	-1.62669911051404e-09
89.1810000041815	0.26	-0.26	2.40336631670582e-08	5.54129442336412e-09	-5.54129442336412e-09
90.8410000050921	1.4	-1.4	9.8388097525959e-09	2.31581533904062e-09	-2.31581533904062e-09
93.6410000050921	1.4	-1.4	9.40223318497914e-09	2.26422785365106e-09	-2.26422785365106e-09
95.6010000044959	0.56	-0.56	1.55574118395916e-08	3.55107599117368e-09	-3.55107599117368e-09
99.3610000050444	3.2	-3.2	9.48905077574394e-09	1.61615025434155e-09	-1.61615025434155e-09
105.761000005044	3.2	-3.2	9.82703327316667e-09	1.836751429334e-09	-1.836751429334e-09
110.241000005026	1.28	-1.28	1.35912348853405e-08	3.16575216204571e-09	-3.16575216204571e-09
114.161000005106	2.64	-2.64	1.11837037917375e-08	2.3824620503077e-09	-2.3824620503077e-09
119.461000004909	2.66	-2.66	1.01357997027941e-08	2.6571615143268e-09	-2.6571615143268e-09
122.301000004874	0.18	-0.18	4.31739266889336e-08	1.06864646782613e-08	-1.06864646782613e-08
134.94100000501	12.4599999999998	-12.4599999999998	8.66695379128452e-09	1.90306977097264e-09	-1.90306977097264e-09

## XRT - xrtwtflux
87.273	0.306	-0.364	1.53416080233207e-08	2.01334485267913e-09	-1.87569098508423e-09
87.846	0.318	-0.267	1.62487107986981e-08	2.15466268066161e-09	-2.01020828596021e-09
88.444	0.255	-0.279	1.64267781839411e-08	2.21063614553397e-09	-2.05616945995237e-09
89.075	0.329	-0.377	1.17716098250741e-08	1.58543638798464e-09	-1.47355544312318e-09
89.754	0.375	-0.349	1.22660546880147e-08	1.61128384368995e-09	-1.5075051573091e-09
90.397	0.288	-0.269	1.64349290262827e-08	2.1673298708913e-09	-2.04557287556022e-09
90.931	0.283	-0.245	1.72694246431574e-08	2.2133054677814e-09	-2.08476029896192e-09
91.487	0.250	-0.273	1.59229911863519e-08	2.100091935163e-09	-1.99716650881501e-09
92.057	0.328	-0.32	1.24929149830353e-08	1.66825300336758e-09	-1.58668721448262e-09
92.728	0.265	-0.343	1.34062185652419e-08	1.75046303028735e-09	-1.68016741934043e-09
93.237	0.261	-0.244	1.70975220507397e-08	2.19046743087977e-09	-2.08064594339069e-09
93.792	0.256	-0.294	1.4659747148211e-08	1.8819345158131e-09	-1.81448011171017e-09
94.363	0.265	-0.315	1.38227584877117e-08	1.75000420607469e-09	-1.69740189119291e-09
94.968	0.357	-0.34	1.13338736234527e-08	1.44555244324682e-09	-1.40260543507326e-09
95.698	0.377	-0.372	1.10720108589747e-08	1.39680134395302e-09	-1.35420704195063e-09
96.377	0.287	-0.302	1.48127970295239e-08	1.86351820740789e-09	-1.80032662263127e-09
97.029	0.376	-0.366	1.09411326293536e-08	1.44734550777503e-09	-1.40461785242297e-09
97.799	0.367	-0.394	1.12717893912227e-08	1.45469158274213e-09	-1.41234975692672e-09
98.685	0.430	-0.518	8.73998496985945e-09	1.13090966178207e-09	-1.09524500830673e-09
99.505	0.460	-0.39	9.79245354060001e-09	1.25768080302015e-09	-1.19724942127897e-09
100.392	0.454	-0.427	9.23150369525813e-09	1.19626899066435e-09	-1.14255605476034e-09
101.235	0.385	-0.388	1.04857915373608e-08	1.35457451456926e-09	-1.28155538044883e-09
101.998	0.439	-0.378	9.96424790297509e-09	1.32757969410626e-09	-1.24753569999734e-09
102.825	0.491	-0.388	9.56166164114649e-09	1.25914689920996e-09	-1.18393346829234e-09
103.838	0.520	-0.523	8.17288645637861e-09	1.08135002060182e-09	-1.01077477656244e-09
104.900	0.383	-0.542	9.23704736154398e-09	1.20873853190195e-09	-1.12873157237134e-09
105.887	0.579	-0.604	7.04835413781982e-09	9.41607542979744e-10	-8.82258600102616e-10
107.178	0.546	-0.712	6.82685200149965e-09	9.02499304019665e-10	-8.44368219332249e-10
108.250	0.503	-0.526	5.97430481304306e-09	7.96231841360828e-10	-7.43154954051432e-10
109.180	0.361	-0.427	7.55891006516376e-09	1.0071364153762e-09	-9.28515714473805e-10
109.973	0.416	-0.433	6.75604169161358e-09	9.24439619531026e-10	-8.5109236425634e-10
110.949	0.446	-0.56	5.71749532749621e-09	7.54323601669794e-10	-7.06931047112094e-10
111.959	0.436	-0.564	5.43978563177448e-09	7.33423731812712e-10	-6.95410985043326e-10
112.773	0.353	-0.378	5.97114937038547e-09	7.48639010955221e-10	-7.31494404573051e-10
113.459	0.298	-0.334	4.47081937293752e-09	5.53691242420919e-10	-5.53772295938061e-10
113.985	0.280	-0.227	5.8296475640557e-09	7.05922469295348e-10	-7.0602761190698e-10
114.543	0.348	-0.278	4.52297302847529e-09	5.60150228409608e-10	-5.60229211475792e-10
115.155	0.268	-0.264	5.2727744771575e-09	6.62014899623188e-10	-6.6210321801367e-10
115.755	0.308	-0.332	4.46803970058666e-09	5.45864606242437e-10	-5.4594940251872e-10
116.321	0.267	-0.258	3.68680517750615e-09	5.54497001046815e-10	-5.54558541038667e-10
116.894	0.311	-0.307	4.60228677197284e-09	5.69973690289458e-10	-5.70062625918755e-10
117.507	0.273	-0.302	5.0141890739944e-09	6.12587932387093e-10	-6.12681110607976e-10
118.081	0.207	-0.302	3.70200174989534e-09	5.74839076869607e-10	-5.74892290718103e-10
118.550	0.275	-0.261	5.42087126298468e-09	6.6227306127877e-10	-6.62377148291518e-10
119.072	0.258	-0.247	3.81687332829278e-09	5.80659466535296e-10	-5.80718634585498e-10
119.666	0.288	-0.336	3.10326925255072e-09	4.72098701925011e-10	-4.72142697502122e-10
120.247	0.232	-0.293	3.62542908817302e-09	5.62949021452545e-10	-5.62999612598255e-10
120.780	0.265	-0.301	3.45501293648264e-09	5.15046658965371e-10	-5.15096668885934e-10
121.336	0.408	-0.291	4.10439446667044e-09	5.08311643028733e-10	-5.08386565433425e-10
122.006	0.287	-0.262	3.54976129310063e-09	5.29171850509317e-10	-5.29231212742437e-10
122.691	0.369	-0.398	2.53218706295754e-09	3.88548490780485e-10	-3.8859182343879e-10
123.398	0.349	-0.338	3.83058267665881e-09	4.97854572171267e-10	-4.97934826278014e-10
124.128	0.302	-0.381	2.83579716577314e-09	4.22739403793419e-10	-4.22783685762968e-10
124.732	0.237	-0.302	3.49932290513869e-09	5.32350377859226e-10	-5.32399407826088e-10
125.226	0.272	-0.257	3.8900069028066e-09	5.66173697817325e-10	-5.66229813309117e-10
125.733	0.309	-0.236	3.50677831382718e-09	5.22764245501096e-10	-5.22819423749742e-10
126.303	0.289	-0.261	3.41016158178489e-09	5.1878702614563e-10	-5.18841254508179e-10
126.952	0.547	-0.36	2.09075012024401e-09	3.11673683617704e-10	-3.11710458261572e-10
127.815	0.275	-0.316	3.19887586044768e-09	4.76864329684524e-10	-4.76916989506076e-10
128.403	0.280	-0.313	3.18065926652515e-09	4.74148735695654e-10	-4.74198919303928e-10
128.930	0.277	-0.248	3.82051189691766e-09	5.5144860762997e-10	-5.51512641384939e-10
129.506	0.287	-0.298	3.22287967944677e-09	4.80442812625352e-10	-4.80496167163019e-10
130.211	0.263	-0.419	2.70640914649858e-09	4.20246875691813e-10	-4.2029555363332e-10
130.743	0.256	-0.269	3.58986303736239e-09	5.46125872597718e-10	-5.4619261404018e-10
131.337	0.313	-0.338	2.94396493733877e-09	4.38865486974296e-10	-4.38922078472678e-10
131.970	0.358	-0.32	2.81604430892378e-09	4.19795727888914e-10	-4.19849321566245e-10
132.646	0.384	-0.318	2.70402716381832e-09	4.03097372588269e-10	-4.03151117753866e-10
133.440	0.383	-0.409	2.388829674524e-09	3.56109750549861e-10	-3.56156213073849e-10
134.220	0.428	-0.397	2.28368591465921e-09	3.40435699036488e-10	-3.40480300505878e-10
135.039	0.308	-0.392	2.69224811660926e-09	4.01341259330518e-10	-4.01392461257155e-10
135.716	0.400	-0.369	2.36901628399886e-09	3.6785720029022e-10	-3.67902343191366e-10
136.475	0.437	-0.36	2.28135975074373e-09	3.5424731936745e-10	-3.5430012924692e-10
137.406	0.357	-0.493	2.16919813011523e-09	3.30001614214614e-10	-3.30052710033684e-10
138.115	0.431	-0.352	2.39072192302632e-09	3.56392951755365e-10	-3.56447902316653e-10
138.839	0.250	-0.293	3.49777488513015e-09	5.2142422819018e-10	-5.21499314424105e-10
139.580	0.386	-0.491	2.27318707398992e-09	3.45820430737282e-10	-3.45866229552572e-10
140.363	0.291	-0.397	3.14624189500858e-09	4.69020292365994e-10	-4.69089029441378e-10
141.101	0.558	-0.447	2.23067497129e-09	3.32534326188284e-10	-3.32586579576614e-10
142.141	0.400	-0.482	2.36522256843501e-09	3.5259176043839e-10	-3.52646591913887e-10
143.019	0.355	-0.477	2.36053311330844e-09	3.51893639874067e-10	-3.51954789080927e-10
143.832	0.416	-0.458	2.22905092888066e-09	3.32293149770122e-10	-3.32351284627873e-10
144.661	0.394	-0.413	2.44489208410953e-09	3.64469012816149e-10	-3.64530494701835e-10
145.576	0.415	-0.52	2.14396059379868e-09	3.1960746919949e-10	-3.19656932730494e-10
146.622	0.600	-0.631	1.61748827047293e-09	2.41124470139455e-10	-2.41161907109318e-10
147.776	0.498	-0.554	1.90180196177852e-09	2.80410344500238e-10	-2.8045968838566e-10
148.683	0.520	-0.409	2.0459665040325e-09	3.11254933566621e-10	-3.11307290880191e-10
149.928	0.783	-0.726	1.27356057012102e-09	1.93747770021397e-10	-1.93778460357432e-10
151.241	0.489	-0.529	1.95795125738716e-09	2.91880020368386e-10	-2.91935532192115e-10
152.238	0.410	-0.508	2.17201200919736e-09	3.3043264639395e-10	-3.3050184748072e-10
153.278	0.522	-0.631	1.71303351260563e-09	2.71555948335819e-10	-2.71600629495983e-10
154.296	0.531	-0.496	2.05825548954156e-09	3.06831039583425e-10	-3.0687798369127e-10
155.446	0.574	-0.619	1.7763398010031e-09	2.70236155925309e-10	-2.70280224100085e-10
156.695	0.553	-0.674	1.79296050631749e-09	2.72765154779026e-10	-2.72812883186508e-10
157.810	0.575	-0.562	1.99145734274214e-09	2.96874377482518e-10	-2.96927880601701e-10
159.096	0.620	-0.711	1.61114310009768e-09	2.55404195222091e-10	-2.55447768755464e-10
160.264	0.444	-0.548	2.24568670774777e-09	3.34774522696526e-10	-3.34841820650824e-10
161.238	0.552	-0.529	2.01235979070939e-09	3.06144732233913e-10	-3.06210163649232e-10
162.328	0.636	-0.538	1.90360663950265e-09	2.80678103845848e-10	-2.80737668515686e-10
163.495	0.523	-0.53	2.03885905862344e-09	3.10175567054857e-10	-3.10238979266489e-10
164.768	0.675	-0.751	1.52919800413699e-09	2.32640128182725e-10	-2.32689489626176e-10
166.294	0.718	-0.851	1.40449023835924e-09	2.13669014291543e-10	-2.13718749755538e-10
167.840	0.837	-0.828	1.26004293665674e-09	1.95660288159927e-10	-1.95701223825171e-10
169.488	0.732	-0.811	1.35881097579313e-09	2.06718201831252e-10	-2.06758684327948e-10
170.898	0.749	-0.678	1.47320037746399e-09	2.19616969282619e-10	-2.19663355147723e-10
172.387	0.631	-0.741	1.49204793999272e-09	2.26988323729509e-10	-2.2703571753234e-10
173.572	0.697	-0.554	1.59673023030191e-09	2.47942607699458e-10	-2.48001049541817e-10
175.133	0.753	-0.864	1.28082641529169e-09	1.94856677042537e-10	-1.94906720188196e-10
176.855	0.776	-0.969	1.21724847993116e-09	1.85183340330931e-10	-1.85226404862568e-10
178.253	0.693	-0.622	1.65245926849759e-09	2.46343595158346e-10	-2.46413205284174e-10
179.645	0.851	-0.699	1.38981977436973e-09	2.07188671311588e-10	-2.07240843580803e-10
181.428	0.890	-0.932	1.16752608154021e-09	1.7405123189308e-10	-1.74100402790061e-10
183.176	0.932	-0.858	1.14186313359433e-09	1.73716077722028e-10	-1.73762386334863e-10
184.770	0.703	-0.662	1.46454179789714e-09	2.22804880550603e-10	-2.22857240406555e-10
186.356	0.685	-0.884	1.27093036552234e-09	1.93351292441835e-10	-1.93401715555596e-10
187.798	1.114	-0.756	1.0342823747134e-09	1.67418931322177e-10	-1.67456972692615e-10
189.508	0.579	-0.597	1.78387731188258e-09	2.65934720818313e-10	-2.6600897034232e-10
191.029	0.822	-0.941	1.1920411008906e-09	1.81349711718942e-10	-1.81397697794346e-10
192.638	0.605	-0.788	1.53593315375837e-09	2.33667240215731e-10	-2.33728795392633e-10
194.188	0.813	-0.944	1.19673635559454e-09	1.85831569422754e-10	-1.85878209380058e-10
195.637	0.601	-0.635	1.68970005327946e-09	2.57061310981734e-10	-2.5713299613648e-10
196.901	0.687	-0.663	1.54120821651464e-09	2.29758382050061e-10	-2.29822391317198e-10
198.200	0.662	-0.612	1.66857020461718e-09	2.5384536067181e-10	-2.53909919410915e-10
199.576	0.656	-0.714	1.63688156470131e-09	2.44020590030155e-10	-2.44086510719716e-10
201.153	0.694	-0.921	1.32844681693676e-09	2.06284573573012e-10	-2.0633968279423e-10
203.052	0.999	-1.205	9.49542523357409e-10	1.4155437387491e-10	-1.41592117127799e-10
205.015	0.935	-0.963	1.0588431609157e-09	1.61085375831523e-10	-1.61125818775394e-10
206.595	0.786	-0.645	1.54694076628971e-09	2.30611343109653e-10	-2.30668085491221e-10
208.071	0.651	-0.69	1.75118949174851e-09	2.66415402452871e-10	-2.66486987021237e-10
209.707	0.728	-0.986	1.35229775201663e-09	2.01596255517658e-10	-2.01652566776191e-10
211.727	1.089	-1.292	8.30743703809023e-10	1.37337848358904e-10	-1.37368900684599e-10
213.983	1.254	-1.167	8.39510573977539e-10	1.25151550703446e-10	-1.25186321377071e-10
216.554	0.990	-1.317	8.68850740003264e-10	1.34916900610403e-10	-1.34950902423122e-10
218.511	0.773	-0.967	1.20322463898586e-09	1.7937306564153e-10	-1.79423837062447e-10
220.303	1.109	-1.018	1.03447394615053e-09	1.54215363515542e-10	-1.54255161419305e-10
222.345	0.923	-0.933	1.2580637827572e-09	1.87547977038631e-10	-1.87599670728885e-10
224.321	1.174	-1.053	1.05608007588956e-09	1.57436752705999e-10	-1.57479290284133e-10
226.523	0.816	-1.028	1.21163645957521e-09	1.80626247948351e-10	-1.80673868670516e-10
228.476	0.709	-1.138	1.16378657578627e-09	1.73492326437922e-10	-1.73534929810715e-10
230.507	1.022	-1.321	9.5427544342995e-10	1.45176160370306e-10	-1.45207981671971e-10
232.489	0.875	-0.961	1.27726348560711e-09	1.94313582886561e-10	-1.94358822028469e-10
234.569	1.060	-1.205	1.02080498940297e-09	1.55298955492414e-10	-1.55340090503405e-10
236.496	0.909	-0.866	1.27480534161038e-09	1.90044677298595e-10	-1.90101044400766e-10
238.295	0.941	-0.89	1.19601695940385e-09	1.78298735447774e-10	-1.78349849949395e-10
240.460	1.290	-1.224	8.37392382672253e-10	1.24836182451105e-10	-1.24872642612072e-10
243.043	1.174	-1.293	8.2675299450057e-10	1.23249843730343e-10	-1.23284816520508e-10
245.196	0.966	-0.979	1.08235695843486e-09	1.64662205318598e-10	-1.64701686846904e-10
247.115	0.928	-0.953	1.18392958906822e-09	1.76496008623039e-10	-1.76543305890643e-10
249.529	1.551	-1.486	7.30860200228948e-10	1.11188030314761e-10	-1.11214971377512e-10
252.182	1.263	-1.103	9.4181251574078e-10	1.40400761572605e-10	-1.40432362014102e-10
254.731	0.965	-1.286	9.74405487305994e-10	1.45261182734858e-10	-1.45301217789219e-10
256.840	0.954	-1.144	1.02547799104262e-09	1.52874213083815e-10	-1.52913393489543e-10
258.830	1.193	-1.037	9.47607805796193e-10	1.4126602484234e-10	-1.41303895491773e-10
261.029	1.026	-1.006	1.13586999724919e-09	1.69331836729844e-10	-1.6937903899879e-10
263.025	1.051	-0.97	1.24074063608819e-09	1.849648283243e-10	-1.85012679592639e-10
265.480	1.336	-1.404	9.13189593645762e-10	1.36135658733079e-10	-1.36174722742988e-10
267.950	0.942	-1.134	1.14903673630296e-09	1.71293500768241e-10	-1.71335649843989e-10
270.588	1.900	-1.696	6.40559109288653e-10	9.74500054756207e-11	-9.74723444942683e-11
273.685	1.270	-1.198	9.46468146799915e-10	1.41095738409465e-10	-1.41131830266171e-10
276.119	1.133	-1.164	9.87072513226992e-10	1.47149017553831e-10	-1.47187323339017e-10
278.304	1.133	-1.052	9.67220128918163e-10	1.4714648366737e-10	-1.47183836825891e-10
280.595	1.096	-1.158	8.65699118052223e-10	1.37234500508009e-10	-1.37262144774731e-10
282.779	1.004	-1.088	1.02456303566166e-09	1.52736775628827e-10	-1.52770615038594e-10
285.440	1.521	-1.657	7.14066366960009e-10	1.06449631633333e-10	-1.06473947178935e-10
288.092	1.294	-1.131	9.52807515432119e-10	1.42040057754397e-10	-1.42072805262267e-10
290.492	1.415	-1.106	9.15366733944359e-10	1.36458481676514e-10	-1.36489622719011e-10
292.761	0.854	-0.854	1.33785405729506e-09	2.03531378986665e-10	-2.0357857913416e-10
294.941	1.346	-1.326	8.77949793405005e-10	1.33565555693198e-10	-1.33599509947543e-10
297.540	1.128	-1.253	1.01205854496786e-09	1.50873424208547e-10	-1.5091075640815e-10
299.940	1.437	-1.273	8.60319737012857e-10	1.28252901242038e-10	-1.28284912035072e-10
302.802	1.296	-1.425	8.27074762893594e-10	1.23297204800041e-10	-1.23329317604989e-10
305.149	1.065	-1.052	1.05135072284785e-09	1.59945576338204e-10	-1.59986113140349e-10
308.238	1.288	-2.023	6.72543139028745e-10	1.02316057968992e-10	-1.02340914159888e-10
311.181	1.470	-1.656	7.35214702583432e-10	1.11850570377441e-10	-1.11877947007007e-10
314.013	1.213	-1.362	9.60881699422256e-10	1.416791877974e-10	-1.41717258322939e-10
316.437	1.223	-1.211	1.00481322637656e-09	1.49793451439421e-10	-1.49831173386857e-10
319.145	1.348	-1.486	8.33522507802427e-10	1.29430431731195e-10	-1.29460171121276e-10
321.915	1.395	-1.422	8.71451814146305e-10	1.29912448272083e-10	-1.29945036546138e-10
324.636	1.840	-1.325	7.89471370939782e-10	1.17690895836362e-10	-1.17719143224999e-10
328.004	1.153	-1.528	9.11753646739909e-10	1.35919987699531e-10	-1.3595171695276e-10
330.802	1.877	-1.646	6.51572883421633e-10	9.7133536382423e-11	-9.71566782727472e-11
334.535	1.507	-1.855	6.02335228657303e-10	9.74997890338275e-11	-9.75217427037486e-11
337.734	1.646	-1.692	6.50989762889876e-10	9.90370239120372e-11	-9.90607030743028e-11
341.825	1.650	-2.445	5.17307998543228e-10	8.37359932599472e-11	-8.37526756999891e-11
345.322	2.122	-1.847	5.43761488903779e-10	8.44362130863994e-11	-8.44567397296365e-11
349.225	1.491	-1.78	6.43056060143633e-10	9.78298663637657e-11	-9.78525441080742e-11
351.988	1.173	-1.272	8.65072655511161e-10	1.2896151956593e-10	-1.28994038286971e-10
354.913	2.025	-1.752	5.60900851750886e-10	8.3617115836509e-11	-8.36396031085025e-11
358.769	1.644	-1.832	6.16459377091086e-10	9.18998850768489e-11	-9.19257126904395e-11
361.942	1.619	-1.528	7.04313212633524e-10	1.04996327160909e-10	-1.05023725065986e-10
365.691	2.063	-2.13	5.41632418229867e-10	8.23999930895764e-11	-8.24188372868682e-11
369.299	1.505	-1.545	7.12767609919787e-10	1.10679120294893e-10	-1.10702909599887e-10
372.600	1.949	-1.796	5.77827127056774e-10	8.61400765045205e-11	-8.6161580156749e-11
376.394	2.002	-1.845	5.37826455998157e-10	8.18210486690655e-11	-8.18401957823416e-11
379.833	1.235	-1.437	7.57781203784107e-10	1.15283318833901e-10	-1.15310309029318e-10
382.616	1.574	-1.548	6.34530710278119e-10	9.65330436567065e-11	-9.65561733218633e-11
386.409	1.619	-2.219	4.99170363600344e-10	7.59400190889171e-11	-7.59570617234306e-11
390.212	2.152	-2.184	4.44035096241488e-10	6.61946257881128e-11	-6.62097328294359e-11
394.420	1.398	-2.057	5.5449675112774e-10	8.61030043076266e-11	-8.61232393179806e-11
397.897	1.530	-2.078	3.55120400592839e-10	6.89474996988813e-11	-6.89598720306941e-11
400.928	1.637	-1.501	6.4792305805366e-10	9.65906256714117e-11	-9.6618943968658e-11
404.598	1.454	-2.033	4.09977296743148e-10	7.45788003863364e-11	-7.45917281811096e-11
407.824	1.525	-1.772	6.20586211451839e-10	9.4411209166516e-11	-9.44318456551505e-11
411.036	2.087	-1.687	5.56770567226259e-10	8.64558358491004e-11	-8.64745063712777e-11
415.264	1.644	-2.142	5.97807156463206e-10	9.09459329553985e-11	-9.09664018045151e-11
418.723	1.747	-1.815	6.35913662774714e-10	9.67430315585359e-11	-9.67642727399163e-11
422.554	1.731	-2.084	5.76420335427423e-10	8.59301899985761e-11	-8.59506672400876e-11
425.979	1.713	-1.694	6.34594610017982e-10	9.46026628512868e-11	-9.46258380807195e-11
429.944	1.461	-2.252	3.91661763363846e-10	7.15088633517537e-11	-7.15208678940085e-11
433.651	1.902	-2.247	5.30251137028856e-10	7.90478187555626e-11	-7.90683214490852e-11
437.434	1.832	-1.881	5.77736373209759e-10	8.97119084570092e-11	-8.97338771900152e-11
441.126	1.665	-1.86	6.11647131996817e-10	9.49777334119498e-11	-9.50014067909557e-11
444.430	2.223	-1.639	5.46474434393964e-10	8.31370050994306e-11	-8.31578653210802e-11
448.918	1.899	-2.264	4.71020264600441e-10	7.1657505380473e-11	-7.16738727536261e-11
452.477	1.645	-1.66	3.8726645196793e-10	7.07062077759496e-11	-7.0717297175331e-11
456.223	2.139	-2.1	2.96428130778385e-10	5.75517461276213e-11	-5.75599472289512e-11
460.415	2.089	-2.053	4.84157460431791e-10	7.21759739004523e-11	-7.21928980272698e-11
464.447	2.208	-1.943	3.87985656388338e-10	6.53818666348961e-11	-6.53937033182678e-11
468.705	2.049	-2.05	3.15549341324443e-10	5.76123682420438e-11	-5.76219653323105e-11
473.074	2.172	-2.32	4.22822987193998e-10	6.43255011680555e-11	-6.43416905450963e-11
476.656	1.865	-1.41	4.00061156805052e-10	7.30424839971158e-11	-7.3055234425617e-11
480.419	1.993	-1.898	3.89311018707525e-10	6.67679221688402e-11	-6.67808478076033e-11
484.574	2.443	-2.162	4.18924681146517e-10	6.64100330565039e-11	-6.64246347218021e-11
489.115	1.671	-2.099	3.49617805464316e-10	6.38324281919883e-11	-6.38425947606816e-11
492.871	1.869	-2.084	3.05751367098835e-10	6.12548015857841e-11	-6.12626433987442e-11
496.599	1.985	-1.859	3.32246150206552e-10	6.06611825258699e-11	-6.06728443193235e-11
500.727	2.145	-2.143	4.85263587617196e-10	7.234163459804e-11	-7.23620559920013e-11
504.455	2.629	-1.582	4.28813098205227e-10	7.22622201493525e-11	-7.22764613096901e-11
509.032	3.084	-1.949	4.19326638297424e-10	6.54896641307183e-11	-6.55044185465718e-11
514.338	2.310	-2.221	4.63268916271504e-10	6.90621306895816e-11	-6.90789163424455e-11
518.985	2.075	-2.337	3.19575746378415e-10	5.83475599247523e-11	-5.83576783928331e-11
523.155	2.257	-2.095	3.53793771701821e-10	6.45951445308626e-11	-6.46069363905791e-11
527.506	1.646	-2.094	4.33438629113985e-10	7.91363309326727e-11	-7.9149443763172e-11
531.233	1.801	-2.081	3.8947171888163e-10	7.3312514124305e-11	-7.3323853046196e-11
534.576	1.981	-1.542	4.36388449995232e-10	7.8379301522538e-11	-7.83924526042641e-11
538.611	2.317	-2.054	4.56175474033803e-10	7.55199562123581e-11	-7.55343104543584e-11
543.192	2.335	-2.264	5.08473071650957e-10	7.73552138744162e-11	-7.73722426232065e-11
547.560	1.792	-2.033	3.8327918209722e-10	7.21467642265979e-11	-7.21574918336657e-11
551.498	1.953	-2.146	3.47946973026717e-10	6.54958914227829e-11	-6.55051511784928e-11
555.750	2.000	-2.298	3.24848843942655e-10	6.11480505217705e-11	-6.11567249238772e-11
559.949	1.345	-2.199	3.82117482683275e-10	7.19282662271448e-11	-7.19398443584662e-11
563.291	2.216	-1.997	3.24188775343578e-10	5.91900696584422e-11	-5.9201295312922e-11
567.294	1.685	-1.787	3.90082748257405e-10	7.34278364933598e-11	-7.34405010233999e-11
570.838	2.180	-1.858	3.40747222457078e-10	6.41410205553666e-11	-6.41518063683307e-11
575.311	2.333	-2.293	4.40647579445099e-10	6.84246396054136e-11	-6.84417076423889e-11
579.569	1.643	-1.925	3.87226902572193e-10	7.06993840094148e-11	-7.07123858745973e-11
583.322	1.837	-2.111	3.37648667870009e-10	6.3557766236533e-11	-6.35685554963296e-11
587.163	1.755	-2.004	3.6120267002669e-10	6.59477062972733e-11	-6.59589135299759e-11
590.792	2.348	-1.874	4.66172407940721e-10	7.23877266204389e-11	-7.24037676817602e-11
595.292	1.407	-2.151	3.72416178843837e-10	7.01021671717618e-11	-7.01136321833541e-11
598.436	1.903	-1.737	3.73711652874813e-10	6.82319484308354e-11	-6.82451651030112e-11
603.452	2.770	-3.114	2.32336368206644e-10	4.24196887855585e-11	-4.24276339802614e-11
608.727	2.553	-2.505	2.6948603685961e-10	4.92023169900801e-11	-4.92110407456582e-11
613.512	2.303	-2.232	2.99452797252961e-10	5.46733726215725e-11	-5.4682026031499e-11
617.908	1.469	-2.093	3.66684530419701e-10	7.11920975787671e-11	-7.12023488398802e-11
621.216	1.737	-1.839	3.9560733567832e-10	7.22291005113804e-11	-7.22405743810928e-11
625.214	2.107	-2.261	3.2960275786679e-10	6.20429623806614e-11	-6.2052274096358e-11
629.251	2.393	-1.93	3.54789123217177e-10	6.47766421798063e-11	-6.47870953350521e-11
633.923	1.852	-2.279	3.60576417223229e-10	6.58331928200987e-11	-6.58434821273773e-11
638.850	2.298	-3.075	2.65305378475808e-10	5.15092368592729e-11	-5.15165863644719e-11

## XRT - xrtpcflux
655.380	6.402	-8.642	3.228517049564e-10	7.05607618677361e-11	-7.05607618677361e-11
670.765	6.060	-8.983	3.21102994018555e-10	6.72384811404547e-11	-6.72384811404547e-11
683.682	5.680	-6.857	3.284236939458e-10	7.17785620039043e-11	-7.17785620039043e-11
695.745	6.154	-6.383	2.8877922480696e-10	6.4888078058791e-11	-6.4888078058791e-11
708.909	8.034	-7.01	2.21286228292767e-10	4.95613168224551e-11	-4.95613168224551e-11
753.193	45.412	-36.25	1.71656484452548e-10	3.20907313854736e-11	-3.20907313854736e-11
4192.377	26.098	-21.541	4.40261229662375e-11	9.86247091264287e-12	-9.86247091264287e-12
4245.408	23.213	-26.933	4.12028101153548e-11	9.2468468948258e-12	-9.2468468948258e-12
4289.674	19.065	-21.052	5.12382527244638e-11	1.11811003130907e-11	-1.11811003130907e-11
4339.045	22.348	-30.306	3.61512086920199e-11	8.15779765349583e-12	-8.15779765349583e-12
4401.579	32.525	-40.187	2.52155328654478e-11	5.69007886894844e-12	-5.69007886894844e-12
4461.905	27.361	-27.8	3.39107581322799e-11	7.62425484099113e-12	-7.62425484099113e-12
4510.938	20.951	-21.673	4.40141325938794e-11	9.85978243151617e-12	-9.85978243151617e-12
4548.305	11.165	-16.416	6.85577565120786e-11	1.5329980144378e-11	-1.5329980144378e-11
4600.897	41.315	-41.426	2.26788257529312e-11	5.12705318845763e-12	-5.12705318845763e-12
4674.152	28.236	-31.94	3.0613469198292e-11	6.85784610261406e-12	-6.85784610261406e-12
4730.817	24.224	-28.43	3.47147639396765e-11	7.83365098262946e-12	-7.83365098262946e-12
4784.106	26.096	-29.065	3.40117077758608e-11	7.63299771799004e-12	-7.63299771799004e-12
4844.476	35.931	-34.274	2.84962801613197e-11	6.27269149449892e-12	-6.27269149449892e-12
4916.479	31.626	-36.072	2.85501169746283e-11	6.45438866006273e-12	-6.45438866006273e-12
4988.126	22.661	-40.022	3.2452341197242e-11	7.15600438259329e-12	-7.15600438259329e-12
5049.140	26.839	-38.352	3.11549537838973e-11	6.81035949328353e-12	-6.81035949328353e-12
5107.149	34.019	-31.171	2.93735424851397e-11	6.61622847979803e-12	-6.61622847979803e-12
5176.861	29.498	-35.693	2.84697453927483e-11	6.43622016588413e-12	-6.43622016588413e-12
5248.266	68.415	-41.908	1.6560300113044e-11	3.74382347490364e-12	-3.74382347490364e-12
5360.526	28.867	-43.846	2.94275053239673e-11	6.43274700817521e-12	-6.43274700817521e-12
5419.308	37.782	-29.915	3.19240999021433e-11	7.15144559103437e-12	-7.15144559103437e-12
5501.734	35.591	-44.643	2.97726486256325e-11	6.57661243885286e-12	-6.57661243885286e-12
5567.135	30.366	-29.81	3.69806698386227e-11	8.32969273250521e-12	-8.32969273250521e-12
5652.445	40.334	-54.944	2.27283188834461e-11	5.08220675327199e-12	-5.08220675327199e-12
5743.012	30.002	-50.233	2.65066973595109e-11	5.97048668225326e-12	-5.97048668225326e-12
5798.441	27.227	-25.427	3.96788831859434e-11	8.92111635962506e-12	-8.92111635962506e-12
5869.256	31.631	-43.589	2.71296153148142e-11	6.08850012250655e-12	-6.08850012250655e-12
5957.011	31.632	-56.124	2.24555831250774e-11	5.05799626575928e-12	-5.05799626575928e-12
6014.071	29.734	-25.427	3.46095039334141e-11	7.76715957817227e-12	-7.76715957817227e-12
6132.661	54.061	-88.856	1.8998754334276e-11	2.9804435721399e-12	-2.9804435721399e-12
10024.362	66.160	-76.757	1.06356878208566e-11	2.39954935540503e-12	-2.39954935540503e-12
10162.339	81.130	-71.816	1.03377977599992e-11	2.27238807797313e-12	-2.27238807797313e-12
10303.584	60.236	-60.116	1.30775307986735e-11	2.93916015185507e-12	-2.93916015185507e-12
10401.037	27.973	-37.217	1.76114976793309e-11	3.9688175144224e-12	-3.9688175144224e-12
10476.868	42.406	-47.858	1.0646795310849e-11	2.39622795974147e-12	-2.39622795974147e-12
10587.692	51.933	-68.419	8.51507203566144e-12	1.86968312353806e-12	-1.86968312353806e-12
10711.252	58.753	-71.627	7.95906039168669e-12	1.74759791033703e-12	-1.74759791033703e-12
10805.330	42.402	-35.325	1.31072027920847e-11	2.95383606203681e-12	-2.95383606203681e-12
10895.837	44.667	-48.104	1.14496764405215e-11	2.56354880916585e-12	-2.56354880916585e-12
11011.923	46.425	-71.42	8.99060684708786e-12	2.01821024529636e-12	-2.01821024529636e-12
11103.313	57.834	-44.966	9.8699365335773e-12	2.21560197196236e-12	-2.21560197196236e-12
11195.210	41.158	-34.062	1.38450063849607e-11	3.03246085393982e-12	-3.03246085393982e-12
11296.607	62.619	-60.24	8.45226946013123e-12	1.89736491486027e-12	-1.89736491486027e-12
11395.936	36.002	-36.71	1.4926490228535e-11	3.34199798326379e-12	-3.34199798326379e-12
11476.274	53.450	-44.336	1.05226876033525e-11	2.35906177437132e-12	-2.35906177437132e-12
11599.363	53.220	-69.639	7.72817699729742e-12	1.73708102040363e-12	-1.73708102040363e-12
11688.677	41.633	-36.094	1.24304671287638e-11	2.73279493299227e-12	-2.73279493299227e-12
11769.027	44.025	-38.717	1.09895052883009e-11	2.46692261930025e-12	-2.46692261930025e-12
11867.682	43.155	-54.631	9.18321018132708e-12	2.0534281716405e-12	-2.0534281716405e-12
11989.846	81.446	-79.008	1.02218431730498e-11	1.68636924097639e-12	-1.68636924097639e-12
15798.049	52.455	-70.403	7.38673320588486e-12	1.65815528436537e-12	-1.65815528436537e-12
16017.589	176.414	-167.086	4.69365133027e-12	7.93675806616721e-13	-7.93675806616721e-13
27594.975	251.507	-315.146	3.32741597753105e-12	8.66431077963491e-13	-8.66431077963491e-13
28658.685	1023.137	-812.203	1.62960450405789e-12	3.39680328747829e-13	-3.39680328747829e-13
45077.668	1765.724	-4881.23	7.22148974055952e-13	1.41963796976071e-13	-1.41963796976071e-13
55213.480	2430.128	-3987.048	6.0202112276185e-13	1.161904855046e-13	-1.161904855046e-13
66887.330	8334.807	-4660.004	4.22999619338243e-13	1.01878989959076e-13	-1.01878989959076e-13
164243.573	95840.535	-60940.084	4.97932144836419e-14	1.34647664983142e-14	-1.34647664983142e-14
341169.945	126992.505	-75434.309	1.75120156654772e-14	8.93885294385952e-15	-6.92753783110829e-15
