READ TERR 1 2
! batSNR4flux
0.0210000467300415	0.02	-0.02	2.36905263137201e-08	4.30772599067601e-09	-4.30772599067601e-09
0.0610000085830689	0.02	-0.02	4.87682640851946e-08	7.69245416095974e-09	-7.69245416095974e-09
0.101000030040741	0.02	-0.02	6.6939688596767e-08	1.40857095314853e-08	-1.40857095314853e-08
0.140999991893768	0.02	-0.02	1.39960945076734e-07	2.50829591295618e-08	-2.50829591295618e-08
0.18100001335144	0.02	-0.02	2.29858806895936e-07	4.62050696121721e-08	-4.62050696121721e-08
0.221000034809113	0.02	-0.02	2.03601259418619e-07	4.24092340455309e-08	-4.24092340455309e-08
0.26099999666214	0.02	-0.02	2.08920617774553e-07	4.20880145616724e-08	-4.20880145616724e-08
0.301000018119812	0.02	-0.02	1.9337222158091e-07	3.97371698573792e-08	-3.97371698573792e-08
0.341000039577484	0.02	-0.02	2.60003578121909e-07	3.88465810926387e-08	-3.88465810926387e-08
0.381000001430511	0.02	-0.02	2.57195497184854e-07	4.56646890533141e-08	-4.56646890533141e-08
0.421000022888184	0.02	-0.02	3.2790463104988e-07	7.16459697156753e-08	-7.16459697156753e-08
0.461000044345856	0.02	-0.02	5.84869830974553e-07	1.09885521775101e-07	-1.09885521775101e-07
0.501000006198883	0.02	-0.02	9.18035456393161e-07	1.70028592917645e-07	-1.70028592917645e-07
0.541000027656555	0.02	-0.02	1.36885500633103e-06	2.49551152868121e-07	-2.49551152868121e-07
0.580999989509583	0.02	-0.02	8.36336884533809e-07	1.47312843913971e-07	-1.47312843913971e-07
0.621000010967255	0.02	-0.02	4.81224908602876e-07	8.70211521781003e-08	-8.70211521781003e-08
0.661000032424927	0.02	-0.02	2.20549973057212e-07	5.00456965272879e-08	-5.00456965272879e-08
0.700999994277954	0.02	-0.02	1.76526282740388e-07	3.76692358362193e-08	-3.76692358362193e-08
0.761000026464462	0.04	-0.04	9.58703627103008e-08	1.76979387886595e-08	-1.76979387886595e-08
0.820999999046326	0.02	-0.02	8.11392834281354e-08	1.57610565975969e-08	-1.57610565975969e-08
0.861000020503998	0.02	-0.02	4.89771507677723e-08	1.18000006410024e-08	-1.18000006410024e-08
0.90100004196167	0.02	-0.02	5.47891128315105e-08	1.1295238647374e-08	-1.1295238647374e-08
0.941000003814697	0.02	-0.02	4.45622770272677e-08	1.12739427715886e-08	-1.12739427715886e-08
0.981000025272369	0.02	-0.02	4.32282287728507e-08	1.06652600293454e-08	-1.06652600293454e-08
1.02100004673004	0.02	-0.02	4.93273735697753e-08	1.05336519913412e-08	-1.05336519913412e-08
1.06100000858307	0.02	-0.02	5.14418753760959e-08	1.00152449626e-08	-1.00152449626e-08
1.10100003004074	0.02	-0.02	5.71423291208601e-08	9.59690950285544e-09	-9.59690950285544e-09
1.14099999189377	0.02	-0.02	3.17041855958037e-08	9.36714115959005e-09	-9.36714115959005e-09
1.18100001335144	0.02	-0.02	4.89652849238946e-08	1.15842591550167e-08	-1.15842591550167e-08
1.24100001573563	0.04	-0.04	8.11601940537478e-08	1.47399299174281e-08	-1.47399299174281e-08
1.30100001811981	0.02	-0.02	2.07880374500212e-07	3.79353594087969e-08	-3.79353594087969e-08
1.34100003957748	0.02	-0.02	2.70436820507965e-07	5.44122162483732e-08	-5.44122162483732e-08
1.38100000143051	0.02	-0.02	4.26389470382639e-07	8.15490879597006e-08	-8.15490879597006e-08
1.42100002288818	0.02	-0.02	3.09676770275256e-07	6.08373198308551e-08	-6.08373198308551e-08
1.46100004434586	0.02	-0.02	1.99423829297659e-07	4.83494130006181e-08	-4.83494130006181e-08
1.50100000619888	0.02	-0.02	1.73440543069665e-07	3.94222570491712e-08	-3.94222570491712e-08
1.54100002765656	0.02	-0.02	1.64055404416331e-07	3.04305447216629e-08	-3.04305447216629e-08
1.58099998950958	0.02	-0.02	1.4522224790229e-07	2.6159932949242e-08	-2.6159932949242e-08
1.62100001096725	0.02	-0.02	8.06208689469473e-08	2.13961437671779e-08	-2.13961437671779e-08
1.66100003242493	0.02	-0.02	9.09892333378946e-08	1.85154955382407e-08	-1.85154955382407e-08
1.72100000500679	0.04	-0.04	4.44250283004716e-08	1.08753269038194e-08	-1.08753269038194e-08
1.80100001811981	0.04	-0.04	2.41076440586819e-08	1.03425017435965e-08	-1.03425017435965e-08
1.861000020504	0.02	-0.02	1.21847335572832e-07	2.91696084181482e-08	-2.91696084181482e-08
1.92100002288818	0.04	-0.04	2.00324476609452e-07	3.83564166912887e-08	-3.83564166912887e-08
2.00100003600121	0.04	-0.04	4.79806873545526e-07	9.46330644668823e-08	-9.46330644668823e-08
2.0810000193119	0.04	-0.04	6.36329544542881e-07	1.54609094535902e-07	-1.54609094535902e-07
2.1610000026226	0.04	-0.04	2.81809576795657e-07	8.58526664380037e-08	-8.58526664380037e-08
2.24100001573563	0.04	-0.04	2.31468099385227e-07	4.98647467244834e-08	-4.98647467244834e-08
2.32100002884865	0.04	-0.04	1.00071062667721e-07	2.77586277758177e-08	-2.77586277758177e-08
2.40100001215935	0.04	-0.04	6.83388158029371e-08	1.59638473888765e-08	-1.59638473888765e-08
2.48100002527237	0.04	-0.04	7.27635411368723e-08	1.37282279702606e-08	-1.37282279702606e-08
2.56100000858307	0.04	-0.04	7.19158922510896e-08	1.7452949025286e-08	-1.7452949025286e-08
2.68100001335144	0.08	-0.08	8.65874678518045e-08	1.73318868974555e-08	-1.73318868974555e-08
2.84100002467632	0.08	-0.08	1.21256924155882e-07	2.77752410665258e-08	-2.77752410665258e-08
2.9410000038147	0.02	-0.02	3.05757088195523e-07	6.87987757132944e-08	-6.87987757132944e-08
2.98100002527237	0.02	-0.02	2.62806227140167e-07	6.97692836295396e-08	-6.97692836295396e-08
3.02100004673004	0.02	-0.02	3.1027888169565e-07	7.5709786933853e-08	-7.5709786933853e-08
3.14099999189377	0.02	-0.02	3.02415051257078e-07	7.51429522151901e-08	-7.51429522151901e-08
3.24100001573563	0.08	-0.08	1.93350501154944e-07	3.78048715385633e-08	-3.78048715385633e-08
3.361000020504	0.04	-0.04	2.58636272561242e-07	5.75035911114225e-08	-5.75035911114225e-08
3.44100003361702	0.04	-0.04	2.73313258354411e-07	6.32632677122505e-08	-6.32632677122505e-08
3.56100000858307	0.08	-0.08	1.72196348188778e-07	5.11166537309372e-08	-5.11166537309372e-08
3.72100001990795	0.08	-0.08	2.50954856023813e-07	6.06271542070237e-08	-6.06271542070237e-08
3.84100000977516	0.04	-0.04	4.38657468544844e-07	9.89237218569065e-08	-9.89237218569065e-08
4.12100002090136	0.24	-0.24	2.09881215119075e-07	3.93572014238942e-08	-3.93572014238942e-08
4.48100001533826	0.12	-0.12	1.75064889759634e-07	3.91202806349289e-08	-3.91202806349289e-08
4.64100002169609	0.04	-0.04	2.62838151440649e-07	6.15861519326777e-08	-6.15861519326777e-08
4.74100001573563	0.06	-0.06	2.1186878266343e-07	4.4100459238828e-08	-4.4100459238828e-08
4.98100001864963	0.18	-0.18	1.00353564927531e-07	2.34405885765543e-08	-2.34405885765543e-08
5.2210000149409	0.06	-0.06	2.83847913889175e-07	6.35835987243169e-08	-6.35835987243169e-08
5.42100002288818	0.14	-0.14	2.13013538398356e-07	5.56132352184321e-08	-5.56132352184321e-08
5.72100001245737	0.16	-0.16	3.65637339291002e-07	8.52067856495775e-08	-8.52067856495775e-08
5.94100002368291	0.06	-0.06	7.61978229744839e-07	1.65596935096523e-07	-1.65596935096523e-07
6.16100001752377	0.16	-0.16	2.66702523515458e-07	7.17051164665706e-08	-7.17051164665706e-08
6.42100002288818	0.1	-0.1	2.85341105975706e-07	5.98803034230613e-08	-5.98803034230613e-08
6.56100000858307	0.04	-0.04	3.09227666845486e-07	7.65479443646162e-08	-7.65479443646162e-08
6.84100001970927	0.24	-0.24	8.65500828589113e-08	1.89970012991709e-08	-1.89970012991709e-08
7.14100001176198	0.06	-0.06	9.31770693692213e-08	2.27439996494075e-08	-2.27439996494075e-08
7.52100001692772	0.32	-0.32	2.13073987785388e-08	5.84384246842084e-09	-5.84384246842084e-09
8.16100002124905	0.32	-0.32	4.23992665118759e-08	8.73217683949737e-09	-8.73217683949737e-09
8.80100001811981	0.32	-0.32	5.78788697605876e-08	1.32986958806434e-08	-1.32986958806434e-08
9.30100001811981	0.18	-0.18	1.06628262576251e-07	2.49262553352467e-08	-2.49262553352467e-08
9.52100001692772	0.04	-0.04	2.73303885154611e-07	5.978705686237e-08	-5.978705686237e-08
9.80100001811981	0.24	-0.24	9.55190384724681e-08	2.68442789355456e-08	-2.68442789355456e-08
10.1210000109673	0.08	-0.08	1.52718312042601e-07	3.80951179364684e-08	-3.80951179364684e-08
10.3010000181198	0.1	-0.1	1.13518004605231e-07	3.03808295580841e-08	-3.03808295580841e-08
10.5010000181198	0.1	-0.1	1.1929058893527e-07	2.70729368948914e-08	-2.70729368948914e-08
11.4410000180063	0.84	-0.84	2.81778713181224e-08	5.3284636798936e-09	-5.3284636798936e-09
12.5210000169277	0.24	-0.24	4.70415752337975e-08	1.0237636455622e-08	-1.0237636455622e-08
12.8410000246763	0.08	-0.08	8.94824559841824e-08	2.21881311754856e-08	-2.21881311754856e-08
13.0010000211	0.08	-0.08	6.79368246418146e-08	2.40744269498024e-08	-2.40744269498024e-08
13.1010000300407	0.02	-0.02	2.24207006279177e-07	5.33690578496967e-08	-5.33690578496967e-08
13.2010000091791	0.08	-0.08	8.43370232364801e-08	2.70406576742905e-08	-2.70406576742905e-08
13.3810000252724	0.1	-0.1	1.51958208513626e-07	3.14444547549269e-08	-3.14444547549269e-08
13.5410000077883	0.06	-0.06	2.62865879221872e-07	6.06518395379962e-08	-6.06518395379962e-08
13.6610000125567	0.06	-0.06	3.61722746244967e-07	8.54512140523097e-08	-8.54512140523097e-08
13.8210000228882	0.1	-0.1	4.02707878569316e-07	9.17499244365021e-08	-9.17499244365021e-08
13.9810000252724	0.06	-0.06	4.5553733989269e-07	8.13020266456303e-08	-8.13020266456303e-08
14.0610000085831	0.02	-0.02	4.88111402830998e-07	1.15696926349643e-07	-1.15696926349643e-07
14.1210000109673	0.04	-0.04	2.18424170247048e-07	7.27861983816053e-08	-7.27861983816053e-08
14.2010000240803	0.04	-0.04	2.69209915669327e-07	5.92490999229295e-08	-5.92490999229295e-08
14.3010000181198	0.06	-0.06	1.57103569406474e-07	3.98864015737025e-08	-3.98864015737025e-08
14.3810000014305	0.02	-0.02	2.9558525315871e-07	6.29958505989953e-08	-6.29958505989953e-08
14.4610000244776	0.06	-0.06	1.61004927494774e-07	3.52284197783283e-08	-3.52284197783283e-08
14.5410000276566	0.02	-0.02	2.37037503960072e-07	5.64039464065932e-08	-5.64039464065932e-08
14.6210000109673	0.06	-0.06	1.34202413185545e-07	2.96194480600289e-08	-2.96194480600289e-08
14.700999994278	0.02	-0.02	2.76620478019555e-07	6.08580016888568e-08	-6.08580016888568e-08
14.7610000264645	0.04	-0.04	2.03350801018197e-07	5.95597719375672e-08	-5.95597719375672e-08
14.8209999990463	0.02	-0.02	4.89452183728937e-07	1.1512670788684e-07	-1.1512670788684e-07
14.8810000312328	0.04	-0.04	5.76928545649197e-07	1.15165001203249e-07	-1.15165001203249e-07
15.0010000211	0.08	-0.08	6.41054903984244e-07	1.55841240191101e-07	-1.55841240191101e-07
15.2410000157356	0.16	-0.16	1.11161104116861e-06	2.24454759193088e-07	-2.24454759193088e-07
15.441000033617	0.04	-0.04	3.24886043903468e-06	6.69075573806701e-07	-6.69075573806701e-07
15.5410000077883	0.06	-0.06	1.44973013154827e-06	3.07190068420759e-07	-3.07190068420759e-07
15.6610000125567	0.06	-0.06	4.36197895244436e-07	1.50329774642601e-07	-1.50329774642601e-07
15.7410000157356	0.02	-0.02	6.69292708514055e-07	1.61943019182525e-07	-1.61943019182525e-07
15.8010000181198	0.04	-0.04	4.50719035765659e-07	8.62266985006082e-08	-8.62266985006082e-08
15.8810000312328	0.04	-0.04	2.18796013572383e-07	6.40033233024148e-08	-6.40033233024148e-08
15.9810000252724	0.06	-0.06	2.30663824036474e-07	5.07909485468151e-08	-5.07909485468151e-08
16.0610000085831	0.02	-0.02	3.4731862559885e-07	8.49408042032027e-08	-8.49408042032027e-08
16.1010000300407	0.02	-0.02	3.83888883024562e-07	8.60314657106805e-08	-8.60314657106805e-08
16.1409999918938	0.02	-0.02	3.61907447595123e-07	8.23881266978737e-08	-8.23881266978737e-08
16.2010000240803	0.04	-0.04	1.53461277414766e-07	3.72515767779455e-08	-3.72515767779455e-08
16.3010000181198	0.06	-0.06	6.75751503692791e-08	1.54284732146515e-08	-1.54284732146515e-08
16.3810000014305	0.02	-0.02	1.48747667831853e-07	3.08506988565248e-08	-3.08506988565248e-08
16.441000033617	0.04	-0.04	1.91926958435654e-07	3.93016178962661e-08	-3.93016178962661e-08
16.5210000169277	0.04	-0.04	4.04838470683577e-07	8.5642591295322e-08	-8.5642591295322e-08
16.5809999895096	0.02	-0.02	5.57956433654539e-07	9.6324801134107e-08	-9.6324801134107e-08
16.6610000125567	0.06	-0.06	1.07566819240885e-07	2.37804977396696e-08	-2.37804977396696e-08
16.7410000157356	0.02	-0.02	7.54370438002482e-08	1.76283504861653e-08	-1.76283504861653e-08
16.8410000246763	0.08	-0.08	8.13848160159948e-08	1.79056700482248e-08	-1.79056700482248e-08
16.9410000038147	0.02	-0.02	4.692181727392e-07	1.03395003681689e-07	-1.03395003681689e-07
17.0010000360012	0.04	-0.04	6.86556331100433e-07	1.393097370922e-07	-1.393097370922e-07
17.1210000109673	0.08	-0.08	1.09535031551743e-06	2.25948385830519e-07	-2.25948385830519e-07
17.2210000348091	0.02	-0.02	4.21010914108029e-06	9.32615842743685e-07	-9.32615842743685e-07
17.281000007391	0.04	-0.04	2.95501012849835e-06	6.70522958764024e-07	-6.70522958764024e-07
17.3410000395775	0.02	-0.02	3.56473418296531e-06	8.05140470947244e-07	-8.05140470947244e-07
17.3810000014305	0.02	-0.02	2.92095101504861e-06	7.43692410365057e-07	-7.43692410365057e-07
17.4210000228882	0.02	-0.02	2.69396576847239e-06	6.55500803808537e-07	-6.55500803808537e-07
17.4610000443459	0.02	-0.02	1.84602595396373e-06	6.2986277145238e-07	-6.2986277145238e-07
17.5010000061989	0.02	-0.02	2.92280908323526e-06	5.75113053436992e-07	-5.75113053436992e-07
17.5610000085831	0.04	-0.04	8.97536622952397e-07	3.50170906066264e-07	-3.50170906066264e-07
17.6410000216961	0.04	-0.04	1.40754546201614e-06	3.15891468152248e-07	-3.15891468152248e-07
17.7210000050068	0.04	-0.04	1.0190558095424e-06	2.61223807134639e-07	-2.61223807134639e-07
17.7810000371933	0.02	-0.02	9.13258785841273e-07	2.19827420398257e-07	-2.19827420398257e-07
17.8410000097752	0.04	-0.04	4.44905227742708e-07	9.77559133216438e-08	-9.77559133216438e-08
17.9010000419617	0.02	-0.02	3.92804163092421e-07	9.04315760840134e-08	-9.04315760840134e-08
17.9610000145435	0.04	-0.04	1.86241400546977e-07	3.96522306757931e-08	-3.96522306757931e-08
18.0610000284513	0.06	-0.06	1.78842142726991e-07	3.66633160879707e-08	-3.66633160879707e-08
18.1409999918938	0.02	-0.02	4.09764340780199e-07	8.88521112992567e-08	-8.88521112992567e-08
18.1810000133514	0.02	-0.02	4.37325419660116e-07	1.08240644750064e-07	-1.08240644750064e-07
18.2410000157356	0.04	-0.04	3.69783138569011e-07	7.52295800256836e-08	-7.52295800256836e-08
18.3210000288486	0.04	-0.04	2.37221374919827e-07	7.72564100156231e-08	-7.72564100156231e-08
18.3810000014305	0.02	-0.02	5.309576225497e-07	1.15770437616966e-07	-1.15770437616966e-07
18.441000033617	0.04	-0.04	3.17252194975053e-07	7.19651784602191e-08	-7.19651784602191e-08
18.5210000169277	0.04	-0.04	2.69466017891057e-07	5.41514639791472e-08	-5.41514639791472e-08
18.5809999895096	0.02	-0.02	3.56162310614522e-07	6.13023180778896e-08	-6.13023180778896e-08
18.6210000109673	0.02	-0.02	2.27040562383747e-07	5.40675235781778e-08	-5.40675235781778e-08
18.6610000324249	0.02	-0.02	2.0481940596572e-07	4.94782347035339e-08	-4.94782347035339e-08
18.7210000050068	0.04	-0.04	1.38913648413134e-07	3.09950804414334e-08	-3.09950804414334e-08
18.7810000371933	0.02	-0.02	1.57649981042146e-07	3.74813355011367e-08	-3.74813355011367e-08
18.8209999990463	0.02	-0.02	2.52846501215493e-07	5.38127431814263e-08	-5.38127431814263e-08
18.861000020504	0.02	-0.02	6.06607319960466e-07	1.17804349315797e-07	-1.17804349315797e-07
18.9010000419617	0.02	-0.02	9.06791584630456e-07	2.6263207798857e-07	-2.6263207798857e-07
18.9410000038147	0.02	-0.02	2.53989696848542e-06	5.44740128187287e-07	-5.44740128187287e-07
18.9810000252724	0.02	-0.02	3.23043087836782e-06	5.99987693384833e-07	-5.99987693384833e-07
19.02100004673	0.02	-0.02	9.13689200329762e-07	2.96325785677063e-07	-2.96325785677063e-07
19.0610000085831	0.02	-0.02	6.81741410683989e-07	1.62773211966909e-07	-1.62773211966909e-07
19.1010000300407	0.02	-0.02	4.26208986011038e-07	8.67975371547291e-08	-8.67975371547291e-08
19.1409999918938	0.02	-0.02	3.12208234874804e-07	7.46999604049969e-08	-7.46999604049969e-08
19.1810000133514	0.02	-0.02	4.14663093796448e-07	1.00449776107973e-07	-1.00449776107973e-07
19.2210000348091	0.02	-0.02	6.66733245632069e-07	1.41427818317287e-07	-1.41427818317287e-07
19.2609999966621	0.02	-0.02	8.72089518903772e-07	1.78917186587868e-07	-1.78917186587868e-07
19.3010000181198	0.02	-0.02	5.3254681115472e-07	1.25306310754161e-07	-1.25306310754161e-07
19.3410000395775	0.02	-0.02	4.45897790938606e-07	9.08359178843942e-08	-9.08359178843942e-08
19.3810000014305	0.02	-0.02	3.54387966842871e-07	6.60925135808563e-08	-6.60925135808563e-08
19.4210000228882	0.02	-0.02	3.75910483796345e-07	9.69180248735786e-08	-9.69180248735786e-08
19.4610000443459	0.02	-0.02	9.23814124724835e-07	1.37058224164e-07	-1.37058224164e-07
19.5010000061989	0.02	-0.02	1.11181499125331e-06	1.88430741887288e-07	-1.88430741887288e-07
19.5410000276566	0.02	-0.02	4.69024264937634e-07	1.05123837286403e-07	-1.05123837286403e-07
19.5809999895096	0.02	-0.02	1.58528044675495e-07	5.41840841866658e-08	-5.41840841866658e-08
19.6210000109673	0.02	-0.02	1.77013581748435e-07	2.80304755124425e-08	-2.80304755124425e-08
19.6610000324249	0.02	-0.02	1.63976350076567e-07	3.23888725121648e-08	-3.23888725121648e-08
19.7210000050068	0.04	-0.04	1.06792486528973e-07	2.49832465788425e-08	-2.49832465788425e-08
19.7810000371933	0.02	-0.02	1.99507398958823e-07	3.98825416678722e-08	-3.98825416678722e-08
19.8209999990463	0.02	-0.02	4.05856164883812e-07	6.09361433012951e-08	-6.09361433012951e-08
19.861000020504	0.02	-0.02	4.57859493060266e-07	9.76788889807436e-08	-9.76788889807436e-08
19.9010000419617	0.02	-0.02	8.36711079579031e-07	1.63864873553697e-07	-1.63864873553697e-07
19.9410000038147	0.02	-0.02	7.15348943605796e-07	1.27205468345702e-07	-1.27205468345702e-07
19.9810000252724	0.02	-0.02	2.7248992568053e-07	5.21811194031483e-08	-5.21811194031483e-08
20.02100004673	0.02	-0.02	1.11334629536754e-07	2.14216814890016e-08	-2.14216814890016e-08
20.0610000085831	0.02	-0.02	1.00022596180974e-07	2.08092699450987e-08	-2.08092699450987e-08
20.1010000300407	0.02	-0.02	9.66913639166693e-08	2.25250761289877e-08	-2.25250761289877e-08
20.1409999918938	0.02	-0.02	7.92711792359164e-08	2.16779321804224e-08	-2.16779321804224e-08
20.1810000133514	0.02	-0.02	1.2413583787985e-07	2.81452907082269e-08	-2.81452907082269e-08
20.2210000348091	0.02	-0.02	2.25781216693841e-07	3.87482216943377e-08	-3.87482216943377e-08
20.2609999966621	0.02	-0.02	3.18639025453451e-07	6.15978218261335e-08	-6.15978218261335e-08
20.3010000181198	0.02	-0.02	7.55175562663591e-07	1.38727747124757e-07	-1.38727747124757e-07
20.3410000395775	0.02	-0.02	1.04199043414356e-06	1.98468269069334e-07	-1.98468269069334e-07
20.3810000014305	0.02	-0.02	1.47206633372444e-06	2.1617688533817e-07	-2.1617688533817e-07
20.4210000228882	0.02	-0.02	7.72927047451532e-07	1.24086756886244e-07	-1.24086756886244e-07
20.4610000443459	0.02	-0.02	2.75857997180574e-07	4.56160300797928e-08	-4.56160300797928e-08
20.5010000061989	0.02	-0.02	1.12690752678737e-07	1.76720317993354e-08	-1.76720317993354e-08
20.5410000276566	0.02	-0.02	1.40916016983755e-07	2.88593091909957e-08	-2.88593091909957e-08
20.5809999895096	0.02	-0.02	2.52310086340239e-07	4.54872534618737e-08	-4.54872534618737e-08
20.6210000109673	0.02	-0.02	3.11522033301113e-07	7.23378447145691e-08	-7.23378447145691e-08
20.6610000324249	0.02	-0.02	2.43665277214106e-07	4.37882585324933e-08	-4.37882585324933e-08
20.700999994278	0.02	-0.02	1.36591517574955e-07	2.81077908994202e-08	-2.81077908994202e-08
20.7410000157356	0.02	-0.02	8.16061378414356e-08	1.63845020814048e-08	-1.63845020814048e-08
20.7810000371933	0.02	-0.02	1.01666234432196e-07	2.12141793656449e-08	-2.12141793656449e-08
20.8410000097752	0.04	-0.04	2.62435126810462e-07	4.79728045243602e-08	-4.79728045243602e-08
20.9010000419617	0.02	-0.02	8.72907953197889e-07	1.43414718990338e-07	-1.43414718990338e-07
20.9410000038147	0.02	-0.02	6.69750473048757e-07	1.2069496619466e-07	-1.2069496619466e-07
20.9810000252724	0.02	-0.02	6.39584090991959e-07	1.09521929723363e-07	-1.09521929723363e-07
21.02100004673	0.02	-0.02	4.20865251280357e-07	7.83241854871974e-08	-7.83241854871974e-08
21.0610000085831	0.02	-0.02	3.38521072471707e-07	5.90020225834223e-08	-5.90020225834223e-08
21.1210000109673	0.04	-0.04	1.09223296159659e-07	2.59036565155803e-08	-2.59036565155803e-08
21.2010000240803	0.04	-0.04	1.57627112589345e-07	2.80890937394338e-08	-2.80890937394338e-08
21.2609999966621	0.02	-0.02	3.56839973982114e-07	6.61055588597393e-08	-6.61055588597393e-08
21.3010000181198	0.02	-0.02	4.64752980893648e-07	9.06980678026744e-08	-9.06980678026744e-08
21.3410000395775	0.02	-0.02	7.61533188192344e-07	1.293980184687e-07	-1.293980184687e-07
21.3810000014305	0.02	-0.02	3.30234327376e-07	7.68794172425697e-08	-7.68794172425697e-08
21.4210000228882	0.02	-0.02	2.39148594355571e-07	4.32814277255752e-08	-4.32814277255752e-08
21.4610000443459	0.02	-0.02	8.48626435520332e-08	2.55669965953659e-08	-2.55669965953659e-08
21.5010000061989	0.02	-0.02	1.01112121726443e-07	2.24945058772368e-08	-2.24945058772368e-08
21.5410000276566	0.02	-0.02	1.61742797401641e-07	2.8351173758757e-08	-2.8351173758757e-08
21.5809999895096	0.02	-0.02	1.3943130135855e-07	3.54254126729353e-08	-3.54254126729353e-08
21.6210000109673	0.02	-0.02	2.04895308736131e-07	4.41052173159963e-08	-4.41052173159963e-08
21.6610000324249	0.02	-0.02	1.77905529069578e-07	4.51127399163074e-08	-4.51127399163074e-08
21.700999994278	0.02	-0.02	1.80700711390925e-07	4.07370782245985e-08	-4.07370782245985e-08
21.7410000157356	0.02	-0.02	1.67816917405686e-07	3.57822312744181e-08	-3.57822312744181e-08
21.7810000371933	0.02	-0.02	1.05010116833572e-07	3.14745129762226e-08	-3.14745129762226e-08
21.8209999990463	0.02	-0.02	1.95266157917316e-07	3.78656949809088e-08	-3.78656949809088e-08
21.861000020504	0.02	-0.02	2.73384761001137e-07	6.19147393161019e-08	-6.19147393161019e-08
21.9010000419617	0.02	-0.02	3.93038880026546e-07	9.51847404727606e-08	-9.51847404727606e-08
21.9410000038147	0.02	-0.02	5.69618256816581e-07	1.48609922646852e-07	-1.48609922646852e-07
21.9810000252724	0.02	-0.02	8.79793528541912e-07	1.41828659058175e-07	-1.41828659058175e-07
22.0410000276566	0.04	-0.04	2.52216305454895e-07	4.85327001112245e-08	-4.85327001112245e-08
22.1010000300407	0.02	-0.02	2.15154839555577e-07	3.39853536103025e-08	-3.39853536103025e-08
22.1810000133514	0.06	-0.06	3.36143372730576e-08	7.5740892810432e-09	-7.5740892810432e-09
22.2609999966621	0.02	-0.02	1.0046452253384e-07	1.81881335954192e-08	-1.81881335954192e-08
22.3210000288486	0.04	-0.04	8.3172605475509e-08	2.08119531092962e-08	-2.08119531092962e-08
22.4010000121593	0.04	-0.04	1.98317060469553e-07	4.31596712233753e-08	-4.31596712233753e-08
22.4610000443459	0.02	-0.02	2.90152851412657e-07	7.22950963950181e-08	-7.22950963950181e-08
22.5010000061989	0.02	-0.02	2.36926220277967e-07	5.43627895136405e-08	-5.43627895136405e-08
22.5810000093778	0.06	-0.06	8.41666419646326e-08	1.90002112254165e-08	-1.90002112254165e-08
22.6610000324249	0.02	-0.02	8.31893364412583e-08	1.90753771850772e-08	-1.90753771850772e-08
22.700999994278	0.02	-0.02	7.66263261476197e-08	2.11507137248569e-08	-2.11507137248569e-08
22.7410000157356	0.02	-0.02	9.5292114709375e-08	2.32910168398269e-08	-2.32910168398269e-08
22.8010000181198	0.04	-0.04	7.95622254760023e-08	2.0415154090873e-08	-2.0415154090873e-08
22.8810000312328	0.04	-0.04	1.09179047151528e-07	2.65907789842044e-08	-2.65907789842044e-08
22.9610000145435	0.04	-0.04	9.54898906150155e-08	3.39059241173979e-08	-3.39059241173979e-08
23.0410000276566	0.04	-0.04	2.38347544012115e-07	4.51618663005743e-08	-4.51618663005743e-08
23.1210000109673	0.04	-0.04	2.01803773705921e-07	4.6023741244663e-08	-4.6023741244663e-08
23.2010000240803	0.04	-0.04	1.91546534905046e-07	4.58238110641284e-08	-4.58238110641284e-08
23.3210000139475	0.08	-0.08	1.48229339576667e-07	3.14182367058429e-08	-3.14182367058429e-08
23.4610000244776	0.06	-0.06	1.53185415833751e-07	3.45998367233977e-08	-3.45998367233977e-08
23.5410000276566	0.02	-0.02	2.81561378368588e-07	6.82395173338169e-08	-6.82395173338169e-08
23.6010000002384	0.04	-0.04	1.22227946340355e-07	5.00130191367429e-08	-5.00130191367429e-08
23.6810000133514	0.04	-0.04	2.50758854820315e-07	5.70977966596121e-08	-5.70977966596121e-08
23.9210000228882	0.2	-0.2	1.7836906930014e-07	3.93999279640666e-08	-3.93999279640666e-08
24.2210000109673	0.1	-0.1	3.93740073115124e-07	9.19461803227707e-08	-9.19461803227707e-08
24.5210000169277	0.2	-0.2	2.25470991135456e-07	6.08729247480005e-08	-6.08729247480005e-08
24.8210000228882	0.1	-0.1	3.79335753237344e-07	8.07337244157632e-08	-8.07337244157632e-08
25.1210000169277	0.2	-0.2	1.81177208770009e-07	5.37691224524005e-08	-5.37691224524005e-08
25.4010000270605	0.08	-0.08	3.28549573603549e-07	8.10989634419714e-08	-8.10989634419714e-08
25.8010000181198	0.32	-0.32	1.41407587104962e-07	3.74838175005023e-08	-3.74838175005023e-08
26.4410000149906	0.32	-0.32	1.51899190410916e-07	3.79421692704267e-08	-3.79421692704267e-08
28.601000018379	1.84	-1.84	7.44404108188504e-08	1.50525815824573e-08	-1.50525815824573e-08
32.3010000181198	1.86	-1.86	4.67698391540617e-08	1.4040796834063e-08	-1.4040796834063e-08
34.9010000177976	0.74	-0.74	9.26722400997748e-08	2.17304902456844e-08	-2.17304902456844e-08
NO NO NO NO NO NO
! xrtpcflux_nosys
280.548	13.595	-8.971	2.32987530080349e-10	5.22583192371134e-11	-5.22583192371134e-11
303.597	13.112	-9.454	2.4703415325541e-10	5.52385152757687e-11	-5.52385152757687e-11
331.054	10.728	-14.345	2.27792211951128e-10	5.12511161458603e-11	-5.12511161458603e-11
361.804	17.588	-20.022	1.56863572838793e-10	3.51839661608728e-11	-3.51839661608728e-11
390.486	13.980	-11.094	2.43920567088065e-10	5.354146597445e-11	-5.354146597445e-11
419.957	14.596	-15.492	1.89290949400406e-10	4.17344788910001e-11	-4.17344788910001e-11
452.401	12.240	-17.848	1.795106396015e-10	4.03258180407898e-11	-4.03258180407898e-11
496.851	15.428	-32.211	1.30165684491243e-10	2.73978389627446e-11	-2.73978389627446e-11
540.336	19.583	-28.056	1.25548069158526e-10	2.7031429616098e-11	-2.7031429616098e-11
597.850	17.229	-37.931	9.84602108189998e-11	2.22213740682256e-11	-2.22213740682256e-11
639.251	23.465	-24.172	1.14412118559466e-10	2.57416607455025e-11	-2.57416607455025e-11
3991.273	45.483	-42.273	1.70352557661097e-11	3.83344048729252e-12	-3.83344048729252e-12
4076.806	42.691	-40.05	1.83506942005921e-11	4.12945403130812e-12	-4.12945403130812e-12
4149.672	32.508	-30.175	2.54382048171608e-11	5.71707828175039e-12	-5.71707828175039e-12
4217.474	32.403	-35.294	2.47008400472384e-11	5.57972871578449e-12	-5.57972871578449e-12
4302.706	44.956	-52.829	1.6548560585078e-11	3.7525730286908e-12	-3.7525730286908e-12
4381.846	33.514	-34.184	2.28298240334166e-11	5.13086123227912e-12	-5.13086123227912e-12
4464.523	38.592	-49.163	1.65704712652945e-11	3.75754134235667e-12	-3.75754134235667e-12
4530.922	34.876	-27.806	2.366477651577e-11	5.31176001018626e-12	-5.31176001018626e-12
4591.591	31.875	-25.793	2.53412693506379e-11	5.73905814618159e-12	-5.73905814618159e-12
4655.508	40.670	-32.041	2.07063490729478e-11	4.65362290655612e-12	-4.65362290655612e-12
4750.332	46.138	-54.154	1.61912469329481e-11	3.54603397320507e-12	-3.54603397320507e-12
4830.148	54.078	-33.678	1.71581263134371e-11	3.8907985085564e-12	-3.8907985085564e-12
4925.796	36.157	-41.57	1.91484579355564e-11	4.31996891579202e-12	-4.31996891579202e-12
4998.397	33.757	-36.444	2.08976671175989e-11	4.73271257848163e-12	-4.73271257848163e-12
6322.554	100.718	-71.937	1.4795979567044e-11	2.85286285162894e-12	-2.85286285162894e-12
9769.991	67.274	-78.15	1.03765336673139e-11	2.35888677195879e-12	-2.35888677195879e-12
9928.291	79.471	-91.026	6.56943314351219e-12	1.73407452596736e-12	-1.73407452596736e-12
10055.269	25.205	-47.507	2.07660361526062e-11	4.69666792452796e-12	-4.69666792452796e-12
10188.709	64.769	-108.235	9.10729405397032e-12	2.01639982435463e-12	-2.01639982435463e-12
10340.340	63.576	-86.862	1.03644222419651e-11	2.30033260798906e-12	-2.30033260798906e-12
10460.120	64.147	-56.204	1.22157347516364e-11	2.79848278080173e-12	-2.79848278080173e-12
10577.133	42.412	-52.866	1.57390404948416e-11	3.55066227105375e-12	-3.55066227105375e-12
10708.934	81.108	-89.389	8.70151467052994e-12	1.97053760512846e-12	-1.97053760512846e-12
10844.375	61.003	-54.333	1.27890548349017e-11	2.88515903750572e-12	-2.88515903750572e-12
11027.838	133.280	-122.461	1.02330255692613e-11	1.73093971146175e-12	-1.73093971146175e-12
15591.494	114.143	-114.022	7.17666792415266e-12	1.6235967754097e-12	-1.6235967754097e-12
15871.456	112.493	-165.818	4.37711922726255e-12	1.15311026465401e-12	-1.15311026465401e-12
16083.879	105.668	-99.931	7.94024362980742e-12	1.7993615240534e-12	-1.7993615240534e-12
16329.721	93.005	-140.174	6.97129376848508e-12	1.58778771857251e-12	-1.58778771857251e-12
16529.529	179.031	-106.802	5.38681497719126e-12	1.26564003780923e-12	-1.26564003780923e-12
16829.837	129.454	-121.277	4.84140735861548e-12	1.28410997517641e-12	-1.28410997517641e-12
17121.004	119.105	-161.713	4.36376998705267e-12	1.14829874805995e-12	-1.14829874805995e-12
17344.014	154.348	-103.905	6.39653324576918e-12	1.4458920428503e-12	-1.4458920428503e-12
17694.643	194.083	-196.281	5.68022336467836e-12	1.16680203873805e-12	-1.16680203873805e-12
22554.092	103.350	-152.395	4.88965184661291e-12	1.27954912860551e-12	-1.27954912860551e-12
22764.411	86.094	-106.968	8.19613365217396e-12	1.81511482159022e-12	-1.81511482159022e-12
22960.659	100.461	-110.153	5.38920146290957e-12	1.40298827883053e-12	-1.40298827883053e-12
23153.061	101.121	-91.942	5.83705057017496e-12	1.53224306742098e-12	-1.53224306742098e-12
23461.182	186.648	-206.999	3.84799220322951e-12	9.2676506647052e-13	-9.2676506647052e-13
26922.900	107.493	-103.12	5.96037958195696e-12	1.55898220461071e-12	-1.55898220461071e-12
27200.163	168.716	-169.77	3.64397678652877e-12	9.51341527892651e-13	-9.51341527892651e-13
27534.641	112.550	-165.761	4.39885598880554e-12	1.14771027622319e-12	-1.14771027622319e-12
27846.601	229.339	-199.411	2.77874930071844e-12	7.33618541427017e-13	-7.33618541427017e-13
28292.643	169.423	-216.703	3.05539591866111e-12	8.01644194927391e-13	-8.01644194927391e-13
28555.859	151.923	-93.793	5.10368075420325e-12	1.28847687606216e-12	-1.28847687606216e-12
29038.069	349.185	-330.288	3.23703824877576e-12	6.2110168383259e-13	-6.2110168383259e-13
33379.271	139.908	-165.983	3.84585035775846e-12	1.02241643403005e-12	-1.02241643403005e-12
33648.631	98.713	-129.452	6.98919890536351e-12	1.57723629729582e-12	-1.57723629729582e-12
33882.097	120.993	-134.753	4.58475768579922e-12	1.20241316795627e-12	-1.20241316795627e-12
34200.986	77.908	-197.896	4.11105436987608e-12	1.07939171932763e-12	-1.07939171932763e-12
34587.946	302.726	-309.051	3.23116212241443e-12	6.38725830248494e-13	-6.38725830248494e-13
38470.005	123.858	-169.497	3.91145460906041e-12	1.02306018108624e-12	-1.02306018108624e-12
38920.469	410.539	-326.606	3.00024414993911e-12	5.68064580519837e-13	-5.68064580519837e-13
46158.537	451.643	-383.288	2.01336674582634e-12	4.40438005055094e-13	-4.40438005055094e-13
50389.828	177.039	-173.984	3.28276425312131e-12	8.62467139499464e-13	-8.62467139499464e-13
50899.695	334.118	-332.827	1.69616010221627e-12	4.52999203009488e-13	-4.52999203009488e-13
51769.462	559.711	-535.65	1.64556937024718e-12	3.60028473743749e-13	-3.60028473743749e-13
56724.982	295.740	-448.931	1.61595541515971e-12	4.33701031695183e-13	-4.33701031695183e-13
57572.922	508.385	-552.2	1.67483806027192e-12	3.6865161473234e-13	-3.6865161473234e-13
134609.186	2760.375	-4055.109	8.07303479088233e-13	2.0514356892787e-13	-2.0514356892787e-13
197560.079	14749.149	-15066.379	4.62809021083269e-13	1.16967470017818e-13	-1.16967470017818e-13
390090.703	74518.939	-103574.043	1.80786006980262e-13	4.83033111769322e-14	-4.83033111769322e-14
534001.854	11067.534	-6625.786	1.82956181792733e-13	7.51530341673159e-14	-6.00512556375934e-14
