## BAT - batSNR4flux
0.0210000467300415	0.02	-0.02	2.67606105593117e-07	3.1362340182491e-08	-3.1362340182491e-08
0.0610000085830689	0.02	-0.02	1.02304571037696e-07	1.11466590559757e-08	-1.11466590559757e-08
0.101000030040741	0.02	-0.02	1.10171378498783e-07	1.34852458127641e-08	-1.34852458127641e-08
0.141000051498413	0.02	-0.02	1.83268911402895e-07	2.02520625296617e-08	-2.02520625296617e-08
0.18100001335144	0.02	-0.02	6.89911942637534e-08	6.55772083788663e-09	-6.55772083788663e-09
0.221000034809113	0.02	-0.02	1.40277041084797e-07	1.24282716015055e-08	-1.24282716015055e-08
0.26099999666214	0.02	-0.02	4.81587534758442e-07	4.54946712206659e-08	-4.54946712206659e-08
0.301000018119812	0.02	-0.02	8.48108880437888e-08	7.06575867573145e-09	-7.06575867573145e-09
0.341000039577484	0.02	-0.02	6.51693679229537e-08	6.63978032755637e-09	-6.63978032755637e-09
0.381000001430511	0.02	-0.02	4.34615998620843e-08	3.39088102799236e-09	-3.39088102799236e-09
0.421000022888184	0.02	-0.02	3.08150106311782e-07	1.81757908151467e-08	-1.81757908151467e-08
0.461000044345856	0.02	-0.02	1.73309391432003e-07	8.57984542243714e-09	-8.57984542243714e-09
0.501000006198883	0.02	-0.02	1.25236427952702e-07	5.73535579388352e-09	-5.73535579388352e-09
0.541000027656555	0.02	-0.02	1.05180681101101e-07	4.47368907779887e-09	-4.47368907779887e-09
0.581000049114227	0.02	-0.02	2.64344311779646e-07	1.12876473438055e-08	-1.12876473438055e-08
0.621000010967255	0.02	-0.02	2.46953442872054e-07	9.47934791728915e-09	-9.47934791728915e-09
0.661000032424927	0.02	-0.02	1.78349574756445e-07	6.51406346003931e-09	-6.51406346003931e-09
0.700999994277954	0.02	-0.02	2.32519502055281e-07	8.63689781559167e-09	-8.63689781559167e-09
0.741000015735626	0.02	-0.02	2.54836607631191e-07	9.70065905504429e-09	-9.70065905504429e-09
0.781000037193298	0.02	-0.02	3.07932255096663e-07	1.27456889466129e-08	-1.27456889466129e-08
0.820999999046326	0.02	-0.02	5.88337318955021e-07	2.65570885059153e-08	-2.65570885059153e-08
0.861000020503998	0.02	-0.02	5.36226901875753e-07	2.44424334434247e-08	-2.44424334434247e-08
0.90100004196167	0.02	-0.02	9.90156181698535e-07	4.96398380720763e-08	-4.96398380720763e-08
0.941000003814697	0.02	-0.02	4.81963109628787e-07	2.48333734523544e-08	-2.48333734523544e-08
0.981000025272369	0.02	-0.02	5.77941163653951e-07	3.28801537792059e-08	-3.28801537792059e-08
1.02100004673004	0.02	-0.02	2.52864122080576e-07	1.47689408257746e-08	-1.47689408257746e-08
1.06100000858307	0.02	-0.02	3.02493586992701e-07	1.95969231650495e-08	-1.95969231650495e-08
1.10100003004074	0.02	-0.02	1.45492712225194e-06	9.64642277612499e-08	-9.64642277612499e-08
1.14100005149841	0.02	-0.02	3.51811055974408e-07	2.46394801241966e-08	-2.46394801241966e-08
1.18100001335144	0.02	-0.02	5.36363969549729e-07	4.05503890369722e-08	-4.05503890369722e-08
1.22100003480911	0.02	-0.02	7.14891977561623e-07	5.90384840410875e-08	-5.90384840410875e-08
1.26099999666214	0.02	-0.02	3.29109588992293e-07	2.59500767081761e-08	-2.59500767081761e-08
1.30100001811981	0.02	-0.02	5.2765338880558e-07	4.48912461384749e-08	-4.48912461384749e-08
1.34100003957748	0.02	-0.02	8.41981624095299e-07	8.17216449018871e-08	-8.17216449018871e-08
1.38100000143051	0.02	-0.02	4.8667088986211e-07	5.13209031509867e-08	-5.13209031509867e-08
1.42100002288818	0.02	-0.02	3.59018704600051e-07	3.73278694221101e-08	-3.73278694221101e-08
1.46100004434586	0.02	-0.02	5.40445028966879e-07	5.54177504809065e-08	-5.54177504809065e-08
1.50100000619888	0.02	-0.02	6.85990711982946e-07	7.00337056825566e-08	-7.00337056825566e-08
1.54100002765656	0.02	-0.02	5.24567355475752e-07	6.91785112596169e-08	-6.91785112596169e-08
1.58100004911423	0.02	-0.02	5.03590088391747e-07	6.96178241234904e-08	-6.96178241234904e-08
1.62100001096725	0.02	-0.02	3.937637558563e-07	5.88076624258039e-08	-5.88076624258039e-08
1.66100003242493	0.02	-0.02	4.5377275370794e-07	5.89361383402799e-08	-5.89361383402799e-08
1.70099999427795	0.02	-0.02	3.97638047805167e-07	3.60031816430003e-08	-3.60031816430003e-08
1.74100001573563	0.02	-0.02	1.31954778991371e-07	1.06303653382945e-08	-1.06303653382945e-08
1.7810000371933	0.02	-0.02	1.0214917314202e-07	7.68369816567354e-09	-7.68369816567354e-09
1.82099999904633	0.02	-0.02	2.0230328159483e-07	1.45920460956243e-08	-1.45920460956243e-08
1.861000020504	0.02	-0.02	1.44090895827774e-07	9.41901708695025e-09	-9.41901708695025e-09
1.90100004196167	0.02	-0.02	4.01330951115502e-07	2.71059065650011e-08	-2.71059065650011e-08
1.9410000038147	0.02	-0.02	4.11696979261994e-07	2.67119947449749e-08	-2.67119947449749e-08
1.98100002527237	0.02	-0.02	2.88706969781614e-07	1.48630834354405e-08	-1.48630834354405e-08
2.02100004673004	0.02	-0.02	6.37514558837345e-08	2.79996228666418e-09	-2.79996228666418e-09
2.06100000858307	0.02	-0.02	1.71976410313504e-07	7.02307040550557e-09	-7.02307040550557e-09
2.10100003004074	0.02	-0.02	1.76011351114228e-07	6.86221293537012e-09	-6.86221293537012e-09
2.14100005149841	0.02	-0.02	2.33369398828881e-07	9.39353034129046e-09	-9.39353034129046e-09
2.18100001335144	0.02	-0.02	1.30932261109999e-07	5.71258304639675e-09	-5.71258304639675e-09
2.22100003480911	0.02	-0.02	2.50875034263571e-07	9.60727974984264e-09	-9.60727974984264e-09
2.26099999666214	0.02	-0.02	4.5393292805899e-07	1.8392397576805e-08	-1.8392397576805e-08
2.30100001811981	0.02	-0.02	2.36043465093935e-07	9.74136665083615e-09	-9.74136665083615e-09
2.34100003957748	0.02	-0.02	2.70648538964956e-07	1.12261145244989e-08	-1.12261145244989e-08
2.38100000143051	0.02	-0.02	1.7689539857049e-07	7.79222106535453e-09	-7.79222106535453e-09
2.42100002288818	0.02	-0.02	1.46640857134554e-07	6.94191996165571e-09	-6.94191996165571e-09
2.46100004434586	0.02	-0.02	3.06719330176882e-07	1.44074705540526e-08	-1.44074705540526e-08
2.50100000619888	0.02	-0.02	3.18703072257664e-07	1.36979389261522e-08	-1.36979389261522e-08
2.54100002765656	0.02	-0.02	3.25505879292301e-07	1.39677339303461e-08	-1.39677339303461e-08
2.58100004911423	0.02	-0.02	2.30630017508372e-07	1.09850727319287e-08	-1.09850727319287e-08
2.62100001096725	0.02	-0.02	3.34637184302552e-07	1.40902664737866e-08	-1.40902664737866e-08
2.66100003242493	0.02	-0.02	2.47501192580639e-07	1.1242390300328e-08	-1.1242390300328e-08
2.70099999427795	0.02	-0.02	1.6802941544956e-07	7.77030790344661e-09	-7.77030790344661e-09
2.74100001573563	0.02	-0.02	1.87327536382039e-07	9.0967052584335e-09	-9.0967052584335e-09
2.7810000371933	0.02	-0.02	1.94070301484289e-07	8.64618660717282e-09	-8.64618660717282e-09
2.82099999904633	0.02	-0.02	1.49052342894513e-07	6.65332084296894e-09	-6.65332084296894e-09
2.861000020504	0.02	-0.02	1.65255020190648e-07	8.10126684382053e-09	-8.10126684382053e-09
2.90100004196167	0.02	-0.02	2.7260501513872e-07	1.31535264096814e-08	-1.31535264096814e-08
2.9410000038147	0.02	-0.02	1.51214874743012e-07	7.58997991343473e-09	-7.58997991343473e-09
2.98100002527237	0.02	-0.02	1.07302870804194e-07	6.52398100026781e-09	-6.52398100026781e-09
3.02100004673004	0.02	-0.02	1.56969944439792e-07	1.00889509641138e-08	-1.00889509641138e-08
3.06100000858307	0.02	-0.02	2.1223879500306e-07	1.23290213950842e-08	-1.23290213950842e-08
3.10100003004074	0.02	-0.02	8.17993669750676e-08	4.38721524264304e-09	-4.38721524264304e-09
3.14100005149841	0.02	-0.02	1.29914016004028e-07	5.26121302530622e-09	-5.26121302530622e-09
3.18100001335144	0.02	-0.02	1.64076059213818e-07	7.07914163109708e-09	-7.07914163109708e-09
3.22100003480911	0.02	-0.02	2.25351332431931e-07	1.02382216719736e-08	-1.02382216719736e-08
3.26099999666214	0.02	-0.02	1.35144985282903e-07	6.1829331168673e-09	-6.1829331168673e-09
3.30100001811981	0.02	-0.02	1.6040348844716e-07	6.96550419766608e-09	-6.96550419766608e-09
3.34100003957748	0.02	-0.02	3.38146711639037e-07	1.72351221124726e-08	-1.72351221124726e-08
3.38100000143051	0.02	-0.02	1.83371683443329e-07	1.03489281042657e-08	-1.03489281042657e-08
3.42100002288818	0.02	-0.02	1.2063408956315e-07	6.48839198012492e-09	-6.48839198012492e-09
3.46100004434586	0.02	-0.02	3.12173504940313e-07	1.60327785236019e-08	-1.60327785236019e-08
3.50100000619888	0.02	-0.02	5.07996974009412e-08	3.26550592657384e-09	-3.26550592657384e-09
3.54100002765656	0.02	-0.02	2.72336697159666e-07	2.04863784829993e-08	-2.04863784829993e-08
3.58100004911423	0.02	-0.02	3.53174630910722e-06	3.16612872089392e-07	-3.16612872089392e-07
3.62100001096725	0.02	-0.02	6.11092090637382e-07	6.24460621309121e-08	-6.24460621309121e-08
3.66100003242493	0.02	-0.02	3.03595615397466e-07	2.85863477389981e-08	-2.85863477389981e-08
3.70099999427795	0.02	-0.02	4.76366627367477e-07	4.908612514359e-08	-4.908612514359e-08
3.74100001573563	0.02	-0.02	1.81795403331448e-07	2.01803103485129e-08	-2.01803103485129e-08
3.7810000371933	0.02	-0.02	4.60645425314579e-07	4.35266922778185e-08	-4.35266922778185e-08
3.82099999904633	0.02	-0.02	1.87296836757695e-07	1.88790314585834e-08	-1.88790314585834e-08
3.861000020504	0.02	-0.02	6.65530261943699e-07	7.25821083596617e-08	-7.25821083596617e-08
3.90100004196167	0.02	-0.02	3.22372704466744e-07	4.80460848599464e-08	-4.80460848599464e-08
3.9410000038147	0.02	-0.02	8.64670124353542e-08	9.102573691743e-09	-9.102573691743e-09
3.98100002527237	0.02	-0.02	1.84759931310398e-07	1.75685440823114e-08	-1.75685440823114e-08
4.02100004673004	0.02	-0.02	1.46924083929692e-07	1.25568786760851e-08	-1.25568786760851e-08
4.06100000858307	0.02	-0.02	1.63625022099948e-07	1.44635421277155e-08	-1.44635421277155e-08
4.10100003004074	0.02	-0.02	4.01335947245573e-07	3.22978910143684e-08	-3.22978910143684e-08
4.14100005149841	0.02	-0.02	6.81088723041216e-08	6.73123929050601e-09	-6.73123929050601e-09
4.18100001335144	0.02	-0.02	7.50555000394772e-08	7.92343866770758e-09	-7.92343866770758e-09
4.22100003480911	0.02	-0.02	2.41352353527201e-07	3.1322727868312e-08	-3.1322727868312e-08
4.26099999666214	0.02	-0.02	5.62399530335259e-07	7.56304011395855e-08	-7.56304011395855e-08
4.30100001811981	0.02	-0.02	2.61973676436865e-07	3.13075678403074e-08	-3.13075678403074e-08
4.34100003957748	0.02	-0.02	1.40580570937428e-07	1.92064631544635e-08	-1.92064631544635e-08
4.38100000143051	0.02	-0.02	1.39955737740854e-07	2.64143657736762e-08	-2.64143657736762e-08
4.42100002288818	0.02	-0.02	7.01698297025539e-07	1.20550138783891e-07	-1.20550138783891e-07
4.46100004434586	0.02	-0.02	1.52800738422069e-06	2.69032925128326e-07	-2.69032925128326e-07
4.50100000619888	0.02	-0.02	8.12137602116374e-07	1.45955744856526e-07	-1.45955744856526e-07
4.54100002765655	0.02	-0.02	6.04250563417624e-07	8.2439396597762e-08	-8.2439396597762e-08
4.58100004911423	0.02	-0.02	3.56635191753966e-07	6.32951093366445e-08	-6.32951093366445e-08
4.62100001096725	0.02	-0.02	3.1671614095367e-07	4.57468551217906e-08	-4.57468551217906e-08
4.66100003242493	0.02	-0.02	1.40505953426754e-07	2.38721581377762e-08	-2.38721581377762e-08
4.70099999427795	0.02	-0.02	4.60190693541817e-08	1.23180356183601e-08	-1.23180356183601e-08
4.74100001573563	0.02	-0.02	4.32500911561844e-08	9.41251753845331e-09	-9.41251753845331e-09
4.7810000371933	0.02	-0.02	6.06915206776031e-08	1.5193416024002e-08	-1.5193416024002e-08
4.82099999904633	0.02	-0.02	1.32958347065384e-07	2.46892214412182e-08	-2.46892214412182e-08
4.861000020504	0.02	-0.02	2.20145710894395e-07	3.84804164629268e-08	-3.84804164629268e-08
4.90100004196167	0.02	-0.02	3.67959417585481e-07	6.11774800033183e-08	-6.11774800033183e-08
4.96100001454353	0.04	-0.04	2.36279412639708e-07	5.37461807489841e-08	-5.37461807489841e-08
5.04100002765655	0.04	-0.04	3.25333162751254e-07	6.9750451998381e-08	-6.9750451998381e-08
5.12100004076958	0.04	-0.04	3.65063713335931e-07	9.10698387517451e-08	-9.10698387517451e-08
5.20100002408028	0.04	-0.04	2.06736407906179e-07	5.6909764500954e-08	-5.6909764500954e-08
5.26099999666214	0.02	-0.02	2.33002173121106e-07	5.15514560726293e-08	-5.15514560726293e-08
5.361000020504	0.08	-0.08	6.17422323239543e-08	1.47431069574123e-08	-1.47431069574123e-08
5.48100002527237	0.04	-0.04	1.31811479642018e-07	3.01191676147845e-08	-3.01191676147845e-08
5.56100003838539	0.04	-0.04	2.60825733005681e-07	5.49952687998462e-08	-5.49952687998462e-08
5.62100001096725	0.02	-0.02	5.80067742667148e-07	1.29001404821801e-07	-1.29001404821801e-07
5.66100003242493	0.02	-0.02	3.82122103288934e-07	1.79143400007913e-07	-1.79143400007913e-07
5.70099999427795	0.02	-0.02	8.95368972774145e-07	1.91449966926758e-07	-1.91449966926758e-07
5.74100001573563	0.02	-0.02	7.67204756266123e-07	1.7099549072213e-07	-1.7099549072213e-07
5.82099999904633	0.02	-0.02	6.23906150632676e-07	1.4075151644462e-07	-1.4075151644462e-07
5.88100003123283	0.04	-0.04	3.97002901955641e-07	8.78643770973265e-08	-8.78643770973265e-08
5.96100001454353	0.04	-0.04	3.02121451097079e-07	7.27937242037295e-08	-7.27937242037295e-08
6.08100003421307	0.08	-0.08	1.34528697966786e-07	3.86295596676772e-08	-3.86295596676772e-08
6.20100002408028	0.04	-0.04	2.65670460238372e-07	5.54362356833849e-08	-5.54362356833849e-08
6.28100000739098	0.04	-0.04	2.39130009952537e-07	5.58374925696604e-08	-5.58374925696604e-08
6.361000020504	0.04	-0.04	2.33181465462152e-07	5.74166809353564e-08	-5.74166809353564e-08
6.50100003004074	0.1	-0.1	1.91966023010074e-07	3.56548295611224e-08	-3.56548295611224e-08
6.84100000977516	0.04	-0.04	2.46330148645635e-07	5.73643698359951e-08	-5.73643698359951e-08
7.12100002586841	0.24	-0.24	1.08738132584117e-07	2.56906336430196e-08	-2.56906336430196e-08
8.14100002398857	0.26	-0.26	1.41131615300413e-07	2.97266973867526e-08	-2.97266973867526e-08
9.00100002408028	0.6	-0.6	9.92346431963734e-08	2.23628205462919e-08	-2.23628205462919e-08
10.8810000228509	1.28	-1.28	5.69803561253263e-08	1.29898005478509e-08	-1.29898005478509e-08
14.7610000227965	2.6	-2.6	1.95984261605218e-08	6.31149865953297e-09	-6.31149865953297e-09
19.9610000227965	2.6	-2.6	1.65185433243236e-08	3.85765372058607e-09	-3.85765372058607e-09
27.8010000181198	0.04	-0.04	6.59924910443259e-08	1.45631927180577e-08	-1.45631927180577e-08
33.3210000229754	5.47999999999997	-5.47999999999997	3.52774047742277e-09	8.63332422945253e-10	-8.63332422945253e-10
52.5010000229057	13.6999999999998	-13.6999999999998	1.07371562546691e-08	1.86433472818095e-09	-1.86433472818095e-09
79.9010000229047	13.6999999999998	-13.6999999999998	2.06176778619166e-08	5.99758626074211e-09	-5.99758626074211e-09

## XRT - xrtwtflux
63.426	0.251	-0.302	9.96126865276117e-09	1.50009536030247e-09	-1.54599282302136e-09
64.048	0.425	-0.371	6.81836888538837e-09	1.02409501168078e-09	-1.03294788179267e-09
64.869	0.397	-0.397	6.77072564541671e-09	1.00430882944354e-09	-1.00016506831929e-09
65.629	0.361	-0.363	7.16492457182165e-09	1.06117036651138e-09	-1.02596062422554e-09
66.323	0.299	-0.332	7.79003069787821e-09	1.3087484011544e-09	-1.06815732092646e-09
66.998	0.377	-0.376	6.29513239998975e-09	9.97921771047968e-10	-8.75200781618967e-10
67.688	0.344	-0.314	7.70276963801422e-09	1.25946532063825e-09	-1.07016188463692e-09
68.372	0.415	-0.34	7.32348354712946e-09	1.23583467682886e-09	-9.96107396475362e-10
69.038	0.264	-0.251	1.02277221601693e-08	1.70834168580622e-09	-1.44378295723695e-09
69.692	0.466	-0.389	5.78660187352537e-09	8.88476289873555e-10	-8.54159105906951e-10
70.473	0.300	-0.314	8.68571854995215e-09	1.27431648370361e-09	-1.25665366455638e-09
71.084	0.337	-0.312	8.50661089250218e-09	1.27128248807819e-09	-1.24524796722425e-09
71.764	0.320	-0.342	8.37967116996823e-09	1.24467514924362e-09	-1.18546473526949e-09
72.390	0.288	-0.307	8.63899476834665e-09	1.47031648488136e-09	-1.20547616650095e-09
73.116	0.464	-0.438	5.46392924794783e-09	8.05400546888148e-10	-7.86271792803061e-10
74.070	0.419	-0.49	5.32576281949223e-09	7.82149105874437e-10	-7.63454387305311e-10
74.846	0.383	-0.357	6.40445334218461e-09	9.51974633657291e-10	-9.19999548777022e-10
75.604	0.493	-0.375	5.80975712288116e-09	8.95681466762367e-10	-8.18310282117904e-10
76.497	0.443	-0.4	6.23728943756362e-09	9.52440765730462e-10	-8.66647545557414e-10
77.247	0.457	-0.307	4.66771046922705e-09	7.55840315901808e-10	-7.26282148718308e-10
78.124	0.523	-0.42	4.64273334098674e-09	7.45460490428528e-10	-6.69219430894364e-10
79.131	0.482	-0.484	5.47485429445277e-09	8.2401398406649e-10	-7.53134975513383e-10
80.109	0.452	-0.496	6.33235865431229e-09	9.14313167175558e-10	-8.49712920789661e-10
80.933	0.398	-0.372	5.19760562908248e-09	8.64745241334413e-10	-8.27272105179887e-10
81.755	0.442	-0.424	6.5691429619463e-09	9.17684244421427e-10	-8.61159548242811e-10
82.585	0.312	-0.387	7.7724057135668e-09	1.09654327389642e-09	-1.03060333690849e-09
83.440	0.480	-0.543	5.21784799602006e-09	7.46000502416075e-10	-7.0217317794128e-10
84.368	0.435	-0.448	6.1421901300653e-09	9.23482954122838e-10	-8.22700018253189e-10
85.193	0.351	-0.391	4.97125002538134e-09	9.00009195424355e-10	-8.06007940554817e-10
85.905	0.392	-0.36	5.05217542950783e-09	8.79671096338814e-10	-8.15708432487466e-10
86.707	0.489	-0.41	6.0946181140355e-09	8.83939388569275e-10	-8.18344731710694e-10
87.589	0.428	-0.394	4.80613679844403e-09	7.80493101389951e-10	-7.2912599216421e-10
88.418	0.343	-0.4	4.61657768260515e-09	8.31653984319178e-10	-7.3639316452745e-10
89.205	0.482	-0.443	5.36781151598782e-09	7.79418708928644e-10	-7.2145029438671e-10
90.195	0.368	-0.509	4.07424665473708e-09	6.67001601883198e-10	-6.3444087568142e-10
91.046	0.371	-0.483	6.12792470216466e-09	8.87478884833004e-10	-8.3386761683932e-10
91.882	0.514	-0.464	5.3580104994457e-09	8.76649356797853e-10	-7.403318592728e-10
92.801	0.437	-0.405	6.16484469799833e-09	1.06200677412205e-09	-8.61269416796307e-10
93.761	0.501	-0.524	5.09284399515307e-09	7.50608856605078e-10	-6.78558734847761e-10
94.675	0.474	-0.413	3.62392300195135e-09	6.32538452560956e-10	-6.0193220677753e-10
95.589	0.502	-0.439	4.35941331356357e-09	6.80045943533291e-10	-6.29217366113457e-10
96.470	0.358	-0.379	4.59430467946166e-09	7.43807979091254e-10	-7.14793014684168e-10
97.155	0.413	-0.327	4.71285892890472e-09	7.71457971419262e-10	-7.44377835541601e-10
98.023	0.431	-0.455	3.84253770437195e-09	6.82115782914365e-10	-6.29890383913168e-10
98.948	0.298	-0.494	4.45726119030687e-09	8.11223723986933e-10	-7.06034472537951e-10
99.693	0.561	-0.448	4.48057590827378e-09	7.39949886423571e-10	-6.38534744993316e-10
100.650	0.440	-0.396	3.81081583240726e-09	6.26561993283682e-10	-5.97696602899189e-10
101.477	0.549	-0.386	3.28841272949535e-09	5.49824657865648e-10	-5.25033964196108e-10
102.509	0.385	-0.483	3.87286367856509e-09	6.33935175968757e-10	-6.05910045861073e-10
103.383	0.579	-0.488	3.3045432671712e-09	5.46386301751939e-10	-5.24343964111648e-10
104.335	0.391	-0.373	4.64768103064761e-09	7.64560850782012e-10	-7.28868717587157e-10
105.187	0.362	-0.461	4.17714747463166e-09	7.48956205487919e-10	-6.91101662593245e-10
105.952	0.312	-0.403	4.65396585424533e-09	7.52839962041282e-10	-7.23715901246266e-10
106.686	0.425	-0.422	5.73113792892132e-09	8.93888697516695e-10	-7.63367529342677e-10
107.469	0.347	-0.358	4.98073649156136e-09	8.4923906929976e-10	-8.25583852729331e-10
108.211	0.437	-0.396	4.82089648113441e-09	8.18995389374518e-10	-7.91172995438606e-10
109.084	0.498	-0.436	3.79244132753502e-09	7.31804288658223e-10	-6.18874542772168e-10
109.902	0.447	-0.32	4.62694520390489e-09	8.1572766463877e-10	-8.03355806453767e-10
110.755	0.482	-0.406	4.9556875473872e-09	7.88814207387324e-10	-7.84907509376309e-10
111.552	0.437	-0.315	5.17835384201507e-09	8.9426915380477e-10	-8.4773418078306e-10
112.407	0.392	-0.418	4.44406536805766e-09	7.65555299030612e-10	-7.3099027861545e-10
113.351	0.384	-0.552	3.42191960693446e-09	6.30387873295609e-10	-5.63035947787699e-10
114.235	0.371	-0.501	3.3583450787125e-09	6.57159107222678e-10	-5.70186005474622e-10
115.069	0.407	-0.463	3.47700736946671e-09	6.38805207298436e-10	-5.65640481172464e-10
115.988	0.538	-0.512	2.75540979297542e-09	4.92626269817196e-10	-4.68466168491412e-10
116.931	0.375	-0.405	3.9965651399295e-09	6.95828149069211e-10	-6.56483643926928e-10
117.628	0.380	-0.323	4.65017765598108e-09	8.56113326570962e-10	-7.56543154382255e-10
118.421	0.370	-0.413	4.25304590381156e-09	8.05274686523777e-10	-7.05373418606435e-10
119.269	0.452	-0.479	3.71447848291142e-09	6.33296369702595e-10	-6.28934588200124e-10
120.285	0.461	-0.564	3.31908715250775e-09	6.22851238737617e-10	-5.38654126473307e-10
121.205	0.482	-0.459	3.46841542259651e-09	6.11029571714429e-10	-5.68544338125758e-10
122.190	0.458	-0.503	3.30251043971471e-09	5.9904753548554e-10	-5.59905670556879e-10
123.021	0.369	-0.373	4.57773150945407e-09	7.91060619105237e-10	-7.55124732885563e-10
123.833	0.395	-0.443	4.00732552119621e-09	6.98272713360183e-10	-6.77394982868568e-10
124.799	0.515	-0.571	2.91978425915474e-09	5.36465578492782e-10	-4.84811976915147e-10
125.807	0.533	-0.494	2.97577024194699e-09	5.51852514066717e-10	-4.83714994658542e-10
126.834	0.509	-0.494	4.41225898946212e-09	6.58538560665806e-10	-6.37804281362198e-10
127.941	0.513	-0.598	2.63431714420801e-09	4.59656816177096e-10	-4.42055182459447e-10
128.843	0.407	-0.39	3.73092557680207e-09	7.07304457431012e-10	-6.04516214295769e-10
129.785	0.391	-0.535	3.13012933131023e-09	5.90087561023326e-10	-5.26046893308249e-10
130.551	0.388	-0.375	3.98877101083009e-09	6.90066704353698e-10	-6.73684180534077e-10
131.334	0.379	-0.395	4.09807593614625e-09	7.04028445581341e-10	-7.08538898681394e-10
132.067	0.356	-0.354	4.5832780637736e-09	7.76991604512003e-10	-7.77317999539188e-10
132.989	0.520	-0.567	2.86670888726957e-09	5.00910468701267e-10	-4.98727963565112e-10
134.054	0.516	-0.545	3.0639759192882e-09	5.16907550849841e-10	-5.26693011024319e-10
135.152	0.429	-0.582	3.38723828375217e-09	5.73426080525016e-10	-5.77725152084804e-10
136.229	0.663	-0.649	2.65570194114084e-09	4.6657130856055e-10	-4.43445995412158e-10
137.372	0.418	-0.481	3.8021752733592e-09	6.76199146554299e-10	-6.32577511205812e-10
138.369	0.485	-0.579	2.96425137933533e-09	5.58541729044741e-10	-4.9799322905078e-10
139.360	0.476	-0.506	3.08237835689348e-09	5.91226055638894e-10	-5.07707176663133e-10
140.379	0.445	-0.543	2.81292942528079e-09	5.09378836908354e-10	-4.8704313451542e-10
141.413	0.421	-0.589	3.06007164279943e-09	5.33820918266041e-10	-5.3634660772625e-10
142.327	0.354	-0.493	4.02294844371548e-09	6.91945875678936e-10	-6.92470176200249e-10
143.089	0.471	-0.408	3.94104872782142e-09	6.73949531790357e-10	-6.89127177485293e-10
144.100	0.446	-0.54	3.49636030841056e-09	6.006372574933e-10	-6.03666793463468e-10
144.909	0.380	-0.364	4.53875911446428e-09	7.66677179941878e-10	-7.7883012692633e-10
145.846	0.498	-0.557	2.94628778286e-09	4.98447238373301e-10	-5.02905135534158e-10
146.917	0.561	-0.572	2.48052571116888e-09	4.3250393087586e-10	-4.36014811482419e-10
148.230	0.794	-0.752	1.96999966103786e-09	3.49293742587823e-10	-3.48654426211668e-10
149.660	0.719	-0.637	2.53755874656694e-09	4.39948546511452e-10	-4.51389966849742e-10
151.029	0.434	-0.649	2.9695915736465e-09	5.08154669251892e-10	-5.2527734082617e-10
152.043	0.519	-0.58	2.68423568874132e-09	4.61983444408822e-10	-4.59402770187773e-10
153.275	0.677	-0.713	2.0934271746167e-09	3.60847122163899e-10	-3.55313551361919e-10
154.572	0.529	-0.62	2.76156941933667e-09	4.62581690904118e-10	-4.68554050991658e-10
155.772	0.596	-0.671	2.46834995260027e-09	4.23360854043452e-10	-4.28924020417663e-10
157.067	0.404	-0.699	2.74241055871431e-09	4.66955091916177e-10	-4.58099192161428e-10
157.940	0.520	-0.469	2.79347335090436e-09	5.03245566989468e-10	-5.02393713802152e-10
159.051	0.498	-0.591	2.9397177694717e-09	4.96294374130954e-10	-5.05283298040804e-10
160.202	0.506	-0.653	2.99811315525675e-09	5.16350760440496e-10	-5.1345880499885e-10
161.325	0.563	-0.618	3.06410956907383e-09	5.24195877143442e-10	-5.06909655056031e-10
162.516	0.362	-0.627	3.60929180820321e-09	6.2166787672179e-10	-6.16146448294771e-10
163.279	0.300	-0.401	5.27519855751488e-09	8.87070972481258e-10	-8.85462499526125e-10
164.185	0.548	-0.606	3.07720207071251e-09	5.29118801670945e-10	-5.30770569051126e-10
165.188	0.504	-0.455	3.6789297514205e-09	6.21500760592701e-10	-6.30823593729107e-10
166.094	0.411	-0.402	4.04894627159687e-09	6.76694248592325e-10	-7.04511328786307e-10
166.905	0.436	-0.4	3.70155533261574e-09	6.19032036097239e-10	-6.43677988959268e-10
168.018	0.519	-0.677	2.57369848325279e-09	4.53637294940335e-10	-4.64045830482474e-10
169.044	0.507	-0.507	3.19670695657597e-09	5.55146071263308e-10	-5.67474884511849e-10
169.974	0.412	-0.423	4.02074030648929e-09	6.915877560882e-10	-6.91853377978909e-10
170.883	0.557	-0.498	3.32780227401703e-09	5.69037286705175e-10	-5.80892184633588e-10
172.089	0.633	-0.648	2.66291467635794e-09	4.46047663737459e-10	-4.6283653963143e-10
173.356	0.488	-0.635	2.72125270633985e-09	4.62324273807173e-10	-4.79940627653313e-10
174.335	0.593	-0.491	2.57455575773701e-09	4.57456324100251e-10	-4.744960597825e-10
175.619	0.681	-0.691	2.13801929711e-09	3.57614981561187e-10	-3.71783188737903e-10
176.710	0.579	-0.41	2.93790514097118e-09	4.93636760145996e-10	-5.08549058373005e-10
177.882	0.576	-0.593	2.36447683623552e-09	4.11055345549931e-10	-4.18712934908514e-10
179.014	0.555	-0.557	2.47107177216351e-09	4.20743827511738e-10	-4.34968045366891e-10
180.232	0.638	-0.663	2.14237353681929e-09	3.74239478911284e-10	-3.72557214489366e-10
181.390	0.624	-0.52	2.5887702564027e-09	4.45964554866765e-10	-4.41544048006963e-10
182.737	0.680	-0.723	2.1044102178476e-09	3.83375687172179e-10	-3.63249617221539e-10
183.908	0.531	-0.491	3.06246273835491e-09	5.28278543591489e-10	-5.0579945722992e-10
185.060	0.613	-0.621	2.52432815819335e-09	4.3467787467875e-10	-4.36083863174063e-10
186.376	0.663	-0.703	2.32305156567283e-09	3.9336251762325e-10	-3.95850206257492e-10
187.699	0.493	-0.659	2.72331696495037e-09	4.67719166780571e-10	-4.71797117008436e-10
188.670	0.589	-0.477	2.99197824604489e-09	5.06904193506845e-10	-5.07214061220445e-10
189.807	0.526	-0.548	2.9292902964815e-09	5.05318912949001e-10	-4.95423679886929e-10
190.881	0.458	-0.548	3.13076855931771e-09	5.39594945643062e-10	-5.3220652915444e-10
191.979	0.482	-0.64	2.77617469785945e-09	4.74172298496177e-10	-4.84760211683615e-10
193.272	0.592	-0.812	2.1185360308772e-09	3.60672625778152e-10	-3.7300023758632e-10
194.473	0.640	-0.609	2.27624175643589e-09	3.9073748652187e-10	-3.93783760726395e-10
195.743	0.821	-0.629	1.87731675628847e-09	3.32199893495201e-10	-3.3545783731065e-10
197.303	0.597	-0.739	2.0547153581504e-09	3.57690108575334e-10	-3.62759685015086e-10
198.586	0.641	-0.686	2.12534455292756e-09	3.5586615031329e-10	-3.68945926263512e-10
200.126	0.775	-0.899	1.66855847425538e-09	2.85875086586963e-10	-2.88477193517436e-10
201.577	0.811	-0.676	1.95414013354139e-09	3.37177803590206e-10	-3.30004183828203e-10
203.188	0.775	-0.8	2.00969010087882e-09	3.41296749990205e-10	-3.36588004659987e-10
204.523	0.569	-0.56	2.87223941204914e-09	4.87536557559273e-10	-4.83221092201633e-10
206.019	0.910	-0.927	1.82366870825541e-09	3.11542983922204e-10	-3.06019101093853e-10
207.667	0.703	-0.738	2.4098428572058e-09	4.14237744205342e-10	-4.02351749929166e-10
208.921	0.729	-0.551	2.66385446490949e-09	4.57127385240779e-10	-4.62478555891192e-10
210.330	0.794	-0.681	2.23428857240545e-09	3.81626382008248e-10	-3.91506901694837e-10
211.672	0.519	-0.549	3.03674022352499e-09	5.21347137336276e-10	-5.25985162088299e-10
213.182	0.798	-0.99	1.73562373340202e-09	3.01297836516933e-10	-2.949692198522e-10
214.593	0.582	-0.614	2.60934310359265e-09	4.4174176523515e-10	-4.4459513961392e-10
215.823	0.471	-0.648	2.58529236230507e-09	4.6996247218221e-10	-4.80823138583845e-10
217.080	0.635	-0.786	2.21030518700635e-09	3.74386564416376e-10	-3.75244071959857e-10
218.457	0.714	-0.741	2.2482179139753e-09	3.92753620106148e-10	-3.91999064324885e-10
220.013	0.846	-0.842	2.12579929393877e-09	3.64989207880306e-10	-3.67144502813508e-10
221.617	0.609	-0.757	2.49743691998272e-09	4.18618562873754e-10	-4.32807872544986e-10
223.341	1.075	-1.115	1.44050864870186e-09	2.46731609191925e-10	-2.57241381764604e-10
225.255	0.898	-0.839	1.83062690445004e-09	3.07221115758015e-10	-3.21943707986411e-10
227.355	0.945	-1.203	1.49709487477292e-09	2.53758289472997e-10	-2.5333791298983e-10
229.347	1.048	-1.048	1.53801834964675e-09	2.68798497705395e-10	-2.67599035989882e-10
231.153	0.706	-0.758	2.34283116413516e-09	4.1454853945195e-10	-3.98832657555279e-10
232.677	1.122	-0.818	1.84289824095763e-09	3.17668566742313e-10	-3.1272435061276e-10
234.534	0.528	-0.735	2.36751734886235e-09	4.33265872279551e-10	-4.3209885173476e-10
235.773	0.947	-0.711	1.89908762135942e-09	3.19550345898308e-10	-3.2700962171702e-10
237.340	0.680	-0.62	2.35419603248145e-09	4.03469867819537e-10	-4.08904085763593e-10
239.102	1.031	-1.081	1.46128811450384e-09	2.47912669018625e-10	-2.47703099868842e-10
241.002	0.945	-0.87	1.68840006177783e-09	2.98487885342159e-10	-3.00081478766164e-10
242.736	0.591	-0.789	2.35945188731862e-09	3.99862219915324e-10	-4.16396623322333e-10
244.268	1.054	-0.94	1.6884432392406e-09	2.88931316205716e-10	-2.94790807248005e-10
246.416	0.854	-1.094	1.73922463464118e-09	3.07800626238868e-10	-3.10073473281601e-10
248.353	0.946	-1.082	1.56628175245768e-09	2.72138618090789e-10	-2.77736777940728e-10
250.002	0.808	-0.704	1.93573324395699e-09	3.43553592474872e-10	-3.41437593785311e-10
251.662	0.677	-0.852	2.00487077840396e-09	3.36692102708615e-10	-3.44980196850553e-10
253.325	0.788	-0.986	1.71019798940762e-09	2.95645092920581e-10	-3.0424934296151e-10
255.076	0.870	-0.963	1.70801337660289e-09	2.93075311349896e-10	-2.9557253294095e-10
256.963	1.091	-1.017	1.52399578174789e-09	2.56876184581743e-10	-2.6249717629454e-10
258.878	0.706	-0.824	2.06011556314735e-09	3.52794035527377e-10	-3.58861608586317e-10
260.737	0.959	-1.153	1.49159065082843e-09	2.52708375863116e-10	-2.53479337687467e-10
262.590	1.078	-0.895	1.59423240609112e-09	2.73035052487533e-10	-2.78175110676196e-10
264.941	1.425	-1.272	1.27386667274912e-09	2.15488150336962e-10	-2.17219272834358e-10
267.442	1.331	-1.076	1.51978670137049e-09	2.5569944395224e-10	-2.60589067184918e-10
269.678	0.732	-0.905	2.11512788821305e-09	3.59154795628737e-10	-3.54705373614783e-10
271.835	1.180	-1.425	1.26381189632475e-09	2.1864042442986e-10	-2.10188423296619e-10
274.021	1.046	-1.007	1.60679460858322e-09	2.75635315112289e-10	-2.78684648278907e-10
276.292	1.369	-1.225	1.30164947947846e-09	2.28330855325242e-10	-2.15737756020073e-10
278.818	1.131	-1.157	1.33380200795764e-09	2.34836649913868e-10	-2.40365991595631e-10
281.028	1.357	-1.078	1.22020897980692e-09	2.13307252462578e-10	-2.11521997503266e-10
283.315	0.988	-0.93	1.62270558600185e-09	2.75350706066311e-10	-2.73320753755418e-10
285.490	0.866	-1.187	1.53738130027185e-09	2.65046038476251e-10	-2.61683762833312e-10
287.127	1.188	-0.771	1.50352848471992e-09	2.87507417566541e-10	-2.92317583559863e-10
289.348	1.167	-1.033	1.60375218734474e-09	2.72205513913457e-10	-2.69764141730523e-10
291.678	0.901	-1.162	1.68156103379185e-09	2.89759791303851e-10	-2.86131396535997e-10
293.723	0.963	-1.144	1.52831244618247e-09	2.66887012257987e-10	-2.56882346772483e-10
295.844	0.943	-1.158	1.43499221181151e-09	2.47290863974042e-10	-2.43978176332406e-10
297.730	1.041	-0.943	1.40994737824504e-09	2.49141436560936e-10	-2.52431008219404e-10
299.904	0.804	-1.134	1.4083735392633e-09	2.41735381004058e-10	-2.43166878771471e-10
302.081	1.031	-1.373	1.14250125782254e-09	1.9581975921302e-10	-1.9811158948121e-10
304.144	0.953	-1.032	1.3553977101406e-09	2.37843650328564e-10	-2.44807811814177e-10
306.583	1.240	-1.485	1.01297131047251e-09	1.73026696994379e-10	-1.76733877411809e-10
309.239	1.087	-1.416	1.10038831142013e-09	1.99153084403283e-10	-1.86250851658733e-10
311.343	0.978	-1.017	1.39080597489638e-09	2.41081309842742e-10	-2.33296853305572e-10
313.766	1.640	-1.445	8.90419274555315e-10	1.55445132620331e-10	-1.55147438769301e-10
316.455	1.123	-1.049	1.2899553027339e-09	2.19595458267078e-10	-2.26946120415323e-10
319.664	1.301	-2.086	8.54061587242312e-10	1.48582973380992e-10	-1.49787274340012e-10
322.165	1.216	-1.2	1.2102343087867e-09	2.14716822543272e-10	-2.06217487624131e-10
324.776	1.295	-1.395	1.06412072794278e-09	1.89947047564265e-10	-1.85332857432097e-10
327.554	1.272	-1.482	1.09012710701207e-09	1.84652029594311e-10	-1.84627401221443e-10
330.239	0.995	-1.414	1.13872744379885e-09	2.01866113155122e-10	-2.01766331537631e-10
332.482	1.179	-1.248	1.15675696909269e-09	1.96080522731374e-10	-1.95853707806463e-10
335.907	1.959	-2.245	6.12795904833583e-10	1.13312894856627e-10	-1.15221739607365e-10
339.209	1.056	-1.344	1.17798084901766e-09	2.00098897823779e-10	-1.97077210706918e-10
341.477	1.190	-1.212	1.21849746464672e-09	2.13140569217226e-10	-2.11375989245151e-10
344.119	1.594	-1.452	1.04240360511655e-09	1.79497605598137e-10	-1.77558763295031e-10
346.829	1.200	-1.116	1.41830003497768e-09	2.42355719168707e-10	-2.48163043029255e-10
348.945	1.031	-0.916	1.6628610210498e-09	2.90408019617479e-10	-2.90068048893724e-10
351.384	1.283	-1.409	1.24180271287118e-09	2.10316927896304e-10	-2.11373372351971e-10
354.104	1.136	-1.436	1.33311244202764e-09	2.23925997247102e-10	-2.27447498536774e-10
356.305	1.017	-1.065	1.68040646431325e-09	2.85170443302471e-10	-2.939278952036e-10
358.457	1.325	-1.136	1.44297248993142e-09	2.55436160560361e-10	-2.57530323140487e-10
361.211	1.432	-1.429	1.35319383676753e-09	2.31348165190174e-10	-2.35651744592387e-10
364.255	1.407	-1.612	1.08464943213826e-09	1.92246774250856e-10	-1.91762749850015e-10
366.811	0.952	-1.149	1.4239386967041e-09	2.43936958093371e-10	-2.48199915514902e-10
369.003	0.899	-1.239	1.34587152474363e-09	2.29735091033556e-10	-2.362419898754e-10
371.080	1.019	-1.179	1.3415837142643e-09	2.25058374148393e-10	-2.32866419765963e-10
373.493	1.389	-1.394	1.09755093249462e-09	1.85391179518707e-10	-1.88166801259842e-10
376.572	1.548	-1.69	9.15724989026622e-10	1.57774033395774e-10	-1.55979683300408e-10
379.271	1.057	-1.151	1.33687670060225e-09	2.26697198147624e-10	-2.26357046082593e-10
381.768	1.472	-1.441	1.01163415434002e-09	1.79179002548226e-10	-1.80219958570124e-10
384.841	1.564	-1.601	1.03798011395386e-09	1.76076930494323e-10	-1.7538481610276e-10
388.393	1.782	-1.988	9.01010142562792e-10	1.62244017274961e-10	-1.62246785292701e-10
391.497	1.358	-1.322	1.4545930037518e-09	2.49395126505579e-10	-2.53178158811827e-10
393.983	1.335	-1.129	1.56132008971675e-09	2.62345942260114e-10	-2.70433926263586e-10
396.854	1.241	-1.536	1.16115632271856e-09	1.93999402827485e-10	-2.02127161932486e-10
399.354	1.293	-1.258	1.10031962310768e-09	1.86629615083446e-10	-1.94237947156325e-10
402.174	1.307	-1.527	9.70896048330628e-10	1.68100101232442e-10	-1.7289642250821e-10
405.682	2.256	-2.201	6.71332442265258e-10	1.15728656406777e-10	-1.14108474070048e-10
409.584	1.291	-1.647	1.05737516203358e-09	1.96546819990299e-10	-1.96437781119524e-10
412.265	1.277	-1.39	1.39905969809105e-09	2.43254058305473e-10	-2.47705632990623e-10
415.084	1.877	-1.542	1.24369904265265e-09	2.11894096001894e-10	-2.18770798630506e-10
418.318	1.764	-1.356	1.18263683369066e-09	2.01669605015074e-10	-2.07834870864727e-10
421.890	2.187	-1.808	6.56243579629598e-10	1.37375340720899e-10	-1.38606302030135e-10
426.397	2.408	-2.319	5.90306087746687e-10	1.03189432071983e-10	-1.02466320988841e-10
430.311	1.394	-1.506	9.97297350638411e-10	1.68878911891775e-10	-1.69876779638452e-10
433.690	1.849	-1.985	7.44834987132681e-10	1.2743818241716e-10	-1.30228339992667e-10
437.453	1.437	-1.914	8.76642277918089e-10	1.51732065722911e-10	-1.56375410912383e-10
440.467	1.551	-1.578	9.97417439414596e-10	1.70188883830718e-10	-1.75185806406023e-10
444.233	2.141	-2.214	6.75373244468549e-10	1.21200017309827e-10	-1.22997322823199e-10
448.229	1.525	-1.855	8.32814151632095e-10	1.44554067432301e-10	-1.47812275984649e-10
451.285	1.791	-1.531	8.23377705223303e-10	1.44125464610036e-10	-1.49519483430219e-10
454.898	2.211	-1.822	6.82009358467699e-10	1.24155704358951e-10	-1.26487725566912e-10
458.863	1.930	-1.754	8.18893771333102e-10	1.43041158379463e-10	-1.42806351556906e-10
463.164	2.075	-2.371	6.62785215459038e-10	1.14234423611212e-10	-1.12538230616714e-10
466.672	2.177	-1.433	7.91141637497124e-10	1.36506307116102e-10	-1.33533210032726e-10
470.868	1.479	-2.019	8.33115362748068e-10	1.48634955270665e-10	-1.4440569830571e-10
473.889	1.633	-1.541	1.01544060019491e-09	1.7226806747512e-10	-1.71216331688756e-10
477.112	2.058	-1.591	8.71725693464568e-10	1.49285275272657e-10	-1.52161941935817e-10
481.251	1.824	-2.081	7.94815961041526e-10	1.37903956356954e-10	-1.41309500613274e-10
484.751	2.011	-1.675	8.36597791738995e-10	1.41232409863401e-10	-1.43798852298283e-10
488.174	1.636	-1.412	9.61565895672584e-10	1.64447614249615e-10	-1.68223528739749e-10
491.308	1.863	-1.498	9.41425164905676e-10	1.6547405810145e-10	-1.70315808021503e-10
495.781	2.451	-2.611	6.97246478346619e-10	1.2029623951076e-10	-1.18395170112403e-10
500.256	2.032	-2.025	8.33610047416689e-10	1.48215367399263e-10	-1.45199939166936e-10
504.288	1.819	-1.999	8.31193205730161e-10	1.43220481586312e-10	-1.41514438258427e-10
508.526	2.441	-2.42	6.10869045644811e-10	1.10554518947624e-10	-1.08224711239817e-10
513.116	2.067	-2.15	7.83838434117619e-10	1.39225397382876e-10	-1.32975360893912e-10
517.408	2.390	-2.225	7.30190342179827e-10	1.27930133851368e-10	-1.25577036678465e-10
521.575	1.781	-1.777	9.04349961589789e-10	1.62701550568191e-10	-1.63475491775355e-10
524.995	1.531	-1.638	1.02515561545845e-09	1.82168022496538e-10	-1.79349712511813e-10
528.620	1.573	-2.095	8.98223223833706e-10	1.5482985206673e-10	-1.52505446491733e-10
532.570	2.114	-2.376	5.98850530552062e-10	1.23407902648395e-10	-1.23028224283218e-10
536.971	2.414	-2.286	7.1013569030915e-10	1.22365999868049e-10	-1.20874340210385e-10
542.422	2.891	-3.037	5.90540475111802e-10	1.01889859107686e-10	-9.9703344482273e-11
547.853	1.977	-2.541	6.9867824365511e-10	1.20446953605277e-10	-1.18423603834321e-10
552.358	2.714	-2.528	5.33987756087554e-10	9.4842325906231e-11	-9.36101316770647e-11
556.809	1.726	-1.738	8.27276025685676e-10	1.42188031106439e-10	-1.42907719305877e-10
560.608	2.473	-2.073	5.99681526996212e-10	1.09896426629162e-10	-1.08364922603303e-10
565.279	1.632	-2.198	8.01815481726027e-10	1.36097750151093e-10	-1.34911920493709e-10
569.675	2.613	-2.764	5.71654542979898e-10	1.06431326749664e-10	-9.55705034288924e-11
574.481	1.929	-2.193	7.49348954112842e-10	1.31570594263401e-10	-1.26550381343208e-10
578.847	2.294	-2.437	6.10918896434138e-10	1.0637060485309e-10	-1.07831607787669e-10
584.350	2.910	-3.209	4.74635126074899e-10	8.62085561211448e-11	-8.24678559741058e-11
589.627	2.647	-2.368	6.13323760457717e-10	1.07571911546891e-10	-1.05778783614702e-10
595.048	3.145	-2.774	4.88841266619104e-10	9.22714854377326e-11	-9.27915951658934e-11
600.567	2.699	-2.373	6.10611511156538e-10	1.04744360031215e-10	-1.06167831431978e-10
606.245	2.885	-2.979	4.65919833800676e-10	8.77930863036782e-11	-8.8715147443898e-11
611.434	1.971	-2.304	6.47828515338503e-10	1.10807153336531e-10	-1.15958674542359e-10
616.069	3.030	-2.663	4.88798517629518e-10	8.3760626363222e-11	-8.49248865515002e-11
622.180	2.602	-3.082	5.00231877068108e-10	8.61212838986259e-11	-8.57267402092254e-11
627.301	2.789	-2.518	5.28067370910812e-10	9.11446423903515e-11	-8.9253093674928e-11
632.629	2.314	-2.539	6.47585101580761e-10	1.12179428143097e-10	-1.09661332461645e-10
636.951	2.088	-2.008	8.42000641877446e-10	1.46281853520456e-10	-1.49300711734628e-10
641.531	1.819	-2.492	7.78184463719198e-10	1.35150797863748e-10	-1.38123343487575e-10
645.972	2.530	-2.623	5.78793246468395e-10	1.00699087823261e-10	-1.02276437647026e-10
650.635	2.209	-2.133	6.4398683220266e-10	1.13659681776184e-10	-1.10120768811402e-10
656.047	2.631	-3.204	4.88886260146183e-10	8.60641315301039e-11	-8.32728551339905e-11
661.215	2.794	-2.536	5.31228395066069e-10	9.2585343821169e-11	-8.91356234383742e-11
666.335	3.262	-2.326	3.73788692698855e-10	7.76113021787469e-11	-7.79354678304169e-11
672.402	2.253	-2.805	6.00081767847839e-10	1.06900312727318e-10	-1.04171698107427e-10
676.987	2.244	-2.331	7.03901594713631e-10	1.21690789446114e-10	-1.18349301295454e-10
681.678	2.384	-2.447	6.67342162154543e-10	1.1710682119894e-10	-1.14185293062139e-10
686.416	2.403	-2.354	6.87113005367434e-10	1.2440515117993e-10	-1.16227744934269e-10
692.260	3.092	-3.441	3.38126574875346e-10	6.7521181606305e-11	-6.73737923969118e-11
697.686	2.639	-2.334	4.37915810953262e-10	9.06887908754587e-11	-8.84225919244209e-11
703.459	3.395	-3.135	4.28086110670853e-10	8.39258935567772e-11	-7.23450133280917e-11
709.205	3.039	-2.352	4.00987339277131e-10	7.94480584597865e-11	-7.89840573005026e-11
715.222	2.308	-2.978	5.46226775242038e-10	9.62771691831687e-11	-9.36771625713949e-11
720.618	2.973	-3.088	4.86277710707627e-10	8.53849923910399e-11	-8.31442577514219e-11
726.283	2.912	-2.691	3.35153681501622e-10	7.20759314467564e-11	-7.14830620850211e-11
731.538	2.719	-2.344	3.64852404893855e-10	8.05646264567199e-11	-7.95390910239629e-11
736.365	2.758	-2.108	4.01436119529544e-10	8.0942409455938e-11	-7.85857093057569e-11
742.099	2.812	-2.976	4.762967461205e-10	8.42943632373636e-11	-8.50519115767533e-11
747.359	2.160	-2.448	3.86691812787303e-10	8.51598929931368e-11	-8.55125761080731e-11
752.860	2.891	-3.341	4.60848934052986e-10	8.05297292140733e-11	-8.01795385888808e-11
758.188	3.201	-2.437	5.31239749366236e-10	9.18063429732515e-11	-8.96827480266531e-11
764.643	3.173	-3.253	4.45563816398918e-10	7.89891289787057e-11	-7.88132648284366e-11
770.014	2.627	-2.198	3.87988964149194e-10	7.83681164369271e-11	-8.00677067412373e-11
775.956	2.132	-3.315	5.16928677610748e-10	8.71050337699694e-11	-8.90331558177361e-11
781.435	2.933	-3.347	3.94099454539722e-10	8.74614955495544e-11	-8.24054358181736e-11
786.797	2.672	-2.428	5.7841682309039e-10	1.00798337551269e-10	-1.01604353216833e-10
791.574	2.706	-2.105	3.86060424059249e-10	7.86763840364543e-11	-7.97597101245375e-11
797.397	2.811	-3.117	4.5480461895236e-10	8.14755442325959e-11	-8.31593502282946e-11
803.070	3.557	-2.862	4.80102338442198e-10	8.37642636214014e-11	-8.63167698275677e-11
809.348	3.629	-2.721	3.60555544826126e-10	7.89268072536107e-11	-8.04170281596477e-11
815.366	2.516	-2.389	7.42765332733517e-10	1.2941448252445e-10	-1.30852584670101e-10
821.122	2.478	-3.24	5.70605752644944e-10	9.96678311713393e-11	-9.95394951482648e-11
826.344	3.711	-2.744	4.62323361616317e-10	7.96184866134178e-11	-8.03508195892514e-11
832.675	2.485	-2.621	3.6415915319892e-10	7.59582024743615e-11	-7.72575799348587e-11
837.285	2.243	-2.125	6.36335786100652e-10	1.08813121678666e-10	-1.11403456380085e-10
841.879	2.337	-2.351	3.8265064348117e-10	7.982854081217e-11	-8.11580930147768e-11
847.016	2.881	-2.8	3.08333640507736e-10	6.60531727441461e-11	-6.68418784757333e-11
852.972	2.374	-3.075	3.39600240650293e-10	6.90120856326152e-11	-7.03341137572151e-11
857.820	2.478	-2.473	5.41508922128879e-10	9.59829714394093e-11	-9.98391191753026e-11
862.237	2.384	-1.939	4.48511363934287e-10	9.12099475006042e-11	-9.30042624825237e-11
866.877	2.750	-2.256	4.56510404954186e-10	9.04337429234079e-11	-9.16056921708637e-11
872.711	2.437	-3.084	3.82827356189328e-10	8.22789735083634e-11	-8.20398988913839e-11
878.884	2.984	-3.736	3.06769563151296e-10	6.76556022381448e-11	-6.73565668583135e-11
884.796	1.873	-2.929	4.36006424592052e-10	9.11608115086323e-11	-9.19845958594639e-11
890.277	3.159	-3.607	2.95996048829132e-10	6.18187201367883e-11	-6.2642282170678e-11
896.038	3.061	-2.602	3.40543816486319e-10	7.07783087348813e-11	-7.25331685791021e-11
902.128	2.648	-3.029	5.12827480606082e-10	8.66538987500812e-11	-8.77306915311365e-11
908.146	2.160	-3.37	3.424258402291e-10	7.00297607477942e-11	-6.98210874976763e-11
913.804	2.090	-3.498	3.64373354521325e-10	7.43020626644198e-11	-7.50504847114963e-11
918.724	2.771	-2.83	3.59371219733219e-10	8.13123061634252e-11	-8.12772080039507e-11
924.083	2.834	-2.589	4.01228714990585e-10	8.38775162227939e-11	-8.47126290372114e-11
929.994	2.367	-3.077	3.99863031786354e-10	8.13921529663623e-11	-8.28003117292442e-11
935.601	3.095	-3.24	3.0559949891559e-10	6.87752444399089e-11	-7.00273320728961e-11
941.177	2.731	-2.48	4.06853561227118e-10	8.2975454882863e-11	-8.38696070239778e-11
946.904	3.917	-2.996	2.74048692109725e-10	6.03919603658861e-11	-6.04023225902092e-11
953.109	2.707	-2.287	3.91813369506522e-10	7.79007202539533e-11	-7.91761487183623e-11
959.244	3.001	-3.429	2.93951679309687e-10	5.98748834492792e-11	-6.07907675614413e-11
964.604	2.733	-2.359	3.52951918018984e-10	7.5731316379708e-11	-7.61857436694593e-11
970.107	2.856	-2.77	3.46758868054696e-10	7.08614878454675e-11	-7.10674314898533e-11
977.259	2.548	-4.297	3.14352443800475e-10	6.43491345027264e-11	-6.37927232065514e-11
982.872	2.313	-3.065	4.13315605103271e-10	8.22799870357732e-11	-8.32871129411867e-11
987.872	2.115	-2.687	4.56387433439839e-10	9.69071132825179e-11	-9.81534993314471e-11
993.209	2.598	-3.222	3.63582300081742e-10	7.79526823694982e-11	-7.86579689272292e-11
998.356	2.844	-2.549	3.69271175755739e-10	7.93435453485386e-11	-7.9204555308203e-11
1003.279	3.807	-2.08	3.91922787546237e-10	7.38383010517363e-11	-7.42587098329829e-11
1009.863	2.750	-2.776	3.52866088806403e-10	7.1984471281703e-11	-7.25870874092689e-11
1015.745	3.424	-3.132	3.23332473060859e-10	6.61115388746187e-11	-6.60596635569963e-11
1022.405	2.677	-3.237	3.43143088943894e-10	7.15681136683009e-11	-7.27968430728294e-11
1028.094	1.936	-3.011	3.90998803727198e-10	8.14461036672749e-11	-8.31130895377174e-11
1032.762	3.005	-2.732	4.11960622851161e-10	7.93047899111596e-11	-8.12797197803541e-11
1039.237	2.890	-3.469	3.3403327530829e-10	6.65698944013218e-11	-6.68621489022607e-11
1044.991	1.959	-2.864	4.31751063190442e-10	8.62573292764903e-11	-8.58004534938969e-11
1050.217	3.860	-3.267	2.6660797411558e-10	5.5846328719973e-11	-5.58790990525829e-11
1056.213	2.733	-2.136	3.71060373869408e-10	7.72037683971019e-11	-7.89456813256584e-11
1062.143	2.544	-3.197	3.14889994364145e-10	6.58787233859113e-11	-6.6319470552208e-11
1067.985	3.072	-3.297	2.92758452277841e-10	5.96722833992e-11	-6.03287844893936e-11
1074.223	3.251	-3.166	3.4504133550799e-10	6.87303867644196e-11	-6.83590430228323e-11
1080.998	4.263	-3.524	2.10014772013904e-10	4.73941610272201e-11	-4.78953866967871e-11
1088.431	2.859	-3.17	2.99102840527253e-10	6.10186094239248e-11	-6.16403686093297e-11
1094.752	2.744	-3.461	2.85070002224162e-10	6.12707394360053e-11	-6.09861690789711e-11
1101.978	4.544	-4.482	2.07422150597693e-10	4.24217817850164e-11	-4.21780089438344e-11
1110.890	3.739	-4.368	2.2342615389953e-10	4.9123213789681e-11	-4.96267903219787e-11
1116.576	2.864	-1.947	4.59252709685212e-10	8.95101588680295e-11	-9.13986267172181e-11
1122.158	2.764	-2.718	3.73838050228917e-10	8.02755263442685e-11	-8.0461725232864e-11
1128.443	2.830	-3.522	3.29267774452325e-10	7.07243683505851e-11	-7.08011219818575e-11
1134.010	2.152	-2.738	4.54619323382046e-10	9.05546447891854e-11	-9.14589146089506e-11
1139.073	2.424	-2.911	3.79109560351028e-10	8.28884640057985e-11	-8.4769760298599e-11
1144.679	4.467	-3.182	2.77938751644846e-10	5.65679563046335e-11	-5.73565093375013e-11
1152.121	2.583	-2.975	3.64391286797956e-10	7.41179207615596e-11	-7.55265938931782e-11
1158.214	2.381	-3.51	3.2208606496586e-10	6.90550647043752e-11	-6.96899604510863e-11
1163.341	2.870	-2.746	3.52377996646882e-10	7.02484541405896e-11	-7.07173031910985e-11
1170.439	4.004	-4.228	2.39324597619954e-10	5.016264075636e-11	-5.00064794671716e-11
1177.652	2.674	-3.208	3.66378298241862e-10	7.29658545765897e-11	-7.37227277408583e-11
1183.562	4.063	-3.237	2.94384179913324e-10	6.00491873563727e-11	-6.0602582352668e-11
1191.940	3.984	-4.315	2.71403065096159e-10	5.43256161059601e-11	-5.55695325941027e-11
1199.386	3.520	-3.461	2.99445636796896e-10	6.09425911260966e-11	-6.20149549404578e-11
1206.259	2.780	-3.353	3.15370357667157e-10	6.43605219965879e-11	-6.4930906445935e-11
1211.611	2.983	-2.573	3.13972033252247e-10	6.89924094054572e-11	-6.98351328210029e-11
1217.848	3.408	-3.253	2.86673373076268e-10	5.98456627446889e-11	-6.05780108266612e-11
1225.452	3.493	-4.196	2.56725827421494e-10	5.37406593673968e-11	-5.3912363146537e-11
1233.030	3.028	-4.085	2.71338935927829e-10	5.678587725e-11	-5.69681766166617e-11
1239.078	2.357	-3.019	3.31210051155638e-10	7.08182646456806e-11	-7.20486077609912e-11
1245.806	4.165	-4.371	2.22135172098634e-10	4.42789741543484e-11	-4.45914012234425e-11
1253.494	2.988	-3.524	2.93329176028807e-10	6.14217649021247e-11	-6.16266775186471e-11
1259.779	4.259	-3.297	2.4039615981877e-10	5.42392485855496e-11	-5.48369640550023e-11
1267.301	3.142	-3.263	2.97562558380192e-10	6.21424678858252e-11	-6.29746842837505e-11
1274.875	4.509	-4.431	2.05222833133073e-10	4.25695071253429e-11	-4.37515953797743e-11
1282.709	3.825	-3.326	2.64760208325539e-10	5.67103008867304e-11	-5.71642949662845e-11
1288.824	2.441	-2.29	4.15572563560995e-10	8.50344442766097e-11	-8.45109581213425e-11
1295.486	3.446	-4.222	2.50569909867586e-10	4.99378914005124e-11	-5.03424367107997e-11
1301.609	3.252	-2.677	3.30700326695989e-10	6.60321583754537e-11	-6.59452262190262e-11
1308.780	3.271	-3.92	2.71716451754668e-10	5.55184359151758e-11	-5.57195964937742e-11
1315.179	2.985	-3.128	3.16796437448194e-10	6.45852202915152e-11	-6.53867489149426e-11
1321.516	3.407	-3.352	2.89796624287715e-10	5.92373695171704e-11	-5.93061282340241e-11
1330.513	6.122	-5.59	1.63579435509098e-10	3.42749178598796e-11	-3.42363521032014e-11
1340.715	3.565	-4.08	2.51684189616483e-10	5.14645301133413e-11	-5.14060408566365e-11
1349.122	5.488	-4.842	1.76274005759774e-10	3.69229583567172e-11	-3.69761440117467e-11
1358.495	3.188	-3.884	2.66513753043833e-10	5.58022290751658e-11	-5.6012618494672e-11
1366.058	4.328	-4.375	1.92141836091843e-10	4.59143020378371e-11	-4.57661685575295e-11
1375.187	3.905	-4.802	2.13120431684201e-10	4.43464838135537e-11	-4.5333382351663e-11
1384.636	3.541	-5.543	1.87716180917477e-10	4.22496775818844e-11	-4.29720673554728e-11
1392.880	5.220	-4.703	1.86471262955669e-10	3.81720949073101e-11	-3.79015476504641e-11
1401.953	4.742	-3.853	2.27292750769163e-10	4.54434879630077e-11	-4.48946835229543e-11
1411.794	3.951	-5.1	2.0039039304904e-10	4.41748813450777e-11	-4.40997300786886e-11
1420.238	3.835	-4.493	2.13535743296957e-10	4.82757860743939e-11	-4.84646995340154e-11
1428.366	4.540	-4.293	2.22626308217237e-10	4.45558357768516e-11	-4.40772138399495e-11
1436.854	4.327	-3.948	2.36298341597509e-10	4.71596553903949e-11	-4.71117827983308e-11
1449.124	6.268	-7.944	1.4575372700799e-10	3.05894970430788e-11	-3.02663188337919e-11
1460.151	3.444	-4.758	2.69952879355058e-10	5.67461519684915e-11	-5.61056782364176e-11
1469.571	5.725	-5.976	1.78387421440886e-10	3.82270659954308e-11	-3.86212941939867e-11
1480.567	5.405	-5.272	1.9681864188148e-10	3.93151960712174e-11	-3.91388829750826e-11
1489.905	4.560	-3.933	2.40160611924764e-10	5.03576848217007e-11	-5.00607890041956e-11
1497.671	2.704	-3.205	3.54069615136904e-10	7.42485791840571e-11	-7.37682175522675e-11
1507.354	5.764	-6.98	1.54101163232512e-10	3.48529928125055e-11	-3.48747881433081e-11
1518.350	3.957	-5.232	2.02537931004432e-10	4.58612463677317e-11	-4.55828599273779e-11
1526.674	4.727	-4.367	1.93995825907069e-10	4.26156627333664e-11	-4.31215803103162e-11
1535.360	4.041	-3.96	2.402324886968e-10	4.89646811684668e-11	-4.95150831487543e-11
1546.517	6.249	-7.116	1.46142589658394e-10	3.22448598678183e-11	-3.19902081973936e-11
1558.676	4.437	-5.91	2.09516805230844e-10	4.28878842440956e-11	-4.24988483342777e-11
1567.593	4.862	-4.48	2.02078662060217e-10	4.83622296234171e-11	-4.78330338818815e-11
1576.863	5.498	-4.408	2.13143963619405e-10	4.34811048898354e-11	-4.3884173706741e-11
1586.718	5.683	-4.356	1.99315238060045e-10	4.06553082037715e-11	-4.10749183568923e-11
1598.744	6.394	-6.343	1.55599570424527e-10	3.27642161091267e-11	-3.22314752993753e-11
1608.084	4.642	-2.946	2.71631763476757e-10	5.79400345158687e-11	-5.59116414726074e-11
1617.078	4.037	-4.352	2.4107775821996e-10	5.16908174549527e-11	-5.20778769361788e-11
1629.225	5.297	-8.111	1.47991809808578e-10	3.18004282987698e-11	-3.16109426576835e-11
1639.140	4.522	-4.618	2.02828264746394e-10	4.59127253785931e-11	-4.57271350742296e-11
1649.468	5.404	-5.806	1.7476025912719e-10	3.85598932798938e-11	-3.83301093181879e-11
1659.145	5.229	-4.273	1.97465704312225e-10	4.73266353816989e-11	-4.69599173520305e-11
1669.208	3.686	-4.834	2.47893762015489e-10	5.07252554478073e-11	-5.0422158026717e-11
1679.459	4.521	-6.565	1.8113261572531e-10	3.70125288634203e-11	-3.70805112963739e-11
1689.656	4.746	-5.676	1.76725486856925e-10	3.95311125230302e-11	-3.83236616975822e-11
1701.874	4.874	-7.472	1.38916206480513e-10	3.23020471196864e-11	-3.21498919051045e-11
1711.292	4.497	-4.545	1.88402202448595e-10	4.14342227206449e-11	-4.18225710997785e-11
1720.913	4.046	-5.124	1.86521757519232e-10	4.01575436862656e-11	-3.99812243924804e-11
1730.094	4.983	-5.135	9.15256846902821e-11	3.76600564102995e-11	-3.30352001735951e-11
1742.174	5.239	-7.097	1.37348369351149e-10	3.28204551826155e-11	-3.27483381252085e-11
1753.097	6.430	-5.684	1.28123533244593e-10	3.6784372514884e-11	-3.64982882131456e-11
1767.810	4.666	-8.282	1.42136022931362e-10	3.30303329983544e-11	-3.30018017038935e-11
1776.868	3.866	-4.392	2.47653193142917e-10	5.36790392996378e-11	-5.24744788297919e-11
1787.986	5.884	-7.251	1.46915397790422e-10	3.18008627826749e-11	-3.12678441270749e-11
1799.429	7.089	-5.559	1.43289400503044e-10	3.24278685036912e-11	-3.23130738312994e-11
1815.967	4.871	-9.449	1.25040740123261e-10	2.77891472016845e-11	-2.72137904209482e-11
1828.446	5.760	-7.609	1.31091812296066e-10	3.23294163664071e-11	-3.18928803177406e-11
1844.583	7.599	-10.377	9.15873704438604e-11	2.55183220372837e-11	-2.52044498412779e-11
1856.221	3.275	-4.039	2.82547321355341e-10	6.22907353294579e-11	-6.21475289427203e-11
1867.530	6.665	-8.034	1.41810190891798e-10	3.02519118400136e-11	-2.93786570724989e-11
1882.375	4.973	-8.18	1.53389714400398e-10	3.42130124135249e-11	-3.22709610238089e-11
1893.108	5.494	-5.759	1.5935381249561e-10	3.70596754654509e-11	-3.68749233828458e-11
1906.231	9.226	-7.629	1.13207061201632e-10	2.49665537016405e-11	-2.48730372488429e-11
1921.235	5.943	-5.778	1.74633825976442e-10	3.76529172221091e-11	-3.70110537458573e-11
1936.303	7.626	-9.125	1.24232028047531e-10	2.78114872117491e-11	-2.60817814498985e-11
1949.534	7.398	-5.605	1.61203833911648e-10	3.52755041096408e-11	-3.29429969227541e-11
1962.621	6.523	-5.689	1.67709832232917e-10	3.42929181303716e-11	-3.41914209738187e-11
1977.290	8.132	-8.146	1.1062665342587e-10	2.55951405316646e-11	-2.46080316570706e-11
1990.927	4.812	-5.505	1.83834844556141e-10	3.88410892302739e-11	-3.80379123739877e-11
2006.815	8.127	-11.077	7.04019196792024e-11	2.23917385647337e-11	-2.21718207655126e-11
2020.226	5.428	-5.284	1.89310597397988e-10	3.98556063474252e-11	-3.91459344553384e-11
2032.787	5.528	-7.132	1.5009150722551e-10	3.57444050725225e-11	-3.43222856559569e-11
2044.737	5.211	-6.422	1.76406588688144e-10	3.8126465918454e-11	-3.76071877661177e-11
2057.481	8.894	-7.533	1.19304175480868e-10	2.70505022587766e-11	-2.57966100774192e-11
2074.548	6.720	-8.173	1.30154615178671e-10	2.87267718105285e-11	-2.63263980302014e-11
2083.595	4.178	-2.327	2.69810776472134e-10	6.30775414896952e-11	-6.18120310874772e-11
2092.945	4.555	-5.172	1.85767934912267e-10	4.32674419203094e-11	-4.27680079028071e-11
2100.603	3.725	-3.103	2.80410287671941e-10	6.77848254750042e-11	-6.39405249299164e-11
2110.408	7.531	-6.081	1.54511306786222e-10	3.62328183969798e-11	-3.31991655651106e-11
2124.823	8.229	-6.883	1.0840858862389e-10	3.15430426885956e-11	-3.06467502854805e-11
2142.754	4.209	-9.702	1.51493466252215e-10	3.28239691732859e-11	-3.099335516005e-11
2155.397	9.369	-8.435	8.40905856548991e-11	2.41534130713867e-11	-2.38494607250862e-11
2172.450	7.200	-7.684	1.25351522482715e-10	2.73817839862378e-11	-2.64339206245444e-11
2187.030	6.685	-7.379	1.33271955430569e-10	2.85094503399997e-11	-2.74983681615726e-11
2202.537	8.673	-8.823	1.16691023972006e-10	2.47105298820033e-11	-2.40999938657684e-11
2216.454	5.021	-5.243	1.822643405463e-10	4.23855005790436e-11	-4.21953872615094e-11
2230.544	5.400	-9.07	1.38188800986715e-10	3.21641699945806e-11	-3.1827098244014e-11
2243.361	9.695	-7.417	1.11680472876153e-10	2.61320068883316e-11	-2.56053739131121e-11

## XRT - xrtpcflux
5688.010	39.153	-36.067	4.77898443029049e-11	1.07646734178214e-11	-1.07646734178214e-11
5781.240	56.245	-54.077	3.17030125003868e-11	7.14987263153949e-12	-7.14987263153949e-12
5888.544	54.248	-51.059	3.24931293177601e-11	7.34608193185129e-12	-7.34608193185129e-12
6029.562	43.611	-86.769	2.55405520486599e-11	5.8099461304622e-12	-5.8099461304622e-12
6118.236	57.737	-45.063	3.27098535800942e-11	7.34989929116558e-12	-7.34989929116558e-12
6230.043	51.237	-54.071	3.16195793620264e-11	7.16620598069443e-12	-7.16620598069443e-12
6338.698	42.875	-57.417	3.46094351834273e-11	7.63194645492049e-12	-7.63194645492049e-12
6470.373	76.683	-88.8	1.94344877257351e-11	4.42641640057912e-12	-4.42641640057912e-12
6606.536	53.349	-59.48	2.86033103849765e-11	6.47462419466801e-12	-6.47462419466801e-12
6724.342	58.401	-64.457	2.71198485533205e-11	6.10127963179838e-12	-6.10127963179838e-12
6867.327	30.753	-84.583	1.42741807202905e-11	3.22369405398918e-12	-3.22369405398918e-12
6936.011	42.303	-37.931	1.41264727553512e-11	3.18774448868672e-12	-3.18774448868672e-12
7024.160	41.910	-45.846	1.92927765393475e-11	4.33614100163762e-12	-4.33614100163762e-12
7096.176	45.114	-30.106	2.3175542576058e-11	5.06964537835051e-12	-5.06964537835051e-12
7175.742	33.245	-34.452	2.53682839105476e-11	5.74587274659419e-12	-5.74587274659419e-12
7258.335	40.916	-49.347	1.99631821280075e-11	4.53923371657191e-12	-4.53923371657191e-12
7359.189	42.862	-59.938	1.8726277893995e-11	4.10137012087831e-12	-4.10137012087831e-12
7452.919	31.874	-50.868	2.21733818366118e-11	5.01575128280388e-12	-5.01575128280388e-12
7512.735	24.712	-27.942	2.28676352936791e-11	5.13324145046028e-12	-5.13324145046028e-12
7568.147	24.461	-30.7	2.14783444543427e-11	4.81520689306402e-12	-4.81520689306402e-12
7634.059	53.827	-41.451	2.99481640270914e-11	6.75578458277801e-12	-6.75578458277801e-12
7747.720	60.517	-59.834	3.26204443697512e-11	7.37486244157869e-12	-7.37486244157869e-12
7884.636	53.982	-76.398	1.60617629928423e-11	3.54715399059654e-12	-3.54715399059654e-12
7996.107	35.281	-57.489	2.38662680195659e-11	4.0095212667554e-12	-4.0095212667554e-12
23942.088	114.858	-98.264	4.34757523498491e-12	1.03556103662913e-12	-1.03556103662913e-12
24155.597	79.369	-98.651	4.32778309569836e-12	1.12923604469148e-12	-1.12923604469148e-12
24427.518	118.356	-192.552	2.4644864646064e-12	6.47842447023169e-13	-6.47842447023169e-13
24642.316	94.114	-96.442	4.33870365070996e-12	1.09976812473592e-12	-1.09976812473592e-12
24965.799	351.718	-229.369	1.99912131079544e-12	4.49306634786663e-13	-4.49306634786663e-13
30001.930	130.631	-205.349	2.29202788469993e-12	5.98261093250332e-13	-5.98261093250332e-13
30285.341	180.694	-152.78	2.30975926541602e-12	6.02888969553448e-13	-6.02888969553448e-13
30729.943	347.212	-263.908	2.07386147880824e-12	4.53191111078664e-13	-4.53191111078664e-13
50414.097	1974.949	-2504.757	1.55664664742182e-12	3.3303163837504e-13	-3.3303163837504e-13
57897.143	612.732	-510.539	1.32571252061211e-12	2.98349492099883e-13	-2.98349492099883e-13
63603.165	221.827	-432.582	1.59930352699851e-12	4.1919863378414e-13	-4.1919863378414e-13
64714.188	482.294	-889.195	1.19270376147541e-12	2.54037137260772e-13	-2.54037137260772e-13
88978.514	4377.947	-2816.892	5.84577630202754e-13	1.01065455278071e-13	-1.01065455278071e-13
205885.082	89664.448	-33024.434	7.69016492626651e-14	2.17872375957506e-14	-2.17872375957506e-14
