## BAT - batSNR4flux
1.921000000226	1.92	-1.92	1.46572464251636e-08	2.98436048554984e-09	-2.98436048554984e-09
4.16100000075996	0.32	-0.32	3.05672440637831e-08	7.60786426089126e-09	-7.60786426089126e-09
4.84099999984105	0.36	-0.36	3.13394466212222e-08	7.60864356682027e-09	-7.60864356682027e-09
5.64100000002167	0.44	-0.44	2.92921490969712e-08	7.31307076986899e-09	-7.31307076986899e-09
6.26099999997351	0.18	-0.18	5.03014660528411e-08	1.19801232701311e-08	-1.19801232701311e-08
6.581000002282	0.14	-0.14	5.8851294099261e-08	1.43500222610796e-08	-1.43500222610796e-08
7.04099999971687	0.32	-0.32	3.04170183798426e-08	9.47678594958456e-09	-9.47678594958456e-09
7.68100000031292	0.32	-0.32	4.66900441113118e-08	9.8814939211402e-09	-9.8814939211402e-09
8.32100000090897	0.32	-0.32	3.8731204941107e-08	1.02296132296466e-08	-1.02296132296466e-08
8.82099999904632	0.18	-0.18	7.50581882951022e-08	1.69265986206739e-08	-1.69265986206739e-08
9.10100000023842	0.1	-0.1	1.01828900206779e-07	2.45189127125451e-08	-2.45189127125451e-08
9.52100000016391	0.32	-0.32	7.05679695668782e-08	1.6165250495178e-08	-1.6165250495178e-08
10.0009999987483	0.16	-0.16	1.10181685543584e-07	2.64395746423937e-08	-2.64395746423937e-08
10.6409999993443	0.16	-0.16	1.39628668599179e-07	3.47824547853557e-08	-3.47824547853557e-08
11.0410000003378	0.24	-0.24	9.46159295606945e-08	3.2169707071166e-08	-3.2169707071166e-08
11.520999999543	0.24	-0.24	1.83763689674935e-07	4.00596147289551e-08	-4.00596147289551e-08
12.0010000012318	0.24	-0.24	1.38993591183441e-07	3.95311767897211e-08	-3.95311767897211e-08
12.5209999998978	0.28	-0.28	1.21044484182176e-07	2.96457160957815e-08	-2.96457160957815e-08
13.1010000002384	0.3	-0.3	1.02604824012705e-07	2.48255382716039e-08	-2.48255382716039e-08
13.5010000002384	0.1	-0.1	1.55249097855646e-07	3.84921297827233e-08	-3.84921297827233e-08
13.8809999993018	0.28	-0.28	8.60430429845701e-08	2.03523650910535e-08	-2.03523650910535e-08
14.441000001686	0.28	-0.28	9.8428137747926e-08	2.41109771115156e-08	-2.41109771115156e-08
14.8009999957681	0.08	-0.08	2.67509043051369e-07	6.4979217283314e-08	-6.4979217283314e-08
15.0010000012318	0.12	-0.12	2.83209629475534e-07	6.35370123804304e-08	-6.35370123804304e-08
15.4010000015157	0.28	-0.28	1.53332546297817e-07	5.81143205739719e-08	-5.81143205739719e-08
15.7609999966621	0.08	-0.08	5.45481004442477e-07	1.25737798432772e-07	-1.25737798432772e-07
16.16100000076	0.32	-0.32	1.18159118232212e-07	5.10525435871605e-08	-5.10525435871605e-08
16.6409999993443	0.16	-0.16	2.44782892122822e-07	5.92031774527998e-08	-5.92031774527998e-08
17.1209999997914	0.32	-0.32	1.15250985178384e-07	3.5267233627156e-08	-3.5267233627156e-08
17.7610000003874	0.32	-0.32	1.54583222935285e-07	3.71784000353026e-08	-3.71784000353026e-08
19.0410000003377	0.960000000000001	-0.960000000000001	8.56920022889763e-08	2.49574936246518e-08	-2.49574936246518e-08
20.321000000909	0.32	-0.32	2.12700689116392e-07	5.29267553948604e-08	-5.29267553948604e-08
20.8009999994934	0.16	-0.16	3.51052887224519e-07	7.94388551960465e-08	-7.94388551960465e-08
23.1210000002053	2.16	-2.16	1.1909152818894e-07	2.89979245284525e-08	-2.89979245284525e-08
26.001000000404	0.72	-0.72	2.27786061800973e-07	5.39301498038564e-08	-5.39301498038564e-08
288.421000000153	1.94	-1.94	1.02114000786544e-08	2.3040053929824e-09	-2.3040053929824e-09
292.321000000263	1.96	-1.96	1.16131773885392e-08	2.13304400343502e-09	-2.13304400343502e-09
295.061000000178	0.78	-0.78	1.314719076762e-08	3.16304302950706e-09	-3.16304302950706e-09
299.041000000275	3.2	-3.2	5.92146518491365e-09	1.43232248707656e-09	-1.43232248707656e-09
302.56099999927	0.32	-0.32	1.69015318089655e-08	4.18679697220359e-09	-4.18679697220359e-09
305.121000000324	2.24	-2.24	5.78757234964654e-09	1.50135138275977e-09	-1.50135138275977e-09
307.620999999505	0.26	-0.26	1.71617380662674e-08	4.25617127362913e-09	-4.25617127362913e-09
310.941000000308	3.06	-3.06	6.46224100054462e-09	1.25572217497728e-09	-1.25572217497728e-09
320.121000000254	6.11999999999996	-6.11999999999996	4.51316109308358e-09	1.03070044606742e-09	-1.03070044606742e-09
329.301000000199	3.06	-3.06	7.37792019926383e-09	1.70966852122911e-09	-1.70966852122911e-09
338.481000000243	6.11999999999996	-6.11999999999996	4.46016424421673e-09	1.72369580361488e-09	-1.72369580361488e-09
350.721000000235	6.11999999999996	-6.11999999999996	2.24430481237403e-08	4.60393384343642e-09	-4.60393384343642e-09
362.961000000228	6.11999999999996	-6.11999999999996	5.26422855119176e-08	1.22723895121688e-08	-1.22723895121688e-08

## XRT - xrtwtflux
160.877	2.283	-1.702	5.09242741515933e-09	7.75064223540265e-10	-7.75079714703842e-10
165.537	2.059	-2.376	4.29654694298232e-09	6.40492329899271e-10	-6.40500287042367e-10
169.484	1.889	-1.888	3.00483394583945e-09	5.8420390265233e-10	-5.84206513147811e-10
173.613	2.068	-2.24	2.58361298604024e-09	4.71701207609317e-10	-4.71703302059317e-10
177.689	2.177	-2.009	2.49416531515232e-09	4.55370574749924e-10	-4.55371884845562e-10
182.366	2.361	-2.5	2.00065626762284e-09	3.76851433750946e-10	-3.76852348663179e-10
187.601	1.935	-2.874	1.93673080288817e-09	3.64810018166634e-10	-3.64810893735193e-10
191.751	2.269	-2.215	2.18953084048766e-09	4.12428504977914e-10	-4.12429427909994e-10
197.017	2.758	-2.998	1.77750338874252e-09	3.45584684255056e-10	-3.45585012636182e-10
202.152	2.316	-2.377	2.39730755453348e-09	4.37686876273612e-10	-4.37687575009681e-10
207.010	2.439	-2.542	2.20213585686202e-09	4.42115661922747e-10	-4.42116401774885e-10
211.807	3.786	-2.357	2.02702662487521e-09	3.700829321394e-10	-3.70083635765715e-10
218.770	4.030	-3.177	1.58318549980552e-09	2.9821493723578e-10	-2.98215487216755e-10
229.252	5.297	-6.452	8.80237942670651e-10	1.60708821665933e-10	-1.60709203166403e-10
237.105	3.317	-2.556	1.52088129731195e-09	2.86479088233849e-10	-2.86479805492107e-10
245.082	4.577	-4.66	8.53859624308944e-10	1.66008501125506e-10	-1.66008916136967e-10
253.842	3.491	-4.182	9.01505730235901e-10	1.80992457488447e-10	-1.80992970209739e-10
261.788	3.355	-4.456	8.46303890674736e-10	1.59413098576782e-10	-1.59413713840616e-10
266.606	2.025	-1.464	1.83445320288305e-09	3.3492389791651e-10	-3.34925503438353e-10
270.814	2.200	-2.182	1.40146529304253e-09	2.63985371211498e-10	-2.63986553899265e-10
275.138	1.836	-2.124	2.35642530271266e-09	3.58646250940477e-10	-3.58648430357492e-10
278.129	1.167	-1.155	4.09676993386504e-09	6.10710991526759e-10	-6.107151668322e-10
280.082	0.738	-0.787	6.25253598960723e-09	9.32073814698823e-10	-9.32079992233563e-10
281.463	0.864	-0.643	6.23918099093325e-09	9.49598576544582e-10	-9.49604763931159e-10
283.070	0.705	-0.743	6.60558949774179e-09	9.84704102663823e-10	-9.84710301473437e-10
284.436	0.551	-0.66	7.90785565617001e-09	1.17883471188687e-09	-1.178842322288e-09
285.537	0.672	-0.55	7.72815968019914e-09	1.17622021163772e-09	-1.17622763104576e-09
286.685	0.425	-0.475	1.0505992669655e-08	1.59900437858014e-09	-1.5990144178492e-09
287.670	0.385	-0.56	1.01772273920626e-08	1.51713308537069e-09	-1.51714253277597e-09
288.659	0.552	-0.605	8.32313901062467e-09	1.24074131955454e-09	-1.24074916761238e-09
289.652	0.486	-0.441	1.03799724880897e-08	1.54735637428299e-09	-1.54736542630565e-09
290.654	0.411	-0.516	1.02153833143615e-08	1.55477357554572e-09	-1.55478242168534e-09
291.618	0.536	-0.553	8.82737665814539e-09	1.31590881949278e-09	-1.31591685731973e-09
292.613	0.337	-0.46	1.20524678933884e-08	1.79667748125841e-09	-1.79668872828833e-09
293.395	0.548	-0.445	9.52399249796451e-09	1.44954444619868e-09	-1.44955307874615e-09
294.427	0.388	-0.483	1.10087819007962e-08	1.64109397354112e-09	-1.64110460787993e-09
295.254	0.374	-0.44	1.16173493958459e-08	1.76815195754088e-09	-1.76816238670557e-09
296.027	0.547	-0.399	9.97567210926257e-09	1.51828971689504e-09	-1.51829813704473e-09
296.995	0.373	-0.421	1.20827879667013e-08	1.8011973083213e-09	-1.80120813242443e-09
297.826	0.401	-0.458	1.11776516696641e-08	1.66626763270609e-09	-1.66627827527357e-09
298.584	0.424	-0.357	1.23188412517113e-08	1.83638611026642e-09	-1.83639717232326e-09
299.418	0.331	-0.409	1.29119576220599e-08	1.98305456001059e-09	-1.98306584321015e-09
300.211	0.386	-0.462	1.16291378147805e-08	1.71462456403733e-09	-1.71463505894779e-09
300.934	0.336	-0.337	1.43777300105385e-08	2.1433083194288e-09	-2.14332044749543e-09
301.562	0.309	-0.292	1.58532464984824e-08	2.41285227974168e-09	-2.41286644794006e-09
302.351	0.449	-0.48	1.04427632992841e-08	1.5567168447526e-09	-1.55672677900002e-09
303.048	0.270	-0.248	2.00106159999335e-08	2.88828602239239e-09	-2.8883063261026e-09
303.609	0.255	-0.291	1.7546686784584e-08	2.67059201101279e-09	-2.6706082891674e-09
304.148	0.244	-0.284	1.84690542736076e-08	2.75320672819722e-09	-2.75322304927522e-09
304.662	0.311	-0.27	1.68170733323859e-08	2.50694342803453e-09	-2.50695979007939e-09
305.243	0.232	-0.27	1.98240676206995e-08	3.00943448305633e-09	-3.00945499354647e-09
305.765	0.230	-0.289	1.89337789315065e-08	2.82248438875198e-09	-2.82250289507997e-09
306.256	0.314	-0.261	2.05888816843146e-08	2.80179433756036e-09	-2.80181701035191e-09
306.910	0.339	-0.34	1.48768879181461e-08	2.19347932070802e-09	-2.19349379461548e-09
307.504	0.246	-0.255	1.99074654283523e-08	2.99542830424319e-09	-2.99544696705073e-09
308.003	0.253	-0.252	1.94767097867251e-08	2.96434017840911e-09	-2.96435898239784e-09
308.522	0.280	-0.266	1.84794440454926e-08	2.81255712139822e-09	-2.8125742631016e-09
309.055	0.272	-0.253	1.97360476576744e-08	3.00381169653226e-09	-3.0038292873843e-09
309.631	0.424	-0.304	2.21343184153295e-08	2.70414173535119e-09	-2.70416660713501e-09
310.376	0.317	-0.322	2.6262442518188e-08	3.22879420719748e-09	-3.22882233493063e-09
310.950	0.266	-0.257	2.13641514125206e-08	3.32046049363446e-09	-3.32047977187756e-09
311.480	0.245	-0.264	2.39194134799366e-08	3.55905806822734e-09	-3.55908031682088e-09
311.961	0.275	-0.236	2.52851821845064e-08	3.64960475644748e-09	-3.64962752546136e-09
312.517	0.223	-0.281	2.55260103793789e-08	3.72335409891903e-09	-3.72337724658865e-09
313.008	0.267	-0.269	2.48526711280287e-08	3.58717771470446e-09	-3.58720118637303e-09
313.574	0.397	-0.298	2.7135819949495e-08	3.31517274073188e-09	-3.31520719094066e-09
314.280	0.290	-0.31	2.124026381487e-08	3.23275160672484e-09	-3.23277323322992e-09
314.916	0.256	-0.346	2.18961832707051e-08	3.2640930463738e-09	-3.26411231133734e-09
315.506	0.340	-0.334	1.98535337429486e-08	2.95959179315457e-09	-2.95961138005464e-09
316.141	0.240	-0.295	2.44615952539675e-08	3.80187178454732e-09	-3.80189438233626e-09
316.717	0.312	-0.336	2.05343877136846e-08	3.12531833343765e-09	-3.12533809342307e-09
317.240	0.347	-0.211	2.79189231933923e-08	3.87166177619807e-09	-3.87169280898495e-09
317.940	0.297	-0.353	2.07680700708293e-08	3.09592498617563e-09	-3.0959447184962e-09
318.548	0.264	-0.311	2.3452736555023e-08	3.49613126608384e-09	-3.49615380165099e-09
319.120	0.248	-0.308	2.41845764422289e-08	3.60522611622983e-09	-3.60524863710479e-09
319.683	0.230	-0.315	2.40421517727633e-08	3.65919676360315e-09	-3.65921899451371e-09
320.214	0.280	-0.301	2.20503806228411e-08	3.35605008602879e-09	-3.35607187451184e-09
320.823	0.288	-0.328	2.06831965254487e-08	3.08327273617217e-09	-3.08329136734467e-09
321.388	0.377	-0.277	2.41132628515175e-08	3.1938836204474e-09	-3.19391228063617e-09
322.058	0.326	-0.293	1.96296675160171e-08	2.92622088679229e-09	-2.92623867079763e-09
322.637	0.285	-0.253	2.21323521124814e-08	3.29929855876599e-09	-3.29931844593391e-09
323.190	0.338	-0.269	1.87677501633852e-08	2.91692170945162e-09	-2.91693889914608e-09
323.860	0.337	-0.332	1.72358936952213e-08	2.62328985192198e-09	-2.62330453906307e-09
324.608	0.338	-0.411	1.53392968317948e-08	2.33462938388053e-09	-2.33464279938009e-09
325.252	0.254	-0.306	2.07568070416169e-08	3.09424564172874e-09	-3.09426266400219e-09
325.865	0.268	-0.358	1.79521086799657e-08	2.79015354091373e-09	-2.79016808921661e-09
326.428	0.231	-0.296	2.19666967178184e-08	3.27460615786341e-09	-3.27462308585419e-09
326.975	0.250	-0.316	2.008153505166e-08	3.05639534291653e-09	-3.05641222734622e-09
327.499	0.318	-0.274	1.90622450015732e-08	2.90126010999628e-09	-2.9012744958037e-09
328.156	0.318	-0.338	1.73347753572506e-08	2.58411825914184e-09	-2.58413253309413e-09
328.757	0.252	-0.283	2.04517231578459e-08	3.1786490452337e-09	-3.1786655799184e-09
329.287	0.271	-0.277	2.04918950091822e-08	3.05475390613112e-09	-3.05477033740149e-09
329.890	0.337	-0.332	1.64109223977994e-08	2.49773009752642e-09	-2.49774408146814e-09
330.589	0.253	-0.362	1.7963688448372e-08	2.67787020577424e-09	-2.67788638642647e-09
331.227	0.398	-0.385	1.35942784563463e-08	2.11285077565721e-09	-2.11286271001559e-09
331.886	0.262	-0.261	2.08952300320271e-08	3.11487972142505e-09	-3.11490028375328e-09
332.524	0.284	-0.376	1.62329588332898e-08	2.47064300995808e-09	-2.47065893308025e-09
333.068	0.263	-0.26	2.07269559856978e-08	3.08979475824106e-09	-3.08981515475093e-09
333.640	0.211	-0.309	2.12500690714505e-08	3.13315460127626e-09	-3.13317491823267e-09
334.147	0.305	-0.297	2.18737465279087e-08	2.94945940362507e-09	-2.94948190008717e-09
334.779	0.315	-0.328	1.66841263650802e-08	2.48712531123679e-09	-2.48714099113511e-09
335.456	0.323	-0.362	1.50939474440233e-08	2.34593291787877e-09	-2.34594629609654e-09
336.182	0.469	-0.403	1.21691315421659e-08	1.85213264385807e-09	-1.85214390491384e-09
336.948	0.290	-0.297	1.82802216100096e-08	2.78223544405123e-09	-2.78225367226092e-09
337.515	0.245	-0.277	2.1090070573986e-08	3.1439246015622e-09	-3.14394528503477e-09
338.006	0.280	-0.246	2.10318286238516e-08	3.1352437610487e-09	-3.1352622832774e-09
338.557	0.293	-0.271	1.94984475718854e-08	2.9676495451749e-09	-2.96766588742307e-09
339.143	0.237	-0.293	2.12522285814501e-08	3.16809730175983e-09	-3.16811849950549e-09
339.696	0.330	-0.316	1.75921688492725e-08	2.62248765239411e-09	-2.62250427720331e-09
340.429	0.296	-0.403	1.66725700862668e-08	2.48540243481177e-09	-2.48541705608754e-09
341.008	0.309	-0.283	1.98065682945448e-08	3.01454547247133e-09	-3.01456291111145e-09
341.695	0.376	-0.378	1.62165209013555e-08	2.41741852547813e-09	-2.41743310139748e-09
342.337	0.250	-0.266	2.35480457975459e-08	3.65988515497127e-09	-3.65990611702306e-09
342.897	0.228	-0.309	2.3829161248635e-08	3.55224452163353e-09	-3.55226593320849e-09
343.410	0.261	-0.285	2.39002949954431e-08	3.56284837044667e-09	-3.56287020160869e-09
343.947	0.274	-0.276	2.37398556898434e-08	3.53893173079048e-09	-3.53895355642858e-09
344.501	0.337	-0.28	2.0548195043353e-08	3.12741984726854e-09	-3.12743869946109e-09
345.162	0.323	-0.323	1.9342049983857e-08	2.94384565422854e-09	-2.94386156640602e-09
345.969	0.430	-0.484	1.29878026283954e-08	2.06174090068819e-09	-2.06175209254187e-09
346.798	0.362	-0.399	1.60400295179655e-08	2.39110874678008e-09	-2.39112381071751e-09
347.478	0.314	-0.318	1.90365895565092e-08	2.83781122439004e-09	-2.83782881790427e-09
348.202	0.380	-0.41	1.60139071328504e-08	2.36112415575023e-09	-2.36113941837657e-09
348.918	0.325	-0.337	1.97139306103685e-08	2.93878300358977e-09	-2.93880209596536e-09
349.521	0.270	-0.278	2.45110891154537e-08	3.73056812410541e-09	-3.73059093658844e-09
350.133	0.345	-0.341	2.04600018605493e-08	3.11399629413816e-09	-3.11401717534377e-09
350.792	0.300	-0.314	2.44033593699268e-08	3.63784253614783e-09	-3.63786445387984e-09
351.434	0.364	-0.342	2.22297717230731e-08	3.31382078034428e-09	-3.31384375531237e-09
352.143	0.352	-0.345	2.17697055680888e-08	3.31333274231686e-09	-3.31335208196358e-09
352.785	0.255	-0.29	2.69966298343958e-08	4.10886748092653e-09	-4.1088924425131e-09
353.500	0.449	-0.46	1.5835779895075e-08	2.36066098045729e-09	-2.36067602788728e-09
354.408	0.340	-0.459	1.69514489304198e-08	2.57999791588252e-09	-2.58001343999299e-09
355.103	0.310	-0.355	1.93450811532844e-08	3.00665105982134e-09	-3.00667049235165e-09
355.808	0.394	-0.394	1.65856409748392e-08	2.47244367577467e-09	-2.47245925121448e-09
356.556	0.234	-0.355	2.33633776655116e-08	3.48281017804469e-09	-3.48283031024454e-09
357.149	0.296	-0.359	2.20326737949811e-08	3.31520351270102e-09	-3.31522447697549e-09
357.721	0.437	-0.276	2.08806800620102e-08	3.11271091862997e-09	-3.11272991408578e-09
358.584	0.457	-0.425	1.7627401609951e-08	2.68287725881009e-09	-2.6828931101188e-09
359.328	0.243	-0.288	3.13408195723887e-08	4.67201814711731e-09	-4.67204593477126e-09
359.963	0.300	-0.392	2.31333944790433e-08	3.59543891921888e-09	-3.59545963554313e-09
360.590	0.355	-0.326	2.37848861735272e-08	3.54564430274851e-09	-3.54566463001422e-09
361.313	0.335	-0.368	2.30655604818442e-08	3.40083628993578e-09	-3.40085617844884e-09
362.125	0.380	-0.478	1.80434126165719e-08	2.68975579901966e-09	-2.68977164891938e-09
362.954	0.357	-0.449	1.8725943074396e-08	2.79150154170612e-09	-2.79151794818346e-09
363.835	0.508	-0.524	1.40410310278529e-08	2.13703476027363e-09	-2.13704675774466e-09
364.746	0.369	-0.403	1.85963555352938e-08	2.77218357397479e-09	-2.77219978378935e-09
365.587	0.490	-0.473	1.45851911743313e-08	2.1742339420742e-09	-2.17424685537712e-09
366.459	0.371	-0.382	1.82234840548833e-08	2.71659922202552e-09	-2.71661556467427e-09
367.412	0.562	-0.582	1.16873059638767e-08	1.74224226457266e-09	-1.74225288593035e-09
368.380	0.385	-0.406	1.56992955030112e-08	2.49217507506225e-09	-2.49218896725577e-09
369.128	0.585	-0.363	1.42267918872474e-08	2.16530734999615e-09	-2.16532052599895e-09
370.172	0.385	-0.458	1.73880050114483e-08	2.64644148305005e-09	-2.64645798350197e-09
371.055	0.416	-0.498	1.78590417319826e-08	2.63317474329185e-09	-2.63319177754187e-09
371.913	0.473	-0.441	1.8703440467808e-08	2.78814676616906e-09	-2.78816428672191e-09
372.936	0.607	-0.55	1.57939482177636e-08	2.40382721407409e-09	-2.40384156088296e-09
374.012	0.460	-0.469	2.03145791199697e-08	3.02832149278788e-09	-3.02833963351973e-09
375.126	0.454	-0.655	1.64339832288978e-08	2.4498359360246e-09	-2.44985040465394e-09
376.226	0.611	-0.647	1.39890746221722e-08	2.08537023356789e-09	-2.08538237138614e-09
377.430	0.347	-0.592	1.80386553215471e-08	2.68904673794971e-09	-2.68906303082999e-09
378.323	0.667	-0.546	1.31633166457957e-08	2.04586959890558e-09	-2.04588131003526e-09
379.637	0.555	-0.647	1.37828722691897e-08	2.09774293733403e-09	-2.09775560579035e-09
380.664	0.527	-0.471	1.75632677777807e-08	2.6181796049901e-09	-2.61819646061127e-09
381.936	0.758	-0.745	1.22576803098752e-08	1.82726884503105e-09	-1.82728040079863e-09
383.195	0.487	-0.5	1.96045415086088e-08	2.92247538481075e-09	-2.9224939985356e-09
384.231	0.564	-0.55	1.80977135139442e-08	2.69785027630291e-09	-2.69786712982222e-09
385.185	0.508	-0.39	2.33583476001902e-08	3.48206020491501e-09	-3.48208170140753e-09
386.453	0.700	-0.759	1.49475200692101e-08	2.2750014769607e-09	-2.27501490263853e-09
387.731	0.454	-0.578	2.23063768639593e-08	3.39501391181285e-09	-3.39503443576733e-09
388.825	0.664	-0.641	1.84834647608873e-08	2.81316930690685e-09	-2.81318670586391e-09
390.080	0.672	-0.591	1.84074211016084e-08	3.05025428197565e-09	-3.05027007704498e-09
391.559	0.672	-0.807	1.71831281586588e-08	2.56151182818552e-09	-2.56152722877033e-09
392.814	0.501	-0.584	2.37415865374357e-08	3.57233867913919e-09	-3.57235954159455e-09
393.857	0.601	-0.541	2.25383786787932e-08	3.3598259682077e-09	-3.35984480420889e-09
395.072	0.592	-0.614	2.1554784092457e-08	3.2132000281546e-09	-3.21321742293377e-09
396.351	0.761	-0.687	1.7635624148365e-08	2.7409649563877e-09	-2.74097872848643e-09
397.753	0.761	-0.641	1.90705170921945e-08	2.84286722782011e-09	-2.84288231995091e-09
399.652	0.953	-1.138	1.29896774963186e-08	1.93638821091598e-09	-1.93639899753451e-09
401.314	0.544	-0.709	2.04943702612064e-08	3.11922781862871e-09	-3.11924416970232e-09
402.956	0.823	-1.099	1.2833836306337e-08	1.95330033946964e-09	-1.95331081155702e-09
404.816	0.870	-1.037	1.25515495944341e-08	1.87107638612004e-09	-1.87108689540944e-09
406.579	0.863	-0.893	1.35021576823915e-08	2.01278426984373e-09	-2.01279616538033e-09
408.203	0.969	-0.761	1.4439438444165e-08	2.1289810481086e-09	-2.12899381450561e-09
410.172	1.077	-1.001	1.14374574339916e-08	1.85482638522436e-09	-1.85483591405668e-09
412.529	1.359	-1.28	9.86434267346555e-09	1.50134567531079e-09	-1.50135451647146e-09
414.972	1.275	-1.085	1.1026284431834e-08	1.64370295876373e-09	-1.64371329009232e-09
417.473	1.029	-1.227	1.03570568882727e-08	1.54394065706843e-09	-1.54395042438454e-09
419.726	1.386	-1.224	8.13074475279905e-09	1.21206142072122e-09	-1.2120694048159e-09
422.112	1.107	-1	9.10327517110472e-09	1.35703760430577e-09	-1.35704682292186e-09
424.474	1.193	-1.255	6.98039900237551e-09	1.06241151178888e-09	-1.06241804132352e-09
427.303	1.257	-1.636	5.93474500100331e-09	8.75031034879043e-10	-8.75036652814612e-10
430.013	1.624	-1.454	5.15180513877121e-09	8.00703929806959e-10	-8.00708033977982e-10
433.116	1.438	-1.478	5.2777641310966e-09	8.20280999170076e-10	-8.20284982496014e-10
436.300	1.373	-1.746	4.86204688906637e-09	7.39999840713838e-10	-7.40003704594719e-10
439.104	1.959	-1.432	2.9478968838302e-09	5.38210244960593e-10	-5.38212126136014e-10
442.784	1.807	-1.721	4.499619213159e-09	6.70764350931129e-10	-6.70768002187552e-10
446.241	1.414	-1.649	5.75851090405982e-09	8.58428900961647e-10	-8.58434065360148e-10
449.291	1.851	-1.636	5.46428287002997e-09	8.31660124689201e-10	-8.31664980077993e-10
452.711	1.543	-1.569	6.68143839025848e-09	1.03844273714659e-09	-1.03844811888957e-09
456.382	1.797	-2.128	6.11917912931693e-09	9.1219443920084e-10	-9.121999439769e-10
460.195	2.404	-2.017	5.51227022566397e-09	8.38963583618231e-10	-8.38968629317674e-10
464.162	1.610	-1.563	7.59646028178601e-09	1.1324146318765e-09	-1.13242298319799e-09
467.914	1.829	-2.142	5.77257425434173e-09	8.78581145772408e-10	-8.7858689478052e-10
471.688	1.593	-1.946	4.0169822565107e-09	7.80986824373833e-10	-7.80990095060977e-10
474.733	2.023	-1.452	4.2189913260494e-09	7.70279568697185e-10	-7.70282786262283e-10
478.800	2.151	-2.044	5.15062023677278e-09	7.83920356743943e-10	-7.83924944096875e-10
482.863	1.646	-1.912	5.77670623118493e-09	9.36815402237951e-10	-9.36820438355611e-10
486.689	1.555	-2.179	3.90253053458989e-09	7.12501875955514e-10	-7.12504617858907e-10
490.237	1.809	-1.993	3.82681496009782e-09	6.98677848333518e-10	-6.98681041786786e-10
494.012	1.680	-1.966	4.09951689953339e-09	7.4846628695435e-10	-7.48469566976092e-10
498.276	2.580	-2.584	2.9943357118523e-09	5.4668888437714e-10	-5.46691302746702e-10
503.195	1.733	-2.34	4.02716210022276e-09	7.35256352442044e-10	-7.35259863151238e-10
507.072	2.468	-2.144	3.40562883865983e-09	6.83737447476196e-10	-6.83740027167764e-10
512.175	2.248	-2.635	3.51989582686684e-09	6.42642529216419e-10	-6.42645206016972e-10
516.266	2.018	-1.843	5.20865477397818e-09	9.0427778906306e-10	-9.04282199550304e-10
521.628	3.698	-3.343	2.35658498316022e-09	4.30251837438832e-10	-4.30253554540348e-10
527.243	2.241	-1.917	3.99072187774366e-09	7.28603117011578e-10	-7.28606239014335e-10

## XRT - xrtpcflux
547.104	11.920	-13.153	1.09712653735931e-09	2.41308288377575e-10	-2.41308288377575e-10
572.521	14.082	-13.498	1.02018124011763e-09	2.23373890259359e-10	-2.23373890259359e-10
598.965	15.219	-12.362	9.59559148361761e-10	2.15835690495326e-10	-2.15835690495326e-10
632.899	21.402	-18.715	6.74333241056802e-10	1.51679203425385e-10	-1.51679203425385e-10
666.313	10.553	-12.013	1.37299436081253e-09	2.86289145956309e-10	-2.86289145956309e-10
700.307	24.198	-23.44	5.96554948209546e-10	1.31358318600748e-10	-1.31358318600748e-10
753.113	50.912	-28.608	5.23093643941316e-10	1.17800215209496e-10	-1.17800215209496e-10
860.470	91.372	-56.444	4.73251875459114e-10	1.0133189929081e-10	-1.0133189929081e-10
1020.373	112.540	-68.531	3.59671722852849e-10	6.39584326001921e-11	-6.39584326001921e-11
5209.409	174.093	-149.349	1.6286577404919e-11	4.13156877555916e-12	-4.13156877555916e-12
5613.166	123.865	-229.664	1.40622066070304e-11	3.67964092846267e-12	-3.67964092846267e-12
5910.075	127.833	-173.044	1.64920485118155e-11	4.32514207344691e-12	-4.32514207344691e-12
6138.349	112.679	-100.442	2.37695763670064e-11	6.18512392180098e-12	-6.18512392180098e-12
6575.491	359.727	-324.462	1.41916295959956e-11	2.89772316095755e-12	-2.89772316095755e-12
11235.208	345.574	-394.081	7.68291775071413e-12	2.01040503620079e-12	-2.01040503620079e-12
11765.978	123.202	-185.196	1.86639510558257e-11	4.87135584928734e-12	-4.87135584928734e-12
12278.447	443.155	-389.267	1.00991221304912e-11	2.19668523220609e-12	-2.19668523220609e-12
17578.625	944.999	-949.879	6.17704007589207e-12	1.21840702836523e-12	-1.21840702836523e-12
25845.662	4240.649	-3534.758	3.52379092293616e-12	7.98625792785967e-13	-7.98625792785967e-13
40654.304	6807.479	-6099.864	2.90356548416161e-12	8.4091537006532e-13	-8.4091537006532e-13
62348.410	2157.377	-9906.029	3.91585398343916e-12	9.41743865167435e-13	-9.41743865167435e-13
86339.685	12701.506	-12051.87	1.78275466943317e-12	3.34772829264003e-13	-3.34772829264003e-13
278826.388	138172.311	-71044.574	5.36925820606189e-13	1.86780052540976e-13	-1.53873263555289e-13
