## BAT - batSNR4flux
4.52100000273614	0.84	-0.84	7.20079344537894e-09	1.91505082991917e-09	-1.91505082991917e-09
5.5610000026226	0.2	-0.2	1.59687909344508e-08	3.98584692382738e-09	-3.98584692382738e-09
6.6610000026226	0.9	-0.9	6.97000918351259e-09	1.91303433185273e-09	-1.91303433185273e-09
7.8610000026226	0.3	-0.3	1.5766075361123e-08	3.44260604402644e-09	-3.44260604402644e-09
8.9610000026226	0.8	-0.8	7.53658444742952e-09	2.1393205528224e-09	-2.1393205528224e-09
10.5610000026226	0.8	-0.8	1.02707304610529e-08	2.23800884354009e-09	-2.23800884354009e-09
11.4610000026226	0.1	-0.1	2.55220568545576e-08	6.26944904179163e-09	-6.26944904179163e-09
12.2610000026226	0.7	-0.7	1.05504953034407e-08	2.36860314497294e-09	-2.36860314497294e-09
13.0210000069936	0.06	-0.06	4.11249258845427e-08	8.71235055821093e-09	-8.71235055821093e-09
16.7210000025505	3.64	-3.64	4.75421335577912e-09	1.07961006007143e-09	-1.07961006007143e-09
42.2010000026288	21.8399999999996	-21.8399999999996	1.51866638866857e-09	6.0661748553454e-10	-6.0661748553454e-10
64.181000000579	0.14	-0.14	3.36467055417699e-08	8.0581075034672e-09	-8.0581075034672e-09
73.321000002623	8.9999999999999	-8.9999999999999	2.30220377221255e-09	9.102201651015e-10	-9.102201651015e-10
82.5210000020266	0.2	-0.2	2.22339411819057e-08	5.48232006926213e-09	-5.48232006926213e-09
83.4810000033128	0.76	-0.76	1.12601106411199e-08	2.76790951152739e-09	-2.76790951152739e-09
84.3009999982516	0.06	-0.06	3.92583300465984e-08	9.41725673510266e-09	-9.41725673510266e-09
84.6010000027219	0.24	-0.24	1.57308696485746e-08	4.86344475107903e-09	-4.86344475107903e-09
84.9610000046094	0.12	-0.12	2.81838452824397e-08	6.82566844595485e-09	-6.82566844595485e-09
85.4010000009835	0.32	-0.32	1.70895662582437e-08	4.16776838049445e-09	-4.16776838049445e-09
85.8810000051558	0.16	-0.16	2.3797306819468e-08	5.86391678534585e-09	-5.86391678534585e-09
86.2010000017285	0.16	-0.16	2.15657551284262e-08	6.01007941838207e-09	-6.01007941838207e-09
86.4610000026226	0.1	-0.1	3.16782372033547e-08	7.68130818332226e-09	-7.68130818332226e-09
86.8610000026226	0.3	-0.3	1.85944174523284e-08	4.32346234110113e-09	-4.32346234110113e-09
87.4610000026226	0.3	-0.3	1.81806677172481e-08	4.1441652956737e-09	-4.1441652956737e-09
87.8810000014305	0.12	-0.12	2.60773169161594e-08	6.48134002669157e-09	-6.48134002669157e-09
88.1210000060002	0.12	-0.12	2.69653762300153e-08	6.41673501263005e-09	-6.41673501263005e-09
88.5210000020266	0.28	-0.28	2.04014912838359e-08	4.77527096920374e-09	-4.77527096920374e-09
89.081000002282	0.28	-0.28	2.64241502014053e-08	6.32498706548222e-09	-6.32498706548222e-09
89.5010000019414	0.14	-0.14	4.64883902485459e-08	1.09463859843584e-08	-1.09463859843584e-08
90.3010000027671	0.66	-0.66	3.20158007666739e-08	7.23643884917654e-09	-7.23643884917654e-09
91.1010000044959	0.14	-0.14	1.15636636778022e-07	2.36372756780506e-08	-2.36372756780506e-08
91.3209999990463	0.08	-0.08	1.55533525406112e-07	3.45644114763366e-08	-3.45644114763366e-08
91.6010000032186	0.2	-0.2	6.99775919745536e-08	2.39333356407852e-08	-2.39333356407852e-08
91.8610000006358	0.06	-0.06	1.98462493882424e-07	4.48101098507527e-08	-4.48101098507527e-08
92.0010000061989	0.08	-0.08	1.11740169781465e-07	3.93008078016303e-08	-3.93008078016303e-08
92.1610000026226	0.08	-0.08	1.8833239478505e-07	3.80955672552749e-08	-3.80955672552749e-08
92.3209999990463	0.08	-0.08	1.30937272867901e-07	3.92604114540682e-08	-3.92604114540682e-08
92.5210000020266	0.12	-0.12	1.57369844815618e-07	3.41403900242616e-08	-3.41403900242616e-08
92.6610000026226	0.02	-0.02	3.73673350906882e-07	8.75070248905483e-08	-8.75070248905483e-08
92.8010000032186	0.12	-0.12	1.79456758867176e-07	3.77205227929661e-08	-3.77205227929661e-08
92.9609999996424	0.04	-0.04	3.03612075124156e-07	6.93302590578156e-08	-6.93302590578156e-08
93.0410000127554	0.04	-0.04	2.03877586619552e-07	7.05095293047378e-08	-7.05095293047378e-08
93.1010000002384	0.02	-0.02	4.50370726377375e-07	9.84491487631556e-08	-9.84491487631556e-08
93.1610000026226	0.04	-0.04	1.5317025828704e-07	6.63833657540983e-08	-6.63833657540983e-08
93.2410000008345	0.04	-0.04	2.3212893521896e-07	5.75188484086927e-08	-5.75188484086927e-08
93.3609999981523	0.08	-0.08	1.50962199229279e-07	3.43866497929938e-08	-3.43866497929938e-08
93.4810000103712	0.04	-0.04	1.71825948333946e-07	3.87610172340852e-08	-3.87610172340852e-08
93.5609999936819	0.04	-0.04	8.55080820843535e-08	3.60885235748851e-08	-3.60885235748851e-08
93.6410000067949	0.04	-0.04	1.24314790757076e-07	3.03852237668148e-08	-3.03852237668148e-08
93.7610000041127	0.08	-0.08	9.75495212886323e-08	2.23001080652067e-08	-2.23001080652067e-08
93.8810000014305	0.04	-0.04	2.62112794023711e-07	5.23621676411765e-08	-5.23621676411765e-08
93.9609999996424	0.04	-0.04	3.95248623753426e-07	7.28644030475078e-08	-7.28644030475078e-08
94.0410000127554	0.04	-0.04	2.59683568111499e-07	9.26294016147584e-08	-9.26294016147584e-08
94.1209999960661	0.04	-0.04	6.35772899478496e-07	1.38425420919857e-07	-1.38425420919857e-07
94.2010000091791	0.04	-0.04	8.80698194940698e-07	1.84179918658417e-07	-1.84179918658417e-07
94.2809999924898	0.04	-0.04	9.48836683461252e-07	1.82648903030105e-07	-1.82648903030105e-07
94.3610000056028	0.04	-0.04	7.258626756682e-07	1.75688393754828e-07	-1.75688393754828e-07
94.4610000046094	0.06	-0.06	8.13698787459147e-07	1.38363514413975e-07	-1.38363514413975e-07
94.5409999978542	0.02	-0.02	4.67278263207025e-07	9.64714623335906e-08	-9.64714623335906e-08
94.5809999895096	0.02	-0.02	2.71485506788903e-07	5.70399522076905e-08	-5.70399522076905e-08
94.6610000026226	0.06	-0.06	8.91344764554473e-08	1.43012014013376e-08	-1.43012014013376e-08
94.7410000157356	0.02	-0.02	6.38765379621516e-08	1.34832462339206e-08	-1.34832462339206e-08
94.781000007391	0.02	-0.02	3.64089949850765e-08	1.08309518815763e-08	-1.08309518815763e-08
94.8209999990463	0.02	-0.02	4.64914762413446e-08	7.83524870731513e-09	-7.83524870731513e-09
94.8609999907017	0.02	-0.02	2.33541013124745e-08	6.47288063941905e-09	-6.47288063941905e-09
94.9010000121593	0.02	-0.02	3.03729298486168e-08	5.78832074202602e-09	-5.78832074202602e-09
94.98099999547	0.02	-0.02	1.80623464602879e-08	3.83236536965753e-09	-3.83236536965753e-09
95.0210000169277	0.02	-0.02	1.123687600112e-08	3.37988853253639e-09	-3.37988853253639e-09
95.0610000085831	0.02	-0.02	4.54646820572196e-08	6.06922911747683e-09	-6.06922911747683e-09
95.1010000002384	0.02	-0.02	6.75729410019701e-08	1.1174301589164e-08	-1.1174301589164e-08
95.1409999918938	0.02	-0.02	6.50037571565934e-08	1.93141685947304e-08	-1.93141685947304e-08
95.1810000133514	0.02	-0.02	1.65803856497859e-07	3.66340792841749e-08	-3.66340792841749e-08
95.2210000050068	0.02	-0.02	4.15369607721567e-07	6.58220983029766e-08	-6.58220983029766e-08
95.2609999966621	0.02	-0.02	4.89324449062982e-07	9.61788552672625e-08	-9.61788552672625e-08
95.3009999883175	0.02	-0.02	1.34814972058172e-07	2.86210919129346e-08	-2.86210919129346e-08
95.3410000097752	0.02	-0.02	3.67782895139963e-08	8.21532513073059e-09	-8.21532513073059e-09
95.3810000014305	0.02	-0.02	3.60890415594159e-08	6.44749025649969e-09	-6.44749025649969e-09
95.4209999930859	0.02	-0.02	6.42174328230497e-08	1.04159415696645e-08	-1.04159415696645e-08
95.4610000145435	0.02	-0.02	1.26657017096945e-07	1.61355669208975e-08	-1.61355669208975e-08
95.5010000061989	0.02	-0.02	7.17926597673252e-08	1.67726352381331e-08	-1.67726352381331e-08
95.5409999978542	0.02	-0.02	7.59299411336763e-08	1.5607680200351e-08	-1.5607680200351e-08
95.5809999895096	0.02	-0.02	5.54177045222338e-08	1.39850477255495e-08	-1.39850477255495e-08
95.6210000109673	0.02	-0.02	6.43614476765189e-08	1.26298941594962e-08	-1.26298941594962e-08
95.6610000026226	0.02	-0.02	4.52277744616288e-08	1.13645978066493e-08	-1.13645978066493e-08
95.700999994278	0.02	-0.02	1.13877075365896e-07	1.71178664658577e-08	-1.71178664658577e-08
95.7410000157356	0.02	-0.02	8.70952044662695e-08	2.36336593440506e-08	-2.36336593440506e-08
95.781000007391	0.02	-0.02	2.08005659259123e-07	3.59929098745644e-08	-3.59929098745644e-08
95.8209999990463	0.02	-0.02	2.61734334899473e-07	5.66557713880585e-08	-5.66557713880585e-08
95.8609999907017	0.02	-0.02	3.02613563227167e-07	8.08340726761009e-08	-8.08340726761009e-08
95.9010000121593	0.02	-0.02	7.47600156909929e-07	1.1037046560268e-07	-1.1037046560268e-07
95.9410000038147	0.02	-0.02	4.22154551582184e-07	1.04857743482336e-07	-1.04857743482336e-07
95.98099999547	0.02	-0.02	5.85403896552442e-07	9.6993703870704e-08	-9.6993703870704e-08
96.0210000169277	0.02	-0.02	4.09090581351009e-07	7.87080156986229e-08	-7.87080156986229e-08
96.0610000085831	0.02	-0.02	4.70984408763927e-07	7.34136616979679e-08	-7.34136616979679e-08
96.1010000002384	0.02	-0.02	3.63163236281186e-07	5.34796735661161e-08	-5.34796735661161e-08
96.1409999918938	0.02	-0.02	1.91058559838118e-07	3.67264707556047e-08	-3.67264707556047e-08
96.1810000133514	0.02	-0.02	2.5812555116384e-07	3.51842239960118e-08	-3.51842239960118e-08
96.2210000050068	0.02	-0.02	1.81919836787057e-07	3.31019025712287e-08	-3.31019025712287e-08
96.2609999966621	0.02	-0.02	2.07502872489816e-07	3.57194055517009e-08	-3.57194055517009e-08
96.3009999883175	0.02	-0.02	1.8552050388096e-07	3.43319691967582e-08	-3.43319691967582e-08
96.3410000097752	0.02	-0.02	1.66093212936097e-07	3.224245922423e-08	-3.224245922423e-08
96.3810000014305	0.02	-0.02	1.13732203100506e-07	2.53111254227511e-08	-2.53111254227511e-08
96.4209999930859	0.02	-0.02	6.16678740378693e-08	1.87139910041017e-08	-1.87139910041017e-08
96.4610000145435	0.02	-0.02	8.46756851256514e-08	1.37423816920194e-08	-1.37423816920194e-08
96.5010000061989	0.02	-0.02	4.29261684426727e-08	1.25447100210641e-08	-1.25447100210641e-08
96.5409999978542	0.02	-0.02	1.03704110918135e-07	2.24318630776833e-08	-2.24318630776833e-08
96.5809999895096	0.02	-0.02	1.86502700292293e-07	4.27444605224032e-08	-4.27444605224032e-08
96.6210000109673	0.02	-0.02	5.01582927668923e-07	7.86397867544568e-08	-7.86397867544568e-08
96.6610000026226	0.02	-0.02	4.61244432114566e-07	1.24285383924604e-07	-1.24285383924604e-07
96.700999994278	0.02	-0.02	3.58969760651781e-07	7.27096080781609e-08	-7.27096080781609e-08
96.7410000157356	0.02	-0.02	3.5477882353999e-07	4.55904452179528e-08	-4.55904452179528e-08
96.781000007391	0.02	-0.02	1.49876941794742e-07	2.74895873887078e-08	-2.74895873887078e-08
96.8209999990463	0.02	-0.02	1.49460875268256e-07	2.95483960715609e-08	-2.95483960715609e-08
96.8609999907017	0.02	-0.02	1.24712391013994e-07	3.11665274925817e-08	-3.11665274925817e-08
96.9010000121593	0.02	-0.02	1.68166875315245e-07	2.87379634471921e-08	-2.87379634471921e-08
96.9410000038147	0.02	-0.02	1.20767673738305e-07	2.55353297200347e-08	-2.55353297200347e-08
96.98099999547	0.02	-0.02	8.64185683771286e-08	1.95056415523849e-08	-1.95056415523849e-08
97.0210000169277	0.02	-0.02	9.16335381501532e-08	1.70265030025041e-08	-1.70265030025041e-08
97.0810000044107	0.04	-0.04	4.67474215533565e-08	9.23590986564065e-09	-9.23590986564065e-09
97.1409999918938	0.02	-0.02	6.8536059823498e-08	1.06674018917712e-08	-1.06674018917712e-08
97.1810000133514	0.02	-0.02	1.00915591017224e-07	1.78262388963976e-08	-1.78262388963976e-08
97.2210000050068	0.02	-0.02	1.59636810807234e-07	2.49075703355641e-08	-2.49075703355641e-08
97.2609999966621	0.02	-0.02	2.27204691312222e-07	3.84998527695514e-08	-3.84998527695514e-08
97.3009999883175	0.02	-0.02	4.29878352288615e-07	7.1174778482633e-08	-7.1174778482633e-08
97.3410000097752	0.02	-0.02	6.68942233898646e-07	1.24892260607243e-07	-1.24892260607243e-07
97.3810000014305	0.02	-0.02	1.11261542123697e-06	2.12182900018424e-07	-2.12182900018424e-07
97.4209999930859	0.02	-0.02	9.39594163975418e-07	2.17176070902798e-07	-2.17176070902798e-07
97.4610000145435	0.02	-0.02	1.03369671840526e-06	2.22845721130069e-07	-2.22845721130069e-07
97.5010000061989	0.02	-0.02	1.52853558344181e-06	2.16074226152012e-07	-2.16074226152012e-07
97.5409999978542	0.02	-0.02	4.96727762508891e-07	1.14738187044897e-07	-1.14738187044897e-07
97.5809999895096	0.02	-0.02	3.53319164592009e-07	5.86981285684127e-08	-5.86981285684127e-08
97.6210000109673	0.02	-0.02	2.98165912743085e-07	4.77950119217824e-08	-4.77950119217824e-08
97.6610000026226	0.02	-0.02	2.88672827761942e-07	4.56718393946691e-08	-4.56718393946691e-08
97.700999994278	0.02	-0.02	2.16192353340017e-07	4.31903640672442e-08	-4.31903640672442e-08
97.7410000157356	0.02	-0.02	2.28096253041828e-07	4.31693703078671e-08	-4.31693703078671e-08
97.781000007391	0.02	-0.02	2.08525806291981e-07	4.24756161539817e-08	-4.24756161539817e-08
97.8209999990463	0.02	-0.02	1.84219386401926e-07	3.8570893035187e-08	-3.8570893035187e-08
97.8609999907017	0.02	-0.02	1.3449679969269e-07	3.16382883609274e-08	-3.16382883609274e-08
97.9010000121593	0.02	-0.02	2.02232805589888e-07	2.63264572053773e-08	-2.63264572053773e-08
97.9410000038147	0.02	-0.02	1.41473021394302e-07	2.2314188094927e-08	-2.2314188094927e-08
97.98099999547	0.02	-0.02	1.62338549416067e-07	1.93516746333511e-08	-1.93516746333511e-08
98.0210000169277	0.02	-0.02	8.39845574193173e-08	1.41725932536214e-08	-1.41725932536214e-08
98.0610000085831	0.02	-0.02	6.93303125612168e-08	1.14816041242812e-08	-1.14816041242812e-08
98.1010000002384	0.02	-0.02	7.14049184968865e-08	1.13047903990052e-08	-1.13047903990052e-08
98.1409999918938	0.02	-0.02	9.73712286645382e-08	1.35851996642424e-08	-1.35851996642424e-08
98.1810000133514	0.02	-0.02	1.04899047918526e-07	1.57201111393038e-08	-1.57201111393038e-08
98.2210000050068	0.02	-0.02	2.14628744163862e-07	3.38039786578653e-08	-3.38039786578653e-08
98.2609999966621	0.02	-0.02	6.16347338111871e-07	9.34385833598939e-08	-9.34385833598939e-08
98.3009999883175	0.02	-0.02	1.4011154976623e-06	1.92182012049071e-07	-1.92182012049071e-07
98.3410000097752	0.02	-0.02	3.95868503235513e-07	5.10667273398881e-08	-5.10667273398881e-08
98.3810000014305	0.02	-0.02	1.28772871316787e-07	1.62576266885529e-08	-1.62576266885529e-08
98.4209999930859	0.02	-0.02	9.06744908293343e-08	1.20751752574573e-08	-1.20751752574573e-08
98.4610000145435	0.02	-0.02	6.58132549016946e-08	9.36832995059926e-09	-9.36832995059926e-09
98.5010000061989	0.02	-0.02	1.06011796576431e-07	1.4490333639814e-08	-1.4490333639814e-08
98.5409999978542	0.02	-0.02	1.58958629463173e-07	2.10303313326881e-08	-2.10303313326881e-08
98.5809999895096	0.02	-0.02	1.79562363165304e-07	2.86941089286949e-08	-2.86941089286949e-08
98.6210000109673	0.02	-0.02	2.34859676267383e-07	4.10251129993987e-08	-4.10251129993987e-08
98.6610000026226	0.02	-0.02	3.80619033197e-07	4.69718116931618e-08	-4.69718116931618e-08
98.700999994278	0.02	-0.02	3.72420794374565e-07	6.07639944248409e-08	-6.07639944248409e-08
98.7410000157356	0.02	-0.02	6.18216377209724e-07	1.06238346806516e-07	-1.06238346806516e-07
98.781000007391	0.02	-0.02	1.24500628251811e-06	1.69374877428784e-07	-1.69374877428784e-07
98.8209999990463	0.02	-0.02	1.00694893261734e-06	1.29305899911861e-07	-1.29305899911861e-07
98.8609999907017	0.02	-0.02	7.00071240845916e-07	8.94820620668659e-08	-8.94820620668659e-08
98.9010000121593	0.02	-0.02	2.73193788064445e-07	3.47762985294064e-08	-3.47762985294064e-08
98.9410000038147	0.02	-0.02	8.49667272849008e-08	1.30325128286111e-08	-1.30325128286111e-08
98.98099999547	0.02	-0.02	1.37116907089962e-07	1.98542550865764e-08	-1.98542550865764e-08
99.0210000169277	0.02	-0.02	7.00800393063061e-07	7.46621930380681e-08	-7.46621930380681e-08
99.0610000085831	0.02	-0.02	3.34117127367882e-07	5.19564395965107e-08	-5.19564395965107e-08
99.1010000002384	0.02	-0.02	1.22407922735324e-07	1.53885660737307e-08	-1.53885660737307e-08
99.1409999918938	0.02	-0.02	3.85090420484927e-08	5.53268594459203e-09	-5.53268594459203e-09
99.1810000133514	0.02	-0.02	6.66458692314075e-08	9.11775441238757e-09	-9.11775441238757e-09
99.2210000050068	0.02	-0.02	8.87279235132652e-08	1.47692533896611e-08	-1.47692533896611e-08
99.2609999966621	0.02	-0.02	1.74862503724472e-07	2.21203607068264e-08	-2.21203607068264e-08
99.3009999883175	0.02	-0.02	1.37330608399281e-07	2.47209151921811e-08	-2.47209151921811e-08
99.3410000097752	0.02	-0.02	1.67432442323502e-07	2.63993157890278e-08	-2.63993157890278e-08
99.3810000014305	0.02	-0.02	1.69153821074957e-07	2.49952460079521e-08	-2.49952460079521e-08
99.4209999930859	0.02	-0.02	1.4548840570014e-07	2.25290676367186e-08	-2.25290676367186e-08
99.4610000145435	0.02	-0.02	1.12055895647968e-07	1.79491612396715e-08	-1.79491612396715e-08
99.5010000061989	0.02	-0.02	9.51745026967735e-08	1.45828064613442e-08	-1.45828064613442e-08
99.5409999978542	0.02	-0.02	2.04273539026612e-07	2.42087997668926e-08	-2.42087997668926e-08
99.5809999895096	0.02	-0.02	3.14034489339399e-07	4.18916821838069e-08	-4.18916821838069e-08
99.6210000109673	0.02	-0.02	2.79077028570565e-07	4.0894768483324e-08	-4.0894768483324e-08
99.6610000026226	0.02	-0.02	2.6531329395537e-07	4.20460344041576e-08	-4.20460344041576e-08
99.700999994278	0.02	-0.02	3.38809138940045e-07	5.42062498022406e-08	-5.42062498022406e-08
99.7410000157356	0.02	-0.02	4.34971417474223e-07	8.12621990071283e-08	-8.12621990071283e-08
99.781000007391	0.02	-0.02	5.85587475851073e-07	1.2684870585291e-07	-1.2684870585291e-07
99.8209999990463	0.02	-0.02	8.9525796381259e-07	1.3001009474953e-07	-1.3001009474953e-07
99.8609999907017	0.02	-0.02	5.81048532278596e-07	9.25553603315028e-08	-9.25553603315028e-08
99.9010000121593	0.02	-0.02	4.97270321498493e-07	6.89188568915778e-08	-6.89188568915778e-08
99.9410000038147	0.02	-0.02	2.28229018061716e-07	3.38536445691047e-08	-3.38536445691047e-08
99.98099999547	0.02	-0.02	1.53852890727814e-07	2.43137027846732e-08	-2.43137027846732e-08
100.021000016928	0.02	-0.02	4.7703919543777e-07	7.09593873554579e-08	-7.09593873554579e-08
100.061000008583	0.02	-0.02	1.19544848182523e-06	2.07693914736308e-07	-2.07693914736308e-07
100.101000000238	0.02	-0.02	1.47844058161995e-06	2.25190735642448e-07	-2.25190735642448e-07
100.140999991894	0.02	-0.02	3.95839838251465e-07	9.77836547597832e-08	-9.77836547597832e-08
100.181000013351	0.02	-0.02	3.54988802297198e-07	4.9857295287716e-08	-4.9857295287716e-08
100.221000005007	0.02	-0.02	1.69116691399317e-07	3.35340004288429e-08	-3.35340004288429e-08
100.260999996662	0.02	-0.02	1.5728065937337e-07	2.83238254797233e-08	-2.83238254797233e-08
100.300999988317	0.02	-0.02	1.14304477845232e-07	2.28437976079256e-08	-2.28437976079256e-08
100.341000009775	0.02	-0.02	2.61178447417988e-07	4.11838477251914e-08	-4.11838477251914e-08
100.381000001431	0.02	-0.02	5.89807402243017e-07	1.1367317842769e-07	-1.1367317842769e-07
100.420999993086	0.02	-0.02	1.99948460636451e-06	3.32323679802679e-07	-3.32323679802679e-07
100.461000014544	0.02	-0.02	1.94665485839424e-06	2.95811796392817e-07	-2.95811796392817e-07
100.501000006199	0.02	-0.02	8.11414659873461e-07	1.27668194445721e-07	-1.27668194445721e-07
100.540999997854	0.02	-0.02	3.45228308956084e-07	5.64142933787649e-08	-5.64142933787649e-08
100.58099998951	0.02	-0.02	1.59698743270865e-07	2.60778666296258e-08	-2.60778666296258e-08
100.621000010967	0.02	-0.02	1.00434098575615e-07	1.4605387420784e-08	-1.4605387420784e-08
100.661000002623	0.02	-0.02	1.03813325525106e-07	1.80034831855677e-08	-1.80034831855677e-08
100.700999994278	0.02	-0.02	1.29652068952408e-07	1.89234033548156e-08	-1.89234033548156e-08
100.741000015736	0.02	-0.02	8.24015191416891e-08	1.09249999380792e-08	-1.09249999380792e-08
100.781000007391	0.02	-0.02	4.52063652149107e-08	6.6933352548318e-09	-6.6933352548318e-09
100.840999994874	0.04	-0.04	1.89720540438782e-08	4.07029394610316e-09	-4.07029394610316e-09
100.901000012159	0.02	-0.02	8.34986071345157e-08	1.43860168725214e-08	-1.43860168725214e-08
100.941000003815	0.02	-0.02	1.35618817430105e-07	2.56615526985009e-08	-2.56615526985009e-08
100.98099999547	0.02	-0.02	1.33187989346878e-07	4.12303990252547e-08	-4.12303990252547e-08
101.021000016928	0.02	-0.02	1.06582462049928e-07	2.02189566546902e-08	-2.02189566546902e-08
101.061000008583	0.02	-0.02	4.25966973917675e-08	1.01975605472829e-08	-1.01975605472829e-08
101.101000000238	0.02	-0.02	1.99996577803031e-08	5.13239170513295e-09	-5.13239170513295e-09
101.140999991894	0.02	-0.02	1.62135935370359e-08	3.20360099354773e-09	-3.20360099354773e-09
101.181000013351	0.02	-0.02	5.27246061875654e-08	9.79775047070643e-09	-9.79775047070643e-09
101.221000005007	0.02	-0.02	1.4036335650549e-07	3.25193487654541e-08	-3.25193487654541e-08
101.260999996662	0.02	-0.02	6.56923329933234e-07	1.08652823913262e-07	-1.08652823913262e-07
101.300999988317	0.02	-0.02	5.17900651390974e-07	1.16215186084441e-07	-1.16215186084441e-07
101.341000009775	0.02	-0.02	2.44149956206232e-07	6.28962816878835e-08	-6.28962816878835e-08
101.381000001431	0.02	-0.02	2.57559681626163e-07	3.4150311581534e-08	-3.4150311581534e-08
101.420999993086	0.02	-0.02	1.38971376223348e-07	3.12589533761188e-08	-3.12589533761188e-08
101.461000014544	0.02	-0.02	1.92758521971768e-07	3.72074238059234e-08	-3.72074238059234e-08
101.501000006199	0.02	-0.02	2.61572437942068e-07	4.64964473673683e-08	-4.64964473673683e-08
101.540999997854	0.02	-0.02	3.45791144145437e-07	5.51034471994845e-08	-5.51034471994845e-08
101.58099998951	0.02	-0.02	1.64498801002825e-07	5.70331296162829e-08	-5.70331296162829e-08
101.621000010967	0.02	-0.02	3.05088753723017e-07	5.69985133848374e-08	-5.69985133848374e-08
101.661000002623	0.02	-0.02	2.54410699149335e-07	5.70745774465934e-08	-5.70745774465934e-08
101.700999994278	0.02	-0.02	2.93989764827211e-07	5.52563786574238e-08	-5.52563786574238e-08
101.741000015736	0.02	-0.02	8.75688173081837e-08	2.79756103045626e-08	-2.79756103045626e-08
101.781000007391	0.02	-0.02	8.51479752856358e-08	1.55775878698889e-08	-1.55775878698889e-08
101.820999999046	0.02	-0.02	5.93973084962146e-08	9.15953334350733e-09	-9.15953334350733e-09
101.860999990702	0.02	-0.02	2.89089415914509e-08	5.66532805015092e-09	-5.66532805015092e-09
101.901000012159	0.02	-0.02	3.71188294982571e-08	9.15307530134072e-09	-9.15307530134072e-09
101.941000003815	0.02	-0.02	8.91034186817267e-08	1.57455487050414e-08	-1.57455487050414e-08
101.98099999547	0.02	-0.02	1.35831987553042e-07	2.5576681586478e-08	-2.5576681586478e-08
102.021000016928	0.02	-0.02	2.07701178003373e-07	4.20171942605578e-08	-4.20171942605578e-08
102.061000008583	0.02	-0.02	1.56832101482362e-07	3.26794218852947e-08	-3.26794218852947e-08
102.101000000238	0.02	-0.02	1.69593818795669e-07	2.97328367628204e-08	-2.97328367628204e-08
102.140999991894	0.02	-0.02	1.05018334156462e-07	2.3801508406531e-08	-2.3801508406531e-08
102.181000013351	0.02	-0.02	1.27723513629047e-07	2.18362338051942e-08	-2.18362338051942e-08
102.221000005007	0.02	-0.02	8.58272218350321e-08	1.85317991676368e-08	-1.85317991676368e-08
102.260999996662	0.02	-0.02	5.90731196508201e-08	1.42759216905884e-08	-1.42759216905884e-08
102.300999988317	0.02	-0.02	7.9085855592388e-08	1.35592803601708e-08	-1.35592803601708e-08
102.341000009775	0.02	-0.02	4.44104639143899e-08	1.07363959675714e-08	-1.07363959675714e-08
102.381000001431	0.02	-0.02	4.84428637702338e-08	9.17422435256506e-09	-9.17422435256506e-09
102.420999993086	0.02	-0.02	4.93642866075462e-08	1.143027109868e-08	-1.143027109868e-08
102.461000014544	0.02	-0.02	8.14233348097152e-08	1.99775802762366e-08	-1.99775802762366e-08
102.501000006199	0.02	-0.02	1.71366612303016e-07	3.36251006937974e-08	-3.36251006937974e-08
102.540999997854	0.02	-0.02	2.9491084965006e-07	5.45764387134949e-08	-5.45764387134949e-08
102.58099998951	0.02	-0.02	4.0957567098121e-07	9.19899606657229e-08	-9.19899606657229e-08
102.621000010967	0.02	-0.02	5.6146527556363e-07	1.00474825545681e-07	-1.00474825545681e-07
102.68099999845	0.04	-0.04	2.82324514675398e-07	5.24740730923495e-08	-5.24740730923495e-08
102.741000015736	0.02	-0.02	2.8412002713245e-07	5.65737242065563e-08	-5.65737242065563e-08
102.781000007391	0.02	-0.02	2.40246599910635e-07	7.30837960872754e-08	-7.30837960872754e-08
102.820999999046	0.02	-0.02	7.53516296334584e-07	1.47121918021005e-07	-1.47121918021005e-07
102.860999990702	0.02	-0.02	8.59390934108445e-07	2.69813476608081e-07	-2.69813476608081e-07
102.901000012159	0.02	-0.02	2.41886961608347e-06	5.11839213521106e-07	-5.11839213521106e-07
102.941000003815	0.02	-0.02	4.14493440786137e-06	9.33654906472144e-07	-9.33654906472144e-07
102.98099999547	0.02	-0.02	6.75016391862151e-06	1.49045601127784e-06	-1.49045601127784e-06
103.021000016928	0.02	-0.02	2.68385481698594e-06	5.98450252282565e-07	-5.98450252282565e-07
103.061000008583	0.02	-0.02	1.20948729348217e-06	2.64751421512836e-07	-2.64751421512836e-07
103.101000000238	0.02	-0.02	4.31332625266914e-07	1.15477197541755e-07	-1.15477197541755e-07
103.140999991894	0.02	-0.02	2.29686359992214e-07	4.59121721086893e-08	-4.59121721086893e-08
103.181000013351	0.02	-0.02	8.93026469994558e-08	2.06531507309247e-08	-2.06531507309247e-08
103.241000000834	0.04	-0.04	3.90009654271743e-08	7.44883686638452e-09	-7.44883686638452e-09
103.320999999046	0.04	-0.04	5.19527146403326e-08	1.04554513290392e-08	-1.04554513290392e-08
103.381000001431	0.02	-0.02	7.77564373836867e-08	1.87640944114928e-08	-1.87640944114928e-08
103.420999993086	0.02	-0.02	1.0513277524159e-07	2.05834136991832e-08	-2.05834136991832e-08
103.461000014544	0.02	-0.02	1.24088141150371e-07	2.54951082555769e-08	-2.54951082555769e-08
103.501000006199	0.02	-0.02	8.10508591829663e-08	3.23991579511684e-08	-3.23991579511684e-08
103.540999997854	0.02	-0.02	1.58741857858919e-07	3.75192967777394e-08	-3.75192967777394e-08
103.58099998951	0.02	-0.02	2.32265160396284e-07	4.95588967633977e-08	-4.95588967633977e-08
103.641000006795	0.04	-0.04	1.68888441526099e-07	4.97703845103348e-08	-4.97703845103348e-08
103.721000005007	0.04	-0.04	3.24054397082673e-07	6.46332273383569e-08	-6.46332273383569e-08
103.801000003219	0.04	-0.04	2.34746821537311e-07	4.80006720753737e-08	-4.80006720753737e-08
103.901000002225	0.06	-0.06	1.14465489041928e-07	2.57563955054713e-08	-2.57563955054713e-08
103.98099999547	0.02	-0.02	1.60808235547528e-07	3.27833809783486e-08	-3.27833809783486e-08
104.021000016928	0.02	-0.02	9.13126313717577e-08	2.73694923126705e-08	-2.73694923126705e-08
104.061000008583	0.02	-0.02	1.02171360918933e-07	2.37121813669718e-08	-2.37121813669718e-08
104.101000000238	0.02	-0.02	1.33504313228252e-07	2.03838599011192e-08	-2.03838599011192e-08
104.181000003417	0.06	-0.06	5.47894129470943e-08	9.39001033899567e-09	-9.39001033899567e-09
104.260999996662	0.02	-0.02	7.829582355211e-08	1.67462496129527e-08	-1.67462496129527e-08
104.320999999046	0.04	-0.04	5.1303961837176e-08	1.29482902195475e-08	-1.29482902195475e-08
104.381000001431	0.02	-0.02	9.50390243243028e-08	1.95942464246409e-08	-1.95942464246409e-08
104.461000014544	0.02	-0.02	1.11204774272866e-07	2.26519972489738e-08	-2.26519972489738e-08
104.521000002027	0.04	-0.04	7.96129652946852e-08	1.78455717672508e-08	-1.78455717672508e-08
104.58099998951	0.02	-0.02	1.41145296821971e-07	3.02082338098542e-08	-3.02082338098542e-08
104.661000002623	0.02	-0.02	1.89720512024033e-07	3.78087018301017e-08	-3.78087018301017e-08
104.741000005802	0.06	-0.06	1.3909485765735e-07	2.64904124838052e-08	-2.64904124838052e-08
104.820999999046	0.02	-0.02	2.32486054604892e-07	3.84650399246472e-08	-3.84650399246472e-08
104.921000000536	0.08	-0.08	7.03162550097045e-08	1.28457645595765e-08	-1.28457645595765e-08
105.041000012755	0.04	-0.04	4.72705641181258e-08	1.16302294370037e-08	-1.16302294370037e-08
105.101000000238	0.02	-0.02	5.38040967043827e-08	1.28071137533961e-08	-1.28071137533961e-08
105.161000002623	0.04	-0.04	1.84854970105133e-08	6.87598848636534e-09	-6.87598848636534e-09
105.241000000834	0.04	-0.04	3.2793953411557e-08	7.80565219447096e-09	-7.80565219447096e-09
105.320999999046	0.04	-0.04	4.33204758143466e-08	9.05529803495291e-09	-9.05529803495291e-09
105.400999997258	0.04	-0.04	4.6135658576739e-08	1.04655521966269e-08	-1.04655521966269e-08
105.481000010371	0.04	-0.04	4.26376778513466e-08	1.15877928834717e-08	-1.15877928834717e-08
105.560999993682	0.04	-0.04	7.01149659957738e-08	1.42524908608658e-08	-1.42524908608658e-08
105.621000010967	0.02	-0.02	8.35774032171246e-08	2.06644971253735e-08	-2.06644971253735e-08
105.68099999845	0.04	-0.04	7.14494474896661e-08	1.62832623753804e-08	-1.62832623753804e-08
105.801000003219	0.08	-0.08	5.9304803645622e-08	1.2047995342822e-08	-1.2047995342822e-08
105.921000007987	0.04	-0.04	8.51521978017846e-08	1.82843385635598e-08	-1.82843385635598e-08
106.001000006199	0.04	-0.04	7.84384271088424e-08	2.00599693966354e-08	-2.00599693966354e-08
106.081000004411	0.04	-0.04	8.40789093657588e-08	1.84764661592537e-08	-1.84764661592537e-08
106.161000002623	0.04	-0.04	5.67172165105319e-08	1.7100669596792e-08	-1.7100669596792e-08
106.241000000834	0.04	-0.04	6.64912891142418e-08	1.6103010535424e-08	-1.6103010535424e-08
106.340999999841	0.06	-0.06	5.10973505118777e-08	1.15643224785399e-08	-1.15643224785399e-08
106.461000004609	0.06	-0.06	3.629980762742e-08	9.61702897465244e-09	-9.61702897465244e-09
106.580999999444	0.06	-0.06	3.56929606783449e-08	8.70419300090858e-09	-8.70419300090858e-09
106.741000003815	0.1	-0.1	2.81979907862674e-08	5.51292459786972e-09	-5.51292459786972e-09
106.881000001431	0.04	-0.04	2.95459672689578e-08	6.67165830614152e-09	-6.67165830614152e-09
107.001000006199	0.08	-0.08	9.59926961855343e-09	4.16750916755719e-09	-4.16750916755719e-09
107.141000001828	0.06	-0.06	2.17898356431767e-08	3.83811307648666e-09	-3.83811307648666e-09
107.221000005007	0.02	-0.02	2.61005880873776e-08	6.3668882019411e-09	-6.3668882019411e-09
107.320999999046	0.08	-0.08	1.4372656268599e-08	3.14355883491065e-09	-3.14355883491065e-09
107.481000002921	0.08	-0.08	2.39540315044226e-08	6.61661153644379e-09	-6.61661153644379e-09
107.601000000238	0.04	-0.04	8.05862131651456e-08	1.6777679543205e-08	-1.6777679543205e-08
107.721000005007	0.08	-0.08	8.28353176273581e-08	2.11273393216954e-08	-2.11273393216954e-08
107.840999994874	0.04	-0.04	2.11500498871275e-07	5.15306700073448e-08	-5.15306700073448e-08
107.921000007987	0.04	-0.04	1.83121242941583e-07	6.26552445579335e-08	-6.26552445579335e-08
107.98099999547	0.02	-0.02	3.44257947439284e-07	7.39744046379327e-08	-7.39744046379327e-08
108.081000004411	0.08	-0.08	1.33636520762257e-07	2.79378235211691e-08	-2.79378235211691e-08
108.241000000834	0.08	-0.08	5.01439874548773e-08	1.66427428940803e-08	-1.66427428940803e-08
108.401000004709	0.08	-0.08	5.47166425551335e-08	1.16272118435667e-08	-1.16272118435667e-08
108.521000002027	0.04	-0.04	7.83641274582286e-08	1.88282973948932e-08	-1.88282973948932e-08
108.601000000238	0.04	-0.04	8.61801899398454e-08	2.14111533021398e-08	-2.14111533021398e-08
108.701000004212	0.06	-0.06	9.50153899940065e-08	1.87549436977674e-08	-1.87549436977674e-08
108.820999999046	0.06	-0.06	6.43761917497083e-08	2.18390235961895e-08	-2.18390235961895e-08
108.921000007987	0.04	-0.04	1.2971212373572e-07	3.12989547328024e-08	-3.12989547328024e-08
109.041000005305	0.08	-0.08	1.12563923344446e-07	2.54032050163985e-08	-2.54032050163985e-08
109.201000001729	0.08	-0.08	8.24202660517421e-08	2.93823898458685e-08	-2.93823898458685e-08
109.320999999046	0.04	-0.04	2.08814673700796e-07	5.01004378366234e-08	-5.01004378366234e-08
109.541000001166	0.18	-0.18	1.25879996680479e-07	2.50081191286554e-08	-2.50081191286554e-08
109.821000005007	0.1	-0.1	1.65753737877297e-07	3.7614086741939e-08	-3.7614086741939e-08
109.960999999642	0.04	-0.04	2.59924911361311e-07	6.29251793894256e-08	-6.29251793894256e-08
110.081000004411	0.08	-0.08	1.17367195931447e-07	3.71373904767537e-08	-3.71373904767537e-08
110.181000013351	0.02	-0.02	2.6399599927835e-07	6.17973804092512e-08	-6.17973804092512e-08
110.260999996662	0.06	-0.06	1.29602629084007e-07	3.23067234255683e-08	-3.23067234255683e-08
110.401000004709	0.08	-0.08	1.04834816709468e-07	2.29111342746519e-08	-2.29111342746519e-08
110.64100000307	0.16	-0.16	4.42450567140312e-08	1.12186984802694e-08	-1.12186984802694e-08
110.981000002093	0.18	-0.18	2.70263360501093e-08	6.65058875872056e-09	-6.65058875872056e-09
111.221000005007	0.06	-0.06	5.95063953102032e-08	1.37647326340931e-08	-1.37647326340931e-08
111.340999999841	0.06	-0.06	6.84608897918667e-08	1.56758197822027e-08	-1.56758197822027e-08
111.581000002755	0.18	-0.18	3.60828765438055e-08	1.14633750106931e-08	-1.14633750106931e-08
111.941000003815	0.18	-0.18	7.60902465463246e-08	1.74967625856338e-08	-1.74967625856338e-08
112.301000001563	0.18	-0.18	1.04529988302117e-07	2.59610875286761e-08	-2.59610875286761e-08
112.661000002623	0.18	-0.18	1.04211253036724e-07	2.87091582988247e-08	-2.87091582988247e-08
112.961000004609	0.12	-0.12	1.3450047348229e-07	3.15335248832779e-08	-3.15335248832779e-08
113.381000001431	0.3	-0.3	7.81635729181143e-08	1.71723302586792e-08	-1.71723302586792e-08
113.741000005802	0.06	-0.06	1.73996755925952e-07	3.41242782515795e-08	-3.41242782515795e-08
114.041000002821	0.24	-0.24	7.57729699694946e-08	1.50893467245929e-08	-1.50893467245929e-08
114.360999998152	0.08	-0.08	9.0494989093681e-08	2.174884292532e-08	-2.174884292532e-08
114.641000003815	0.2	-0.2	4.82372026697585e-08	1.20346852679885e-08	-1.20346852679885e-08
115.041000003815	0.2	-0.2	2.05995063919886e-08	9.22464626484331e-09	-9.22464626484331e-09
115.320999999046	0.08	-0.08	5.33329975368791e-08	1.27960017279608e-08	-1.27960017279608e-08
115.761000001629	0.12	-0.12	3.26579176975327e-08	8.0478206993403e-09	-8.0478206993403e-09
116.161000002623	0.28	-0.28	2.07515385499012e-08	4.54769455255597e-09	-4.54769455255597e-09
116.581000002282	0.14	-0.14	2.78439776270433e-08	6.77932837739329e-09	-6.77932837739329e-09
116.921000005007	0.2	-0.2	1.87838164824627e-08	5.82940034686155e-09	-5.82940034686155e-09
117.321000002027	0.2	-0.2	2.54680195668065e-08	6.06028343372329e-09	-6.06028343372329e-09
118.121000002027	0.6	-0.6	1.64529219668353e-08	3.90279631107041e-09	-3.90279631107041e-09
118.781000007391	0.06	-0.06	6.02498766678332e-08	1.38086268723955e-08	-1.38086268723955e-08
119.081000001927	0.24	-0.24	2.17659563368211e-08	7.03461247457097e-09	-7.03461247457097e-09
119.401000004709	0.08	-0.08	6.02078971723687e-08	1.44967089203397e-08	-1.44967089203397e-08
119.801000003219	0.32	-0.32	2.00218113702963e-08	8.70240614066118e-09	-8.70240614066118e-09
120.461000002272	0.34	-0.34	5.02812295646649e-08	1.21857379720861e-08	-1.21857379720861e-08
121.021000003381	0.22	-0.22	8.79728513696337e-08	2.00791287873508e-08	-2.00791287873508e-08
121.461000000997	0.22	-0.22	7.61396598692252e-08	2.49704760092376e-08	-2.49704760092376e-08
121.781000001431	0.1	-0.1	1.78437986958252e-07	4.42573567487309e-08	-4.42573567487309e-08
122.241000000834	0.12	-0.12	1.93122806501221e-07	4.50546996010397e-08	-4.50546996010397e-08
122.641000002537	0.28	-0.28	6.76346304061449e-08	2.89295154718787e-08	-2.89295154718787e-08
122.960999999642	0.04	-0.04	3.06228518161285e-07	7.54329606161644e-08	-7.54329606161644e-08
123.401000003219	0.4	-0.4	7.58941594319107e-08	2.32265497761392e-08	-2.32265497761392e-08
123.881000001431	0.08	-0.08	2.19715453253336e-07	4.93536050796316e-08	-4.93536050796316e-08
124.801000002509	0.84	-0.84	7.07170618376456e-08	1.49250956928828e-08	-1.49250956928828e-08
125.761000001629	0.12	-0.12	1.69450524808328e-07	3.80818612252248e-08	-3.80818612252248e-08
126.641000002874	0.76	-0.76	6.64336604103347e-08	1.40267971009152e-08	-1.40267971009152e-08
127.441000003815	0.04	-0.04	2.40933184978691e-07	5.96377771322906e-08	-5.96377771322906e-08
128.281000002921	0.8	-0.8	5.41926077788678e-08	1.26106837201458e-08	-1.26106837201458e-08
129.161000002623	0.08	-0.08	1.5333324715e-07	3.82275265400679e-08	-3.82275265400679e-08
130.321000002358	1.08	-1.08	5.01501352188529e-08	9.87858718932386e-09	-9.87858718932386e-09
131.761000003285	0.36	-0.36	6.46277926465808e-08	1.60770237129226e-08	-1.60770237129226e-08
134.401000002487	2.28	-2.28	2.07652212703158e-08	5.64064255345984e-09	-5.64064255345984e-09
136.801000003219	0.12	-0.12	8.86416806665411e-08	2.12095530125262e-08	-2.12095530125262e-08
137.841000002649	0.92	-0.92	2.55695139858691e-08	7.48059379020298e-09	-7.48059379020298e-09
139.681000002338	0.92	-0.92	3.05436330120567e-08	6.84499691536216e-09	-6.84499691536216e-09
141.561000002995	0.960000000000001	-0.960000000000001	2.54639052772886e-08	6.15710652611838e-09	-6.15710652611838e-09
142.721000002027	0.2	-0.2	5.30825395300918e-08	1.29427121990153e-08	-1.29427121990153e-08
144.521000002772	1.6	-1.6	1.85838087226027e-08	4.30548713231024e-09	-4.30548713231024e-09
147.721000002399	1.6	-1.6	1.69172845093073e-08	3.85838639525479e-09	-3.85838639525479e-09
150.921000002772	1.6	-1.6	1.467347555463e-08	3.49558603467661e-09	-3.49558603467661e-09
160.521000002621	7.99999999999992	-7.99999999999992	5.63814651624274e-09	1.14530565013971e-09	-1.14530565013971e-09
170.121000002399	1.6	-1.6	7.55234266577748e-09	1.88434619516331e-09	-1.88434619516331e-09

## XRT - xrtwtflux
157.303	0.239	-0.265	9.7298678229474e-09	1.17672020836442e-09	-1.17632745444694e-09
157.769	0.285	-0.227	9.27306947636559e-09	1.12833891316252e-09	-1.12796454523553e-09
158.293	0.266	-0.239	9.38435351271626e-09	1.13175868724685e-09	-1.13137981203434e-09
158.879	0.275	-0.319	7.65048674922348e-09	9.52142426318188e-10	-9.51839038854855e-10
159.450	0.255	-0.297	8.31953369736057e-09	1.0182009069309e-09	-1.01786233944058e-09
159.992	0.272	-0.287	8.22319497434479e-09	1.00640661485648e-09	-1.00607305837535e-09
160.543	0.250	-0.279	8.87029141606896e-09	1.07761501572608e-09	-1.07725250827799e-09
161.077	0.270	-0.285	8.13677846339256e-09	1.02986540648069e-09	-1.02955422938899e-09
161.595	0.279	-0.248	9.28180834631825e-09	1.11307910787134e-09	-1.112712628296e-09
162.238	0.287	-0.364	7.02609730262303e-09	8.59807904594886e-10	-8.59536764903022e-10
162.813	0.331	-0.288	7.38632726658461e-09	9.03879773877056e-10	-9.03596183480378e-10
163.407	0.303	-0.263	8.00365690860881e-09	9.95954516187367e-10	-9.95659519461186e-10
164.022	0.376	-0.312	6.62499755737886e-09	8.24383137647302e-10	-8.24141542294782e-10
164.754	0.341	-0.356	6.67752824164466e-09	8.17057982661598e-10	-8.16814890063641e-10
165.402	0.276	-0.306	7.99921142538822e-09	9.95334511810038e-10	-9.9505044671612e-10
166.011	0.329	-0.333	4.83070915848698e-09	7.20864731279774e-10	-7.20722118972998e-10
166.619	0.273	-0.28	6.13479591149456e-09	8.86439793647014e-10	-8.86255692456551e-10
167.219	0.367	-0.327	6.58734168198357e-09	8.33572079947628e-10	-8.33349614125854e-10
167.926	0.419	-0.339	5.92176684273327e-09	7.49310778301924e-10	-7.49116855097358e-10
168.638	0.299	-0.294	7.70488034863867e-09	9.42602027225027e-10	-9.42348156694978e-10
169.290	0.362	-0.353	5.97539645532905e-09	7.95908121055914e-10	-7.95725988994624e-10
169.982	0.302	-0.329	7.22986217237994e-09	8.92644877160799e-10	-8.92405463246964e-10
170.662	0.286	-0.378	6.88983283815017e-09	8.50637768625149e-10	-8.50413667403742e-10
171.283	0.317	-0.336	6.90234477956599e-09	8.5867401011601e-10	-8.58457595720402e-10
171.938	0.366	-0.338	6.46967460852236e-09	7.91452042808104e-10	-7.91245401130311e-10
172.614	0.274	-0.309	7.80432497062297e-09	9.70880270159404e-10	-9.70636667106735e-10
173.188	0.331	-0.3	7.33283317580319e-09	9.27752854962626e-10	-9.27530856346097e-10
173.831	0.316	-0.311	7.73550201672978e-09	9.46288276710972e-10	-9.46043124142286e-10
174.512	0.237	-0.366	7.75268487519718e-09	9.48416595867997e-10	-9.48166404101449e-10
174.965	0.310	-0.215	9.81328790954041e-09	1.14417447348867e-09	-1.14384425829643e-09
175.569	0.285	-0.295	7.90906817097943e-09	9.67537473718609e-10	-9.67284163961711e-10
176.148	0.232	-0.294	8.60782473991674e-09	1.07083377477321e-09	-1.07056590926842e-09
176.669	0.251	-0.288	8.23495954124304e-09	1.05975209062993e-09	-1.05950752722686e-09
177.194	0.236	-0.275	9.23940237726328e-09	1.14200859839444e-09	-1.14172903528596e-09
177.703	0.291	-0.273	8.07555781841169e-09	1.00458744875673e-09	-1.0043414029407e-09
178.327	0.336	-0.333	6.79263295203052e-09	8.59396738192951e-10	-8.59192849961317e-10
178.906	0.284	-0.243	8.77990112847171e-09	1.09220803249956e-09	-1.09193995731328e-09
179.471	0.254	-0.281	8.59598135759287e-09	1.08755768833718e-09	-1.08729842035893e-09
179.992	0.273	-0.266	8.7061132803199e-09	1.0830339027713e-09	-1.08276728014938e-09
180.577	0.251	-0.313	8.34899345474941e-09	1.03858575128678e-09	-1.03833416642967e-09
181.069	0.268	-0.24	9.79813878764135e-09	1.17268743649473e-09	-1.17237484945625e-09
181.652	0.246	-0.314	8.49886998501316e-09	1.05727435579136e-09	-1.05701058533105e-09
182.183	0.289	-0.285	8.32939523079686e-09	1.05384543797868e-09	-1.05359159842935e-09
182.710	0.272	-0.237	9.67256857154239e-09	1.20328123000811e-09	-1.20298179681846e-09
183.286	0.330	-0.305	7.53552179879792e-09	9.37407007778559e-10	-9.3717741479235e-10
183.980	0.279	-0.364	7.20659349497587e-09	8.96490165592718e-10	-8.96269944603101e-10
184.630	0.317	-0.372	7.00077783139276e-09	8.56366155859786e-10	-8.5615195025324e-10
185.285	0.305	-0.338	7.58221126138027e-09	9.59281510815833e-10	-9.59055298578131e-10
185.939	0.294	-0.35	7.53254244231776e-09	9.37036980906606e-10	-9.36807420399183e-10
186.575	0.311	-0.342	7.23062693042584e-09	8.99495194860815e-10	-8.99271784888429e-10
187.161	0.262	-0.275	5.90229816969704e-09	8.80623071041215e-10	-8.80473274477055e-10
187.786	0.363	-0.362	6.43222247529718e-09	8.00146151958218e-10	-7.99951924932651e-10
188.483	0.311	-0.333	7.23493747501874e-09	9.00007242949632e-10	-8.9978796625944e-10
189.056	0.287	-0.263	5.7316679137707e-09	8.55163379505293e-10	-8.55017717841009e-10
189.717	0.403	-0.374	5.87442993927806e-09	7.43234255810869e-10	-7.43056038580845e-10
190.511	0.380	-0.39	5.98911283747783e-09	7.70717163849676e-10	-7.70542261398386e-10
191.159	0.300	-0.268	5.47528936023358e-09	8.59096510119873e-10	-8.58965463814659e-10
191.702	0.281	-0.244	9.50616066682699e-09	1.13776644427526e-09	-1.13745964439314e-09
192.308	0.249	-0.324	5.64253999789103e-09	8.41889924790548e-10	-8.41742420458391e-10
192.875	0.338	-0.318	6.18718604570146e-09	8.27733389377209e-10	-8.27550170282895e-10
193.559	0.397	-0.347	6.41865292910272e-09	7.98490316787125e-10	-7.98291452648494e-10
194.217	0.316	-0.261	5.4205294372558e-09	8.29293044503302e-10	-8.29154559922775e-10
194.821	0.286	-0.288	5.37900219122032e-09	8.22940730713311e-10	-8.22803126561142e-10
195.462	0.345	-0.354	5.83123035613455e-09	7.74708488684961e-10	-7.74535135965328e-10
196.079	0.307	-0.273	5.45086032421061e-09	8.13318984968512e-10	-8.13172306145179e-10
196.700	0.331	-0.313	4.9286025719957e-09	7.35390894131699e-10	-7.35258777821934e-10
197.395	0.383	-0.364	6.33004930577793e-09	7.7441706058447e-10	-7.7420719540738e-10
198.087	0.294	-0.309	5.14371285458884e-09	7.86969846780714e-10	-7.86833552807075e-10
198.723	0.295	-0.342	4.87059391131608e-09	7.4518526693743e-10	-7.45056214341827e-10
199.363	0.450	-0.345	4.00693082004852e-09	5.97890872664558e-10	-5.97779688883809e-10
200.118	0.358	-0.304	4.77138002887713e-09	7.1194175148898e-10	-7.11812129092944e-10
200.892	0.376	-0.417	3.91261949066183e-09	5.83807761372724e-10	-5.83700896224936e-10
201.546	0.276	-0.278	5.53672696018372e-09	8.26159620545241e-10	-8.2600572648182e-10
202.228	0.426	-0.406	3.61172142878873e-09	5.52589371254355e-10	-5.52492479077389e-10
203.032	0.304	-0.377	4.4102793194225e-09	6.74756131061049e-10	-6.74639507445366e-10
203.671	0.293	-0.335	4.92784875284562e-09	7.35287417009376e-10	-7.35153731137708e-10
204.289	0.274	-0.325	5.22217318633013e-09	7.79223815949669e-10	-7.79078161490667e-10
204.856	0.284	-0.292	5.44332040178287e-09	8.12223604295912e-10	-8.12072118098817e-10
205.480	0.504	-0.34	3.65324896491688e-09	5.58952782031176e-10	-5.58853210780209e-10
206.317	0.438	-0.334	3.83227844852324e-09	6.16916267383826e-10	-6.16817271076294e-10
207.095	0.374	-0.339	4.28613682352767e-09	6.55775978261124e-10	-6.55660961872954e-10
207.918	0.385	-0.449	3.73636499998355e-09	5.57536792682954e-10	-5.57430151105381e-10
208.779	0.473	-0.476	3.24135738959145e-09	4.95957939983231e-10	-4.95865510855242e-10
209.887	0.434	-0.635	2.77006439924803e-09	4.45940353169725e-10	-4.45865639712551e-10
210.723	0.374	-0.402	3.8857644960242e-09	6.09783516183574e-10	-6.0967520531154e-10
211.495	0.425	-0.399	3.79538153820005e-09	5.66383787815019e-10	-5.66268938924036e-10
212.322	0.422	-0.402	3.80796007564009e-09	5.82672746199286e-10	-5.82561018764879e-10
213.125	0.426	-0.381	4.019532264777e-09	5.99831947584547e-10	-5.99710592986921e-10
214.102	0.496	-0.55	3.04170169618078e-09	4.53926473691564e-10	-4.53832133139356e-10
215.100	0.409	-0.502	3.42552860634997e-09	5.11216048808094e-10	-5.11108284992938e-10
215.971	0.399	-0.462	3.60080086315696e-09	5.37368327305782e-10	-5.37255872110587e-10
216.891	0.543	-0.521	2.84338966115849e-09	4.35100606167297e-10	-4.35013842140851e-10
217.908	0.595	-0.474	2.89859916893008e-09	4.43543377525038e-10	-4.43455774927546e-10
219.001	0.579	-0.498	3.00913022142786e-09	4.49074298486599e-10	-4.48979654182155e-10
220.271	0.479	-0.692	2.82317828781421e-09	4.32030745020699e-10	-4.31940932521393e-10
221.590	0.687	-0.84	2.21910357506998e-09	3.48288867524558e-10	-3.4821925764538e-10
222.958	0.578	-0.682	2.72591817788145e-09	4.1715342527701e-10	-4.17065748795518e-10
223.975	0.527	-0.439	3.45358172407379e-09	5.28523425221209e-10	-5.28410188598228e-10
225.203	0.644	-0.701	2.39804674186206e-09	3.66997826714068e-10	-3.66917700502204e-10
226.481	0.591	-0.634	2.59717420885744e-09	3.87643053601496e-10	-3.87553876909071e-10
227.807	0.638	-0.735	2.24780414069131e-09	3.35498390983606e-10	-3.35421024289267e-10
228.969	0.586	-0.524	2.89855665119956e-09	4.43611829375364e-10	-4.43512540239591e-10
230.167	0.704	-0.612	2.59783430317716e-09	3.97592290741699e-10	-3.97502589928937e-10
231.846	1.109	-0.974	1.6705908894771e-09	2.49366095175951e-10	-2.49305582163793e-10
233.533	0.621	-0.578	2.71428926820545e-09	4.15420554024676e-10	-4.15326016872582e-10
235.367	0.933	-1.213	1.46101337904844e-09	2.23613152013543e-10	-2.23561448108092e-10
237.637	1.172	-1.338	1.24897717560346e-09	1.86441423674616e-10	-1.86394818871223e-10
239.793	0.963	-0.983	1.58602950785289e-09	2.42758130033431e-10	-2.42700339878613e-10
241.461	0.610	-0.705	2.46258127951036e-09	3.67618897117204e-10	-3.67524526232946e-10
243.173	0.899	-1.102	1.62956027126218e-09	2.4943931513618e-10	-2.49377178082854e-10
245.297	1.405	-1.225	1.22954158063189e-09	1.8820109354378e-10	-1.8815521861657e-10
248.005	1.379	-1.303	1.1925950584241e-09	1.82549858518731e-10	-1.82504773596272e-10
250.538	1.101	-1.153	1.47949229876326e-09	2.20880286463205e-10	-2.20820853465497e-10
253.110	1.593	-1.471	1.08526326895053e-09	1.66128291990354e-10	-1.66086147366484e-10
256.872	1.720	-2.17	8.32167517250931e-10	1.24239639016304e-10	-1.2420600602686e-10
260.540	1.914	-1.948	8.01966053854663e-10	1.22768465682022e-10	-1.22736360114972e-10
264.350	2.086	-1.896	7.91765841181944e-10	1.18212940832166e-10	-1.18180177269278e-10
268.712	1.204	-2.276	5.9932949021094e-10	1.09535060540095e-10	-1.09514852254566e-10
272.227	2.842	-2.311	5.8054574089705e-10	9.11461638392634e-11	-9.11235570017297e-11
276.948	1.818	-1.879	5.56623429640042e-10	1.05635942711343e-10	-1.05617728679882e-10
281.245	2.621	-2.479	6.14945192831726e-10	9.28493982147648e-11	-9.28239279951547e-11
286.017	2.137	-2.151	4.79881480946694e-10	9.10705226502395e-11	-9.10550510750433e-11
291.495	3.475	-3.341	3.02419068361884e-10	5.7391508013603e-11	-5.73818391012742e-11
297.354	2.483	-2.384	4.30450803552348e-10	8.1689532311841e-11	-8.16756964839697e-11
301.833	2.409	-1.996	4.6847975637959e-10	9.23686332600933e-11	-9.23541146343436e-11
307.676	2.610	-3.433	3.49183617302293e-10	6.62645473285059e-11	-6.62536836188225e-11

## XRT - xrtpcflux
322.863	6.191	-8.853	1.97440063875366e-10	4.1414100266653e-11	-4.1414100266653e-11
342.309	9.311	-13.255	1.16675118470417e-10	2.55157111162573e-11	-2.55157111162573e-11
362.817	13.876	-11.197	1.0148491661618e-10	2.2241904620391e-11	-2.2241904620391e-11
393.517	13.263	-16.824	7.67036500234044e-11	1.72689340546909e-11	-1.72689340546909e-11
418.475	15.886	-11.694	8.25796168462831e-11	1.85494945442093e-11	-1.85494945442093e-11
447.220	19.736	-12.859	7.36339519774199e-11	1.61379502727513e-11	-1.61379502727513e-11
488.025	21.555	-21.07	5.39234135448839e-11	1.21402336634467e-11	-1.21402336634467e-11
536.137	26.096	-26.557	4.48252084922162e-11	1.0114969790518e-11	-1.0114969790518e-11
601.160	41.308	-38.926	2.99415243215624e-11	6.71034698697134e-12	-6.71034698697134e-12
669.971	27.657	-27.503	4.50523060949904e-11	1.01430074939701e-11	-1.01430074939701e-11
733.196	22.099	-35.568	4.49334543797643e-11	9.84782082324689e-12	-9.84782082324689e-12
805.916	57.193	-50.62	3.52346215446213e-11	6.42226850855898e-12	-6.42226850855898e-12
4571.600	27.864	-27.297	2.47151491573505e-11	5.53524226923866e-12	-5.53524226923866e-12
4628.884	35.770	-29.42	3.21663833055021e-11	7.2264898448357e-12	-7.2264898448357e-12
4700.839	29.005	-36.185	3.50068190833073e-11	7.86436847403873e-12	-7.86436847403873e-12
4756.391	28.614	-26.547	2.39019951974822e-11	5.36163197083389e-12	-5.36163197083389e-12
4831.937	33.302	-46.932	1.74709185697108e-11	3.83560805556243e-12	-3.83560805556243e-12
4897.163	30.759	-31.924	2.13761113169274e-11	4.79503208100529e-12	-4.79503208100529e-12
4960.991	32.121	-33.069	2.07028712991991e-11	4.63664687752479e-12	-4.63664687752479e-12
5021.079	29.700	-27.968	2.37894106413455e-11	5.22278423436205e-12	-5.22278423436205e-12
5078.588	22.338	-27.808	2.66188363483036e-11	5.96159445457732e-12	-5.96159445457732e-12
5128.349	37.767	-27.423	2.07667014957942e-11	4.66574379789309e-12	-4.66574379789309e-12
5200.683	25.609	-34.566	3.30477540706734e-11	7.48329949598589e-12	-7.48329949598589e-12
5271.441	32.577	-45.15	3.187603012367e-11	6.95591996762373e-12	-6.95591996762373e-12
5351.965	39.809	-47.947	2.6707526587901e-11	6.00928096162405e-12	-6.00928096162405e-12
5425.711	33.760	-33.937	3.02644517778867e-11	6.7992038685365e-12	-6.7992038685365e-12
5493.643	31.018	-34.172	2.28007676451419e-11	4.9905903596207e-12	-4.9905903596207e-12
5549.712	27.602	-25.051	2.59856547201312e-11	5.81978695952515e-12	-5.81978695952515e-12
5600.866	24.087	-23.552	2.82091011094409e-11	6.31775399524606e-12	-6.31775399524606e-12
5649.011	18.566	-24.058	3.25703091349687e-11	7.29449437741471e-12	-7.29449437741471e-12
5706.670	26.097	-39.093	2.23754825365075e-11	5.01124677908089e-12	-5.01124677908089e-12
5757.820	30.108	-25.053	2.72140026583135e-11	6.10457221556909e-12	-6.10457221556909e-12
5816.367	24.214	-28.439	3.04411858444569e-11	6.82848252834618e-12	-6.82848252834618e-12
5860.493	42.771	-19.912	3.86385583780911e-11	8.70739272305823e-12	-8.70739272305823e-12
5954.361	41.673	-51.097	2.49643865394578e-11	5.59088184022574e-12	-5.59088184022574e-12
6038.862	39.913	-42.828	2.79218214084214e-11	6.26294516560066e-12	-6.26294516560066e-12
6126.955	44.591	-48.179	2.48841507699039e-11	5.57291255928669e-12	-5.57291255928669e-12
6223.348	66.040	-51.803	1.97325868021753e-11	4.43989647079813e-12	-4.43989647079813e-12
6323.474	26.090	-34.085	4.05573329662212e-11	9.08298860588717e-12	-9.08298860588717e-12
6394.006	48.327	-44.443	2.67426851315362e-11	6.02659965476369e-12	-6.02659965476369e-12
6494.384	48.242	-52.05	2.63517336724793e-11	5.8105206230831e-12	-5.8105206230831e-12
6602.771	45.161	-60.145	3.72728098451722e-11	6.72131087950389e-12	-6.72131087950389e-12
10512.597	18.688	-28.951	3.57051228994265e-11	8.01836536967912e-12	-8.01836536967912e-12
10574.761	29.236	-43.476	3.33687474992713e-11	7.47194310992107e-12	-7.47194310992107e-12
10669.521	37.275	-65.525	2.35129273343045e-11	5.3247551910982e-12	-5.3247551910982e-12
10774.503	42.614	-67.707	2.30797172411352e-11	5.07703343126975e-12	-5.07703343126975e-12
10851.574	35.748	-34.456	3.57683123662625e-11	8.02050282866522e-12	-8.02050282866522e-12
10934.562	40.516	-47.239	2.93716401731198e-11	6.5861438329009e-12	-6.5861438329009e-12
11013.298	29.477	-38.22	3.88353562037904e-11	8.70823887460564e-12	-8.70823887460564e-12
11093.604	59.492	-50.829	2.81904062997538e-11	5.78132977186583e-12	-5.78132977186583e-12
11321.281	52.686	-47.607	2.32006203640164e-11	5.21197880076855e-12	-5.21197880076855e-12
11410.981	30.682	-37.015	3.77907169320947e-11	8.05700973501443e-12	-8.05700973501443e-12
11481.124	45.788	-39.46	2.70551136847445e-11	6.06846382995681e-12	-6.06846382995681e-12
11574.025	40.642	-47.113	2.66623406304108e-11	5.98964824186075e-12	-5.98964824186075e-12
11648.254	34.111	-33.587	3.42835293247746e-11	7.68980028218034e-12	-7.68980028218034e-12
11717.392	25.148	-35.027	4.00962072703405e-11	8.74971124284356e-12	-8.74971124284356e-12
11782.390	37.876	-39.85	2.95071378147246e-11	6.63903499705294e-12	-6.63903499705294e-12
11853.975	28.973	-33.709	2.97462768346471e-11	6.66176555908821e-12	-6.66176555908821e-12
11919.411	28.728	-36.462	2.11122301308066e-11	4.72829725688311e-12	-4.72829725688311e-12
11967.654	20.601	-19.516	3.53231846122252e-11	7.7547451454841e-12	-7.7547451454841e-12
12023.217	30.228	-34.962	2.05518542510592e-11	4.61007790406489e-12	-4.61007790406489e-12
12088.663	27.465	-35.218	2.1274758353523e-11	4.7722353520478e-12	-4.7722353520478e-12
12152.594	28.724	-36.466	2.0324986151446e-11	4.5664140371405e-12	-4.5664140371405e-12
12216.940	34.582	-35.623	1.9677969093771e-11	4.32658068057187e-12	-4.32658068057187e-12
12284.230	40.003	-32.709	1.83388621369814e-11	4.11367196771582e-12	-4.11367196771582e-12
12368.159	63.889	-43.926	1.87877558558148e-11	3.43376959359114e-12	-3.43376959359114e-12
16789.209	34.874	-52.882	2.41374835713794e-11	5.4629115646202e-12	-5.4629115646202e-12
16881.977	49.920	-57.895	2.06002337113233e-11	4.69802528174647e-12	-4.69802528174647e-12
16970.032	32.070	-38.134	3.39775656401997e-11	7.48947061922742e-12	-7.48947061922742e-12
17049.665	35.178	-47.564	2.91498920086292e-11	6.45328999969922e-12	-6.45328999969922e-12
17149.874	42.783	-65.031	2.09496270443584e-11	4.73422840022622e-12	-4.73422840022622e-12
17229.382	28.465	-36.725	3.42818301490085e-11	7.7003344092848e-12	-7.7003344092848e-12
17314.486	41.146	-56.639	2.24681119479883e-11	5.06202047278416e-12	-5.06202047278416e-12
17392.343	48.537	-36.711	2.64874512782324e-11	5.95855642814396e-12	-5.95855642814396e-12
17486.999	39.130	-46.119	2.66137296549351e-11	6.03251093732971e-12	-6.03251093732971e-12
17569.612	34.244	-43.483	2.94049363730655e-11	6.60489534914023e-12	-6.60489534914023e-12
17657.733	56.444	-53.877	2.05400320619807e-11	4.61367013227813e-12	-4.61367013227813e-12
17746.757	37.624	-32.58	3.1887572141132e-11	7.17335402231283e-12	-7.17335402231283e-12
17834.002	48.164	-49.621	2.27804108963764e-11	5.11690134899964e-12	-5.11690134899964e-12
17917.131	37.747	-34.965	2.98797417713802e-11	6.70143779037194e-12	-6.70143779037194e-12
18005.638	42.010	-50.76	2.3543250027204e-11	5.29623554475973e-12	-5.29623554475973e-12
18126.562	89.072	-78.913	2.60107767103812e-11	4.18438737017591e-12	-4.18438737017591e-12
22768.111	33.608	-31.582	2.05460308001495e-11	4.60811364419633e-12	-4.60811364419633e-12
22835.105	24.282	-33.386	2.65641809161274e-11	5.69469132737175e-12	-5.69469132737175e-12
22898.237	41.384	-38.85	1.79677484271813e-11	4.04206128571412e-12	-4.04206128571412e-12
22983.594	46.291	-43.972	1.87939391381623e-11	4.02340805428831e-12	-4.02340805428831e-12
23069.363	43.262	-39.479	1.82934331578113e-11	4.10910274084913e-12	-4.10910274084913e-12
23151.355	41.505	-38.729	1.86118189307282e-11	4.17430353687404e-12	-4.17430353687404e-12
23224.192	36.365	-31.332	2.15554537506579e-11	4.8418239927872e-12	-4.8418239927872e-12
23296.527	29.220	-35.97	2.2908957525759e-11	5.14584949601615e-12	-5.14584949601615e-12
23352.319	26.081	-26.572	2.86029077045216e-11	6.42483476264985e-12	-6.42483476264985e-12
23423.106	28.006	-44.705	2.16419362465028e-11	4.75677187971575e-12	-4.75677187971575e-12
23485.071	31.231	-33.959	2.34805957271907e-11	5.13124607308944e-12	-5.13124607308944e-12
23558.734	42.817	-42.431	1.74342596895851e-11	3.82642111266329e-12	-3.82642111266329e-12
23638.277	28.464	-36.726	2.13369920767141e-11	4.77829289908875e-12	-4.77829289908875e-12
23699.388	32.543	-32.647	2.23408550184044e-11	4.9033070445649e-12	-4.9033070445649e-12
23772.914	29.221	-40.984	1.97274336339192e-11	4.43121004288786e-12	-4.43121004288786e-12
23838.358	26.459	-36.223	2.22147185164022e-11	4.98237039033269e-12	-4.98237039033269e-12
23900.330	27.171	-35.512	2.31918370613039e-11	5.08274687612277e-12	-5.08274687612277e-12
23971.253	28.955	-43.753	2.00454212714913e-11	4.38685573299778e-12	-4.38685573299778e-12
28800.247	37.741	-39.985	1.69631970054002e-11	3.81686528529694e-12	-3.81686528529694e-12
28887.114	56.181	-49.126	1.24304390202747e-11	2.80134530704939e-12	-2.80134530704939e-12
28991.677	41.881	-48.382	1.45361488392527e-11	3.28104119891965e-12	-3.28104119891965e-12
29073.043	28.213	-39.485	1.94760133830058e-11	4.38226954609756e-12	-4.38226954609756e-12
29132.965	41.003	-31.709	1.82024177350836e-11	4.08929223564379e-12	-4.08929223564379e-12
29250.410	71.487	-76.443	1.30591607728896e-11	2.44075551377854e-12	-2.44075551377854e-12
29532.098	39.392	-33.32	2.23786889458768e-11	4.60991121253036e-12	-4.60991121253036e-12
29666.212	41.756	-38.478	1.70236099666577e-11	3.84250138535458e-12	-3.84250138535458e-12
29742.646	40.541	-34.678	1.91735409655495e-11	4.19645925277463e-12	-4.19645925277463e-12
34311.689	524.866	-1333.424	1.01868512357672e-11	2.64152129971979e-12	-2.64152129971979e-12
34881.806	34.982	-45.252	1.70920709548808e-11	3.86525573617135e-12	-3.86525573617135e-12
34975.448	41.632	-58.66	1.37858848700269e-11	3.11254105528812e-12	-3.11254105528812e-12
35091.908	45.524	-74.827	1.1433362217871e-11	2.58139400829262e-12	-2.58139400829262e-12
35179.926	25.203	-42.495	2.05162814417335e-11	4.63211216148711e-12	-4.63211216148711e-12
35250.130	35.232	-45.002	1.75069516221995e-11	3.92726044293459e-12	-3.92726044293459e-12
35337.127	41.005	-51.765	1.51693372150869e-11	3.4138480889943e-12	-3.4138480889943e-12
35443.889	44.563	-65.756	1.63507295901999e-11	3.23053237180095e-12	-3.23053237180095e-12
57301.305	87.866	-145.314	4.80071704253988e-12	1.26314147046943e-12	-1.26314147046943e-12
57502.845	94.433	-113.674	7.26779194697458e-12	1.63227644698283e-12	-1.63227644698283e-12
57776.691	151.548	-179.413	5.44496389942008e-12	1.12127017146136e-12	-1.12127017146136e-12
63081.704	105.520	-107.602	7.17555834377639e-12	1.57095104404944e-12	-1.57095104404944e-12
63283.360	79.377	-96.135	8.27358633029834e-12	1.85797055241542e-12	-1.85797055241542e-12
63519.602	229.257	-156.865	4.31327594956792e-12	9.08836825122382e-13	-9.08836825122382e-13
68873.140	107.766	-137.951	4.61692822829033e-12	1.19908175209116e-12	-1.19908175209116e-12
69096.807	74.656	-115.9	5.95684006841127e-12	1.55071640961356e-12	-1.55071640961356e-12
69363.925	143.513	-192.463	7.94439617455452e-12	1.35027619863396e-12	-1.35027619863396e-12
74649.009	122.251	-95.885	7.2444594464346e-12	1.62541623697829e-12	-1.62541623697829e-12
74908.885	110.599	-137.625	4.76674167657648e-12	1.24198500593166e-12	-1.24198500593166e-12
75186.612	141.267	-167.128	5.62440606893366e-12	1.20562378703214e-12	-1.20562378703214e-12
80663.738	232.151	-116.365	4.67653764451643e-12	1.21912502260128e-12	-1.21912502260128e-12
81245.029	382.991	-349.14	2.34833861390759e-12	5.94540187138891e-13	-5.94540187138891e-13
87069.258	437.892	-402.054	3.74131863634904e-12	9.22261527017267e-13	-9.22261527017267e-13
91580.878	187.885	-218.298	4.5531201286204e-12	8.85159731099695e-13	-8.85159731099695e-13
99070.797	4756.330	-1783.355	1.60629539159333e-12	3.73514431148639e-13	-3.73514431148639e-13
127169.920	224.426	-480.129	1.86464077077467e-12	4.88704898197754e-13	-4.88704898197754e-13
127658.589	350.041	-264.244	2.35611668876513e-12	5.95153081295314e-13	-5.95153081295314e-13
133308.264	520.221	-502.757	2.34627210774671e-12	5.4591108543481e-13	-5.4591108543481e-13
139148.476	439.411	-583.567	1.39653392666624e-12	3.3362442171098e-13	-3.3362442171098e-13
145236.519	4913.404	-843.313	1.89204242315175e-12	4.97048404875777e-13	-4.97048404875777e-13
150665.157	502.730	-515.234	1.29244857119959e-12	3.18324713476004e-13	-3.18324713476004e-13
160720.082	5986.926	-5052.757	9.04459945009784e-13	1.76060890995511e-13	-1.76060890995511e-13
175047.453	3961.964	-2724.345	7.61341485689878e-13	1.84380397816586e-13	-1.84380397816586e-13
217407.537	3179.642	-3579.118	6.56463019004988e-13	1.64115531231863e-13	-1.64115531231863e-13
229830.004	2278.479	-4360.691	8.26294895345518e-13	1.94993265854772e-13	-1.94993265854772e-13
245036.313	9641.206	-8047.698	6.19889974074113e-13	1.3866230810332e-13	-1.3866230810332e-13
263582.724	2663.529	-3856.63	9.47477232877689e-13	2.0580148806147e-13	-2.0580148806147e-13
332455.789	26911.409	-20169.677	2.03634750349886e-13	5.54596847530144e-14	-5.54596847530144e-14
393383.087	23826.358	-28541.448	1.84650260734908e-13	4.91350495415546e-14	-4.91350495415546e-14
486808.860	57658.253	-64526.908	1.36705553926844e-13	2.89910808236004e-14	-2.89910808236004e-14
618306.092	64701.206	-34605.42	7.2801835578326e-14	2.06577689996323e-14	-2.06577689996323e-14
819878.664	123650.804	-132025.947	3.57910912665351e-14	1.06461008231414e-14	-1.06461008231414e-14
1036308.016	69160.372	-88481.758	5.58447584446634e-14	1.49132408847775e-14	-1.49132408847775e-14
