## BAT - batSNR4flux
0.121000050703684	0.12	-0.12	2.26252472985481e-05	4.39652291507121e-06	-4.39652291507121e-06
0.32100005865097	0.08	-0.08	2.50380956946974e-05	6.06400289818377e-06	-6.06400289818377e-06
0.441000003814697	0.04	-0.04	4.02223896026294e-05	9.18915832062665e-06	-9.18915832062665e-06
0.541000027656555	0.06	-0.06	3.44836973684346e-05	8.51741807028981e-06	-8.51741807028981e-06
0.661000032424927	0.06	-0.06	2.6082081979801e-05	8.58939192903358e-06	-8.58939192903358e-06
0.801000047922134	0.08	-0.08	2.34130903721685e-05	5.3822600029728e-06	-5.3822600029728e-06
0.921000022888184	0.04	-0.04	3.46091805985913e-05	7.31229179317736e-06	-7.31229179317736e-06
1.08100004911423	0.12	-0.12	1.1686940724225e-05	2.76876669483469e-06	-2.76876669483469e-06
1.32100005865097	0.12	-0.12	7.3217537440186e-06	2.049001871363e-06	-2.049001871363e-06
1.52100001692772	0.08	-0.08	8.55612031560828e-06	2.13122344261908e-06	-2.13122344261908e-06
1.76100004136562	0.16	-0.16	4.86577998632505e-06	1.23330035293528e-06	-1.23330035293528e-06
1.98100004514058	0.06	-0.06	7.70938462996405e-06	1.83289108725227e-06	-1.83289108725227e-06
2.12100004076958	0.08	-0.08	7.83855006770681e-06	1.70805959375847e-06	-1.70805959375847e-06
2.48100004230227	0.28	-0.28	3.50709787853021e-06	7.0137020238744e-07	-7.0137020238744e-07
2.90100004196167	0.14	-0.14	3.88385175425301e-06	9.09280647034469e-07	-9.09280647034469e-07
3.34100004355113	0.3	-0.3	1.98734717912659e-06	4.8091526302186e-07	-4.8091526302186e-07
3.76100003639857	0.12	-0.12	3.09492095309424e-06	6.21836882966533e-07	-6.21836882966533e-07
4.0610000483195	0.18	-0.18	1.27056003604507e-06	3.5653226154907e-07	-3.5653226154907e-07
4.42100003613366	0.18	-0.18	1.53150307321219e-06	3.41321081909393e-07	-3.41321081909393e-07
4.84100003957748	0.24	-0.24	1.15815777732247e-06	2.64221917058481e-07	-2.64221917058481e-07
5.80100004461077	0.72	-0.72	7.24232882986224e-07	1.4257701347701e-07	-1.4257701347701e-07
6.60100003004074	0.08	-0.08	1.65403699628069e-06	3.90778249839221e-07	-3.90778249839221e-07
7.60100004299827	0.92	-0.92	5.05666404297242e-07	1.13859429267343e-07	-1.13859429267343e-07

## XRT - xrtwtflux
104.692	1.585	-1.26	4.12125796063141e-09	6.144005593598e-10	-6.14476510738741e-10
107.848	1.719	-1.571	3.19045961574966e-09	4.8471425198886e-10	-4.84762185967875e-10
110.911	1.484	-1.345	3.43685794929179e-09	5.12350527958645e-10	-5.12390732818141e-10
113.898	1.967	-1.502	2.65369999726871e-09	3.95597810827098e-10	-3.95622794093325e-10
117.567	1.826	-1.702	2.56615923575799e-09	3.82544719171335e-10	-3.82562299444992e-10
120.965	2.014	-1.573	2.28827081627593e-09	3.41118257001197e-10	-3.41131175236753e-10
124.728	1.714	-1.748	1.13076230240607e-09	2.38992603856567e-10	-2.38996102027317e-10
128.464	1.876	-2.022	1.32408748100269e-09	2.05034169398497e-10	-2.05039281827168e-10
132.486	1.958	-2.147	1.1637669257753e-09	1.83714859946508e-10	-1.83718946626498e-10
135.914	1.976	-1.47	9.44745195800233e-10	1.77465159705903e-10	-1.77467816478578e-10
139.603	2.766	-1.713	8.93470397716652e-10	1.55142753494237e-10	-1.55145512919424e-10
144.295	1.914	-1.927	7.57858000785153e-10	2.00933363655574e-10	-2.0093492497656e-10
147.929	2.202	-1.72	1.13649457467274e-09	2.13484189317775e-10	-2.13487325674843e-10
152.169	2.484	-2.038	1.56999801368794e-09	2.3404286082933e-10	-2.34048388831639e-10
156.566	2.571	-1.913	9.29389623663155e-10	1.85022355069529e-10	-1.85024911418577e-10
160.718	1.805	-1.582	1.13010847605753e-09	2.24981458334137e-10	-2.24984472275883e-10
164.340	2.041	-1.816	9.66464535448997e-10	1.85268792532944e-10	-1.85271418112817e-10
168.018	1.711	-1.637	9.45568214065662e-10	1.88243255208445e-10	-1.88245954986275e-10
171.698	1.383	-1.968	9.87061286252692e-10	1.85413918695882e-10	-1.85416927535296e-10
175.788	1.920	-2.707	6.94554383987118e-10	1.42437861269144e-10	-1.42440018617723e-10
179.623	2.350	-1.914	7.80924773230597e-10	1.60150524509284e-10	-1.60153095504353e-10
184.693	2.390	-2.72	6.94604536795664e-10	1.30477676305548e-10	-1.30480236533499e-10
189.118	2.132	-2.035	8.6146460193143e-10	1.57281930739951e-10	-1.57285455460004e-10
193.338	2.559	-2.088	7.14346587527392e-10	1.42211877306366e-10	-1.42214598319044e-10
198.011	2.077	-2.114	7.93187468535257e-10	1.53355635419228e-10	-1.53359257961413e-10
203.147	3.184	-3.059	4.51250961021361e-10	1.04724507754885e-10	-1.04726382242658e-10
208.634	2.074	-2.303	6.3011538731079e-10	1.46234650213794e-10	-1.46237198733114e-10
213.471	2.043	-2.764	6.33590791252824e-10	1.29935851019766e-10	-1.29938809902153e-10
218.605	2.100	-3.09	5.87415856701753e-10	1.20466381839556e-10	-1.2046924129683e-10
223.743	2.261	-3.039	6.15814228904867e-10	1.15677595231058e-10	-1.15680661666445e-10
228.163	1.834	-2.158	8.35430096061525e-10	1.52529100476233e-10	-1.52533802567693e-10
1120.567	1.492	-1.279	1.81977058563024e-09	2.71277264733642e-10	-2.71285412865556e-10
1123.751	1.199	-1.691	1.62080869113651e-09	2.6606620706175e-10	-2.66073045509633e-10
1126.460	1.388	-1.51	1.69705752497691e-09	2.57818128840683e-10	-2.57826487298659e-10
1129.224	1.333	-1.376	1.82180320270737e-09	2.71580397184678e-10	-2.71589748801315e-10
1131.913	1.353	-1.357	1.77737612362813e-09	2.70020260787708e-10	-2.70029125380208e-10
1134.689	0.819	-1.422	2.18142968021155e-09	3.25190819837245e-10	-3.25201837444471e-10
1137.038	1.235	-1.53	1.77862815318656e-09	2.65144289262424e-10	-2.65153309579861e-10
1139.815	1.361	-1.542	1.64783516063721e-09	2.55166498784322e-10	-2.55174295678818e-10
1142.477	1.063	-1.3	1.9900043778758e-09	3.0815123222369e-10	-3.08160537179517e-10
1144.554	0.976	-1.015	2.42367652773348e-09	3.61303138101444e-10	-3.61315276893043e-10
1146.762	1.089	-1.232	2.04201005159845e-09	3.10223669620179e-10	-3.10234097108154e-10
1149.120	1.111	-1.268	1.87171951173147e-09	3.07254991575948e-10	-3.07263816625707e-10
1151.380	1.313	-1.15	1.99366447434113e-09	2.97200291968314e-10	-2.9721050569785e-10
1153.986	1.372	-1.293	1.89002332574706e-09	2.81750128901765e-10	-2.81759470832805e-10
1156.930	1.400	-1.573	1.71917827377186e-09	2.56281849752942e-10	-2.56290105517023e-10
1159.789	1.537	-1.459	1.69028701439966e-09	2.5197497179751e-10	-2.51983253023099e-10
1162.602	1.374	-1.275	1.81877914617065e-09	2.76310190850805e-10	-2.76319040989842e-10
1165.145	0.952	-1.169	2.25974844873862e-09	3.3686581084515e-10	-3.36876891792838e-10
1167.437	1.217	-1.34	1.836254953336e-09	2.78965076022008e-10	-2.78973554220258e-10
1170.090	1.046	-1.436	1.89669381465797e-09	2.88146775916817e-10	-2.88155375034988e-10
1172.526	1.245	-1.391	1.78995632012377e-09	2.71931139073452e-10	-2.71938976052946e-10
1175.122	1.092	-1.35	1.74558248348373e-09	3.04312537056034e-10	-3.04319233665286e-10
1177.614	1.154	-1.399	1.82243145404423e-09	2.93344676464059e-10	-2.93352248071743e-10
1179.733	0.984	-0.966	2.54752457567024e-09	3.87021337978981e-10	-3.87032782536933e-10
1181.816	1.068	-1.099	2.34024354643336e-09	3.55531192933267e-10	-3.55541929216975e-10
1184.059	1.200	-1.175	2.17730778287474e-09	3.2457619991388e-10	-3.24586542809514e-10
1186.336	1.258	-1.076	2.18048384099012e-09	3.25049709903666e-10	-3.25060267077896e-10
1188.559	0.949	-0.965	2.536220875385e-09	3.92732408522648e-10	-3.92743871361496e-10
1190.863	1.179	-1.355	1.95480827128702e-09	2.91407668057696e-10	-2.91416458862366e-10
1192.990	1.095	-0.949	2.37210148857858e-09	3.60371049767737e-10	-3.60381645283429e-10
1195.079	1.060	-0.993	2.31449119393578e-09	3.58397870343175e-10	-3.58408883051446e-10
1197.259	0.933	-1.12	2.40015678936595e-09	3.57797260123488e-10	-3.57810023677031e-10
1199.299	1.138	-1.107	2.14636032694112e-09	3.3883002845666e-10	-3.38840761547268e-10
1201.486	1.292	-1.049	2.20021746701239e-09	3.27991667689205e-10	-3.2800316312117e-10
1204.135	1.203	-1.357	2.07361524650432e-09	3.05740347790923e-10	-3.0575112217656e-10
1206.488	1.142	-1.149	2.18741890354504e-09	3.32314202121602e-10	-3.32325022743569e-10
1208.717	1.017	-1.086	2.33721227261541e-09	3.61916230643979e-10	-3.61927617464865e-10
1210.810	0.930	-1.077	2.42741558691833e-09	3.75884117093969e-10	-3.75895916319049e-10
1213.153	1.254	-1.413	1.78472679278684e-09	2.76364102494045e-10	-2.76372723694299e-10
1215.532	0.849	-1.126	2.0755828725179e-09	3.85047266907977e-10	-3.85055687571328e-10
1218.050	1.442	-1.668	1.50068669146503e-09	2.32380679719194e-10	-2.32387963145267e-10
1220.488	0.989	-0.996	2.38845951005252e-09	3.6285646103146e-10	-3.62868169679108e-10
1222.587	1.242	-1.11	1.98957112144423e-09	3.08084093899541e-10	-3.08093606932662e-10
1225.187	1.249	-1.358	1.79845468865091e-09	2.78489840420698e-10	-2.78498309384365e-10
1227.619	1.140	-1.184	2.17564925021311e-09	3.24329008011336e-10	-3.2433959021784e-10
1229.806	1.180	-1.048	2.34020785249833e-09	3.62379910689832e-10	-3.623906083623e-10
1232.339	1.240	-1.352	2.12284756507316e-09	3.35117871091797e-10	-3.35127154706792e-10
1234.832	0.947	-1.254	2.42958480149483e-09	3.83540227266315e-10	-3.83551141202758e-10
1237.078	1.169	-1.299	1.99654455948831e-09	3.21370634515752e-10	-3.21379697530103e-10
1239.170	1.007	-0.923	2.54371412668065e-09	3.7919721410366e-10	-3.79209353834314e-10
1241.437	1.059	-1.259	2.04914536363698e-09	3.11307372601042e-10	-3.11316692671877e-10
1243.421	1.119	-0.925	2.22952132531837e-09	3.58871390379155e-10	-3.58881027322617e-10
1245.873	1.227	-1.334	1.89488069248234e-09	2.82474198486592e-10	-2.82483290516979e-10
1248.401	1.003	-1.301	2.0442140848082e-09	3.10558218170685e-10	-3.10567873967363e-10
1250.114	0.968	-0.71	2.85001447760614e-09	4.32975937450124e-10	-4.32989137291522e-10
1252.289	1.561	-1.207	1.76576027759504e-09	2.68255381341118e-10	-2.68263295430984e-10
1255.261	1.014	-1.411	2.07743483587192e-09	3.15605025961077e-10	-3.15613913910688e-10
1257.152	0.863	-0.877	2.91270221155182e-09	4.34202814300198e-10	-4.34215419952041e-10
1259.739	1.407	-1.724	1.5965940069187e-09	2.42555645911962e-10	-2.42563224613829e-10
1262.344	1.516	-1.198	1.82790247979328e-09	2.72489887896987e-10	-2.72499670390977e-10
1265.283	1.231	-1.424	1.85692018507459e-09	2.82104560122829e-10	-2.82113925284067e-10
1267.687	1.133	-1.173	2.24778280972489e-09	3.35082102460311e-10	-3.35093074010111e-10
1269.412	0.817	-0.592	3.68985569247423e-09	5.50055181304173e-10	-5.50072413912611e-10
1271.632	1.087	-1.403	2.04550473294427e-09	3.10754290897853e-10	-3.10763385202431e-10
1273.796	0.962	-1.077	2.41030803583617e-09	3.66175404969527e-10	-3.66186318923775e-10
1275.763	1.011	-1.005	2.35940196035785e-09	3.58441874451666e-10	-3.58453127763623e-10
1278.322	1.464	-1.548	1.50533810737252e-09	2.37636413411861e-10	-2.37643682275794e-10
1280.970	1.182	-1.185	1.99167522504041e-09	2.96903914877749e-10	-2.96914522518643e-10
1283.125	0.828	-0.973	2.60684165029562e-09	3.88608178990871e-10	-3.8862191283272e-10
1285.270	1.216	-1.318	1.79249640219395e-09	2.77567182710024e-10	-2.7757579144937e-10
1287.348	0.871	-0.862	2.78465209374372e-09	4.15114497356019e-10	-4.15127728424266e-10
1289.564	1.061	-1.345	1.99458839626023e-09	3.14870491272761e-10	-3.14879105995948e-10
1291.589	0.885	-0.965	2.80447745608164e-09	4.18069571677532e-10	-4.18081993215251e-10
1293.748	0.800	-1.273	2.44691355996022e-09	3.78903000343916e-10	-3.78913147444784e-10
1295.412	1.231	-0.864	2.43503667162569e-09	3.62996219799556e-10	-3.63006347826711e-10
1297.782	0.875	-1.139	2.45341683751233e-09	3.65736198675789e-10	-3.65746611327384e-10
1299.797	1.075	-1.14	2.19420663006887e-09	3.27095430572659e-10	-3.27105636880829e-10
1302.440	1.400	-1.568	1.62144135855492e-09	2.51079496197376e-10	-2.51087395778491e-10
1304.725	1.122	-0.885	2.28510538500326e-09	3.75114919296133e-10	-3.75125157836577e-10
1306.877	1.168	-1.031	2.17426496703851e-09	3.36683762589448e-10	-3.36693770636799e-10
1308.956	0.748	-0.91	2.9031605466432e-09	4.41049983384952e-10	-4.4106371089745e-10
1310.700	0.751	-0.997	2.77692929779112e-09	4.13963235275139e-10	-4.13976873680699e-10
1312.492	0.992	-1.041	2.3351563463177e-09	3.54758418498589e-10	-3.54769852264018e-10
1314.521	1.406	-1.037	1.97180273128939e-09	2.93941116327063e-10	-2.93951011409737e-10
1316.938	0.967	-1.011	2.4009449424844e-09	3.64753220911788e-10	-3.64764946396955e-10
1319.205	0.968	-1.3	2.12516610745584e-09	3.16803319284849e-10	-3.16813607298367e-10
1321.145	1.407	-0.971	2.02729747230573e-09	3.02213812591872e-10	-3.02223238996807e-10
1324.291	1.136	-1.739	1.65520706578414e-09	2.51460064359472e-10	-2.51467865952026e-10
1326.597	0.952	-1.17	2.24428340598322e-09	3.40952993370276e-10	-3.40963887678472e-10
1328.694	1.112	-1.144	2.08281464005588e-09	3.22522867635752e-10	-3.22532806629859e-10
1331.173	1.320	-1.367	1.72349501229614e-09	2.72075173945943e-10	-2.72083280382555e-10
1333.578	1.038	-1.086	2.15489278387967e-09	3.33684212352742e-10	-3.33694510769921e-10
1335.776	1.264	-1.16	1.71547686980245e-09	2.99064351313516e-10	-2.99071744223991e-10
1338.366	0.962	-1.326	2.04507557564824e-09	3.04864230437237e-10	-3.04874378460373e-10
1340.579	1.067	-1.252	2.10099859935795e-09	3.13200669892691e-10	-3.13210934450869e-10
1342.852	0.973	-1.206	2.42816793051763e-09	3.61972596582171e-10	-3.61984425168647e-10
1344.663	0.886	-0.838	3.27543348728263e-09	4.97606051010186e-10	-4.9762193052062e-10
1346.761	1.032	-1.212	2.61273386598636e-09	4.12452681677377e-10	-4.12465015945705e-10
1348.861	0.725	-1.068	3.4690179956803e-09	5.47627854882235e-10	-5.47644315720603e-10
1350.339	0.715	-0.753	4.61719760992749e-09	6.88296544626074e-10	-6.88319925893857e-10
1352.089	1.226	-1.035	2.80844631065183e-09	4.18661556573967e-10	-4.18675741081194e-10
1354.432	0.956	-1.117	2.61019709376404e-09	4.04187644373615e-10	-4.0419964181693e-10
1356.550	1.107	-1.162	2.18165029369618e-09	3.2522351992784e-10	-3.25233491705933e-10
1358.387	0.634	-0.73	3.61800392397244e-09	5.39344034147528e-10	-5.39360679765785e-10
1360.104	0.924	-1.083	2.38456026794741e-09	3.6924794511865e-10	-3.69258951950145e-10
1362.432	1.127	-1.404	1.88452794742152e-09	2.9181817316325e-10	-2.91827089242323e-10
1364.570	0.940	-1.01	2.300723536912e-09	3.7767854678374e-10	-3.77688687404489e-10
1366.274	0.831	-0.765	2.97279746990467e-09	4.4316180427014e-10	-4.43176072099999e-10
1368.311	1.205	-1.206	1.95725861386261e-09	2.91772958260163e-10	-2.9178212865051e-10
1370.669	1.018	-1.153	2.13183481268313e-09	3.23869601901439e-10	-3.23879205569913e-10
1372.607	0.766	-0.92	2.7833765324956e-09	4.14924165173653e-10	-4.14936746604644e-10
1374.636	1.318	-1.263	1.71474029315394e-09	2.7601031135085e-10	-2.76017514834474e-10
1377.169	1.137	-1.215	1.93889707101066e-09	3.00237012276463e-10	-3.00245657016614e-10
1379.268	1.285	-0.962	2.02828877826806e-09	3.14079399286893e-10	-3.1408851899256e-10
1381.621	0.867	-1.067	2.31891046092599e-09	3.66068876011705e-10	-3.66079229476026e-10
1383.658	1.142	-1.171	1.96553762820233e-09	3.04362554740803e-10	-3.04371555419752e-10
1385.641	0.798	-0.841	2.81246203342239e-09	4.2727106096045e-10	-4.27284070555251e-10
1387.287	0.767	-0.849	2.89397771524122e-09	4.31411784835074e-10	-4.31425462911296e-10
1388.974	0.857	-0.92	2.55506375590854e-09	3.9565013511789e-10	-3.95661516610327e-10
1390.940	1.074	-1.109	2.04956104499405e-09	3.23548668175528e-10	-3.23557466446486e-10
1392.810	1.035	-0.795	2.55860776267163e-09	3.81417394257661e-10	-3.81428990454008e-10
1395.064	0.767	-1.219	2.33898784648627e-09	3.55340430257749e-10	-3.55351129885773e-10
1396.554	0.771	-0.724	3.19910311135597e-09	4.76897427210688e-10	-4.76912522134999e-10
1398.532	1.074	-1.207	2.1378319333493e-09	3.18691534784771e-10	-3.18701746470335e-10
1400.627	0.945	-1.021	2.40552449124381e-09	3.7249425094247e-10	-3.72505416636461e-10
1402.406	1.001	-0.834	2.56965462524097e-09	3.97909742540233e-10	-3.97921742245493e-10
1404.390	0.888	-0.984	2.52960455261039e-09	3.94466968940897e-10	-3.94478828030494e-10
1406.208	0.777	-0.931	2.82075359932362e-09	4.20496260115398e-10	-4.20510097122238e-10
1408.178	0.934	-1.193	2.23619610982941e-09	3.39724242978004e-10	-3.39734765536499e-10
1410.218	1.047	-1.106	2.13383839479247e-09	3.50283331050986e-10	-3.50292237077434e-10
1412.267	1.170	-1.003	2.24327266014671e-09	3.54128505645645e-10	-3.54138192546286e-10
1414.524	0.838	-1.087	2.67578040811534e-09	3.98884740379356e-10	-3.98897913942434e-10
1416.144	0.724	-0.782	3.34687866050885e-09	4.98927144747842e-10	-4.98944686916747e-10
1417.893	0.807	-1.024	2.53170823757229e-09	4.15596521943842e-10	-4.15608827967876e-10
1419.363	0.853	-0.663	3.25150404999731e-09	4.93970955740071e-10	-4.93987700102663e-10
1421.434	0.877	-1.219	2.32390395928497e-09	3.53049141537574e-10	-3.53060861926584e-10
1423.282	1.157	-0.971	2.23202986216484e-09	3.45628826631904e-10	-3.45639546412623e-10
1425.721	1.027	-1.282	2.07144317797319e-09	3.14694987336575e-10	-3.14704757555761e-10
1427.586	0.895	-0.838	2.73205429281413e-09	4.23057082648966e-10	-4.23069322526371e-10
1429.519	1.289	-1.038	2.07260763985474e-09	3.14871749574266e-10	-3.14881115815157e-10
1431.620	0.828	-0.812	2.99684676015117e-09	4.46746545718393e-10	-4.46760073354205e-10
1433.512	0.899	-1.063	2.46856826329127e-09	3.75026314317291e-10	-3.7503738781705e-10
1435.356	1.077	-0.946	2.3794667617083e-09	3.61489996560162e-10	-3.61500902161023e-10
1437.350	0.924	-0.916	2.59853075402713e-09	3.94770397867415e-10	-3.94782485604199e-10
1439.176	0.919	-0.902	2.5868188013354e-09	3.92991148042717e-10	-3.93002871462959e-10
1441.237	1.262	-1.141	1.97973186223515e-09	3.00762010049188e-10	-3.00770800306443e-10
1443.563	0.939	-1.064	2.45350866844331e-09	3.79924499553451e-10	-3.79935058155927e-10
1445.293	0.785	-0.791	3.32360600409856e-09	4.9545720810665e-10	-4.95472000312226e-10
1447.312	0.872	-1.234	2.48449983288391e-09	3.77446590180417e-10	-3.77457452906215e-10
1449.235	0.982	-1.05	2.41410815995883e-09	3.88582987931607e-10	-3.88592779202823e-10
1451.362	1.043	-1.146	2.32379071830873e-09	3.46412572905406e-10	-3.46422769629311e-10
1453.342	1.145	-0.937	2.3370577269609e-09	3.61892052783444e-10	-3.61901888975547e-10
1455.732	1.007	-1.245	2.1960535885091e-09	3.27370562109676e-10	-3.273801766654e-10
1458.314	1.225	-1.575	1.64355138614435e-09	2.64551522531621e-10	-2.64558313698983e-10
1460.833	1.240	-1.293	1.87549276963696e-09	2.84925968330401e-10	-2.84934647619419e-10
1462.898	0.963	-0.825	2.66970287178702e-09	3.97978718547684e-10	-3.97991513551169e-10
1464.880	0.679	-1.02	2.78336048479125e-09	4.14921884938784e-10	-4.14935141566011e-10
1466.603	1.289	-1.043	1.98246203677194e-09	3.01176868799499e-10	-3.01186083084409e-10
1469.094	1.100	-1.202	2.0218966412576e-09	3.13089527769632e-10	-3.13098449500807e-10
1471.419	1.326	-1.225	1.87957320954221e-09	2.96713846860045e-10	-2.96721847431374e-10
1473.781	0.859	-1.035	2.76992792466349e-09	4.12919258004119e-10	-4.12931921885778e-10
1476.089	1.181	-1.449	2.02146307357867e-09	3.01344010279357e-10	-3.01353444242925e-10
1478.458	1.114	-1.188	2.0388887857802e-09	3.4831664081791e-10	-3.48325063838265e-10
1480.706	1.277	-1.134	2.09389340626575e-09	3.18105640843883e-10	-3.18115239858953e-10
1483.203	0.895	-1.221	2.3608068282802e-09	3.5865531921826e-10	-3.58666429220652e-10
1485.348	1.061	-1.25	2.03814208092058e-09	3.345743334196e-10	-3.34583636181391e-10
1487.658	0.959	-1.249	2.23454091742346e-09	3.46017619628044e-10	-3.46028553860068e-10
1489.411	0.736	-0.794	3.31275558687572e-09	4.93839955634058e-10	-4.93856022305147e-10
1491.091	0.841	-0.944	2.8105384417052e-09	4.18973279624009e-10	-4.18986177579279e-10
1492.938	0.906	-1.007	2.5200522684984e-09	3.82847820924031e-10	-3.82858988551695e-10
1494.981	0.949	-1.137	2.22158052645754e-09	3.44010534733327e-10	-3.44020389054148e-10
1496.969	0.979	-1.04	2.31344873992888e-09	3.51460570673013e-10	-3.51471140396623e-10
1499.275	1.269	-1.326	1.81784033657566e-09	2.70989712819476e-10	-2.70998595395071e-10
1501.486	1.138	-0.941	2.13043925740071e-09	3.42922969429764e-10	-3.42933161239874e-10
1503.755	0.981	-1.13	2.21580044855748e-09	3.30314425202145e-10	-3.30325339607496e-10
1505.920	0.967	-1.184	2.18605674649717e-09	3.38509676244618e-10	-3.38519381277813e-10
1508.072	0.831	-1.185	2.4486802147012e-09	3.7200497831027e-10	-3.72015837843161e-10
1510.086	1.030	-1.183	2.30198994697045e-09	3.4971974635997e-10	-3.49730215497646e-10
1512.109	0.963	-0.993	2.64946269618326e-09	3.94961319708154e-10	-3.94973932608639e-10
1513.986	0.832	-0.915	2.81133531297129e-09	4.35333699557789e-10	-4.35346422446363e-10
1515.778	1.059	-0.96	2.41140564052867e-09	3.66342182566836e-10	-3.66353097187925e-10
1517.851	0.954	-1.014	2.46992829166463e-09	3.68197733399476e-10	-3.68208968974057e-10
1519.890	1.034	-1.085	2.26332904638871e-09	3.43846201102619e-10	-3.43856154491849e-10
1521.896	1.024	-0.972	2.40494703376256e-09	3.65360890726237e-10	-3.65371452164211e-10
1523.784	0.903	-0.863	2.71866533742539e-09	4.13021184565405e-10	-4.13033046702846e-10
1525.768	0.967	-1.081	2.13564954584008e-09	3.64846667048468e-10	-3.6485491819623e-10
1527.687	1.117	-0.952	2.24167494601134e-09	3.53876107663808e-10	-3.53885526999351e-10
1529.904	0.873	-1.1	2.44891736262897e-09	3.65065478257781e-10	-3.65076551189958e-10
1532.084	1.099	-1.307	1.87002408155419e-09	3.06976509475776e-10	-3.06984239931841e-10
1534.096	1.196	-0.914	2.26789525613768e-09	3.44540083824467e-10	-3.44550712440064e-10
1536.178	1.112	-0.886	2.40096227451392e-09	3.64755908755213e-10	-3.647675578993e-10
1538.318	0.933	-1.028	2.43042222757927e-09	3.69231231831565e-10	-3.69242704512722e-10
1540.343	0.945	-1.092	2.25315734160197e-09	3.55688799127336e-10	-3.55698315251911e-10
1542.723	1.079	-1.435	1.86240089717859e-09	2.82936890715634e-10	-2.82944761969668e-10
1544.936	1.074	-1.134	2.15419204576226e-09	3.21130116518228e-10	-3.21139555548563e-10
1546.988	1.175	-0.978	2.17482708601056e-09	3.36770680052823e-10	-3.36779949810202e-10
1549.244	1.176	-1.082	2.10424555552991e-09	3.25841233424403e-10	-3.25850539671578e-10
1551.413	1.139	-0.993	2.32091640541173e-09	3.45984301824541e-10	-3.45995132655072e-10
1553.339	0.790	-0.788	2.91892051904997e-09	4.69839458493912e-10	-4.69852653311309e-10
1555.363	0.925	-1.233	2.20215636321367e-09	3.34553257675863e-10	-3.34564405481974e-10
1557.397	1.136	-1.109	2.08908102965534e-09	3.17374667686251e-10	-3.17385474425937e-10
1559.625	1.018	-1.092	2.2861510892228e-09	3.40801763730994e-10	-3.40812916231551e-10
1561.630	1.098	-0.987	2.29918289842897e-09	3.5602715224758e-10	-3.56037248839992e-10
1563.815	1.085	-1.087	2.26223391008193e-09	3.50305631349692e-10	-3.50315877569581e-10
1565.899	0.862	-0.998	2.72535441683449e-09	4.06274793826276e-10	-4.06288283440117e-10
1567.786	1.149	-1.025	2.25650731572988e-09	3.49418994541792e-10	-3.49429869344415e-10
1570.608	0.822	-1.672	1.98044010769166e-09	2.95228767445526e-10	-2.95238423433159e-10
1572.464	0.869	-1.034	2.33303716930803e-09	3.90657494944197e-10	-3.90667376602187e-10
1574.416	0.859	-1.082	2.42340019987936e-09	3.75262139818735e-10	-3.75273053282036e-10
1576.425	1.137	-1.151	1.98920890844541e-09	3.20189743654399e-10	-3.20198119339766e-10
1578.365	0.870	-0.802	2.79324011618984e-09	4.24350748531582e-10	-4.24363225543236e-10
1580.470	1.028	-1.235	2.0601523793987e-09	3.12979560931239e-10	-3.12989045368582e-10
1582.570	0.894	-1.072	2.42764767282531e-09	3.61894823188002e-10	-3.61906151478042e-10
1584.159	0.723	-0.695	3.3888248748895e-09	5.05179698538689e-10	-5.05194840789318e-10
1585.932	1.152	-1.051	2.22805110542752e-09	3.32140393413066e-10	-3.32150033387346e-10
1588.300	1.537	-1.216	1.83506829165968e-09	2.78784492812881e-10	-2.78792397515067e-10
1590.705	0.589	-0.868	3.65539125479784e-09	5.55329255727486e-10	-5.55345962254092e-10
1592.204	0.855	-0.91	3.02720016365113e-09	4.5127153636692e-10	-4.51286136988522e-10
1594.100	1.208	-1.041	2.26086876814159e-09	3.43472496765215e-10	-3.43482888451492e-10
1596.680	0.999	-1.372	2.01417258173752e-09	3.11893468179466e-10	-3.11902197553385e-10
1598.528	0.920	-0.849	2.59831121901298e-09	4.10175605530977e-10	-4.10186617730407e-10
1600.420	0.807	-0.972	2.59683565534787e-09	3.94512764775912e-10	-3.94524367209791e-10
1602.073	0.909	-0.847	2.51983540975214e-09	4.05601227540919e-10	-4.05611883669011e-10
1603.794	0.818	-0.812	2.84181027627019e-09	4.31729520478353e-10	-4.31742112080737e-10
1605.739	0.847	-1.126	2.34477683620092e-09	3.5621986194641e-10	-3.56230135863965e-10
1607.609	0.994	-1.024	2.25663517110375e-09	3.49438676329811e-10	-3.49448359949128e-10
1609.863	1.014	-1.26	2.02807193461581e-09	3.08105841250369e-10	-3.08114933563083e-10
1612.124	1.297	-1.248	1.74052057106199e-09	2.80160074318952e-10	-2.80167568793322e-10
1614.786	1.143	-1.366	1.78231103411121e-09	2.86886762836e-10	-2.86894427050038e-10
1616.819	0.950	-0.89	2.55951650646366e-09	3.88843272366601e-10	-3.88854902529951e-10
1618.798	0.992	-1.029	2.31124347651355e-09	3.57894714517026e-10	-3.57904946042129e-10
1620.623	0.996	-0.833	2.57797430034255e-09	3.91647379282172e-10	-3.91658928035159e-10
1622.581	0.901	-0.962	2.44406316914114e-09	3.85825716457525e-10	-3.85836325206998e-10
1624.606	0.802	-1.125	2.45436062504701e-09	3.65877036901232e-10	-3.6588855258368e-10
1626.583	0.898	-1.175	2.15427313078891e-09	3.46759125743727e-10	-3.46768718939027e-10
1628.644	1.501	-1.163	1.80146934368323e-09	2.68549215320962e-10	-2.68557658878575e-10
1631.320	0.906	-1.176	2.31117472050423e-09	3.51114932710457e-10	-3.51125218863345e-10
1633.466	0.984	-1.24	2.22481767014453e-09	3.3165846101288e-10	-3.31668483316037e-10
1635.414	0.718	-0.965	2.91173053073509e-09	4.34058089530646e-10	-4.34071425270856e-10
1637.325	0.985	-1.192	2.22389158850271e-09	3.31520507574157e-10	-3.31530713738898e-10
1639.323	0.865	-1.012	2.54846837259463e-09	3.79905868729662e-10	-3.79917417603113e-10
1641.416	1.216	-1.228	1.92552915907933e-09	2.92527561827462e-10	-2.92536013607251e-10
1643.666	1.005	-1.034	2.35030083897119e-09	3.57059163402114e-10	-3.57069733442472e-10
1645.546	0.758	-0.875	3.03812074813708e-09	4.47949711215534e-10	-4.47964525875492e-10
1647.111	1.043	-0.807	2.54540617512364e-09	3.9415490386595e-10	-3.94166992294175e-10
1649.049	0.710	-0.894	2.89524831801083e-09	4.57050983249296e-10	-4.57063764276445e-10
1651.032	0.992	-1.273	2.11578556495886e-09	3.21431241498189e-10	-3.21440453593494e-10
1652.956	1.009	-0.933	2.29660318465028e-09	3.77002018436169e-10	-3.77011146649748e-10
1655.067	1.200	-1.102	2.06270957518249e-09	3.07492611683682e-10	-3.07501939829549e-10
1657.392	0.987	-1.125	2.2474921980398e-09	3.35038751138466e-10	-3.3504923990091e-10
1659.478	0.935	-1.099	2.33291014076378e-09	3.47772075997525e-10	-3.47782754069143e-10
1661.584	1.433	-1.171	1.79459347273111e-09	2.72635560825954e-10	-2.72643420112945e-10
1664.176	0.855	-1.158	2.32808338357606e-09	3.53683662343453e-10	-3.53693490982192e-10
1666.088	1.169	-1.057	2.14205446005883e-09	3.19320666236554e-10	-3.19329639381201e-10
1668.354	0.931	-1.097	2.35694243028342e-09	3.51354540785865e-10	-3.51364613807954e-10
1670.614	0.843	-1.329	2.14133185215891e-09	3.31584014974946e-10	-3.31593223116865e-10
1672.343	0.760	-0.885	2.91139933840741e-09	4.34008883933174e-10	-4.34022312562344e-10
1674.580	1.103	-1.477	1.5668851283021e-09	2.9067716386666e-10	-2.90682853497622e-10
1677.194	1.271	-1.511	1.72455829093569e-09	2.5708362201607e-10	-2.57091280684293e-10
1679.563	1.032	-1.097	2.14896875944147e-09	3.39241393482741e-10	-3.39250687175163e-10
1681.822	1.029	-1.227	2.07600149335997e-09	3.15387468207909e-10	-3.15397092422859e-10
1683.707	0.958	-0.856	2.60437630486135e-09	3.8824040431774e-10	-3.8825297603041e-10
1685.994	1.685	-1.329	1.49159476368123e-09	2.35466774829954e-10	-2.35473597396967e-10
1688.394	0.853	-0.715	2.98598594385178e-09	4.45127761735506e-10	-4.45142221664853e-10
1690.559	1.262	-1.312	1.79393796319886e-09	2.72536161845229e-10	-2.72544501828001e-10
1692.814	1.265	-0.992	1.98855748034748e-09	3.13918578479923e-10	-3.13927311457264e-10
1695.121	0.985	-1.042	2.25102458316356e-09	3.48569961877453e-10	-3.48580145731028e-10
1696.993	0.918	-0.888	2.60260521201838e-09	3.87976175473937e-10	-3.87988580261528e-10
1698.749	0.812	-0.838	2.8114058225951e-09	4.27110575003579e-10	-4.27123952751095e-10
1700.312	0.898	-0.751	2.84866276820358e-09	4.24656706216594e-10	-4.24670837065222e-10

## XRT - xrtpcflux
243.085	11.117	-8.942	5.44576904039837e-10	1.19469344698575e-10	-1.19469344698575e-10
260.440	8.806	-6.238	7.53562080011404e-10	1.69444116642947e-10	-1.69444116642947e-10
281.450	10.362	-12.204	5.25108640068356e-10	1.18074638517369e-10	-1.18074638517369e-10
307.282	9.603	-15.47	5.96277399115688e-10	1.2209191413436e-10	-1.2209191413436e-10
324.740	9.696	-7.855	7.477718059089e-10	1.68142183511303e-10	-1.68142183511303e-10
344.087	7.900	-9.651	8.51828968571523e-10	1.81917215413533e-10	-1.81917215413533e-10
362.947	6.591	-10.96	9.37868443189056e-10	1.85252187379904e-10	-1.85252187379904e-10
378.618	10.979	-9.08	6.41690815760781e-10	1.40276102596825e-10	-1.40276102596825e-10
395.727	8.913	-6.13	8.21887255349324e-10	1.79986155449926e-10	-1.79986155449926e-10
412.515	9.677	-7.874	6.68115451211073e-10	1.49951250987456e-10	-1.49951250987456e-10
429.318	7.917	-7.127	7.90741870201043e-10	1.77473362406373e-10	-1.77473362406373e-10
448.705	8.588	-11.47	6.48234328519827e-10	1.38203979795089e-10	-1.38203979795089e-10
471.903	12.972	-14.609	4.91367854225656e-10	1.0328988072703e-10	-1.0328988072703e-10
494.107	13.333	-9.233	5.24472390155868e-10	1.17712100574322e-10	-1.17712100574322e-10
520.209	17.318	-12.769	4.31967224221079e-10	9.31952239302235e-11	-9.31952239302235e-11
554.789	20.349	-17.261	4.04783022678831e-10	8.48133315714426e-11	-8.48133315714426e-11
591.950	13.275	-16.813	5.3933620624422e-10	1.15375845532712e-10	-1.15375845532712e-10
619.843	15.470	-14.618	5.1381584581805e-10	1.16185138840568e-10	-1.16185138840568e-10
654.136	18.786	-18.824	4.31717727275759e-10	9.23538988311302e-11	-9.23538988311302e-11
688.946	11.557	-16.023	5.5936266797462e-10	1.20066049292125e-10	-1.20066049292125e-10
715.356	10.219	-14.854	6.68616576297085e-10	1.34321037271577e-10	-1.34321037271577e-10
738.715	11.934	-13.139	5.41206172133624e-10	1.18941030783644e-10	-1.18941030783644e-10
765.757	14.980	-15.108	4.20394208710426e-10	9.47053798603892e-11	-9.47053798603892e-11
795.372	10.438	-14.636	4.94463769424439e-10	1.11391563991556e-10	-1.11391563991556e-10
817.450	8.418	-11.64	6.09259253774149e-10	1.36741571718835e-10	-1.36741571718835e-10
834.060	9.359	-8.192	7.57233094388109e-10	1.6198876305382e-10	-1.6198876305382e-10
857.639	10.853	-14.22	5.19463498604604e-10	1.11691224339118e-10	-1.11691224339118e-10
886.920	9.152	-18.428	4.56086119494693e-10	1.00591852297253e-10	-1.00591852297253e-10
904.384	6.732	-8.312	8.90414763100064e-10	1.89837074769041e-10	-1.89837074769041e-10
919.650	9.018	-8.533	7.71595077594007e-10	1.65061051816092e-10	-1.65061051816092e-10
936.702	7.009	-8.034	9.80098093920789e-10	2.00061682951334e-10	-2.00061682951334e-10
952.706	11.064	-8.995	6.31758934980443e-10	1.38595377974928e-10	-1.38595377974928e-10
974.077	9.751	-10.307	6.15608835200491e-10	1.35052301653924e-10	-1.35052301653924e-10
992.817	8.563	-8.988	1.09036803671104e-09	1.90881204438377e-10	-1.90881204438377e-10
1011.055	7.875	-9.676	1.08676520185081e-09	1.89821458887366e-10	-1.89821458887366e-10
1026.759	7.216	-7.828	9.13593971172069e-10	1.87355055412085e-10	-1.87355055412085e-10
1042.460	9.065	-8.486	8.83642106021097e-10	1.70525404490153e-10	-1.70525404490153e-10
1057.632	6.430	-6.106	1.46197385051791e-09	2.59949101798991e-10	-2.59949101798991e-10
1072.471	6.636	-8.408	1.31814527863882e-09	2.24471946655831e-10	-2.24471946655831e-10
1088.477	8.180	-9.371	1.19525313337993e-09	1.97687160207885e-10	-1.97687160207885e-10
1108.169	8.545	-11.511	1.46075331925478e-09	2.03732314786458e-10	-2.03732314786458e-10
4861.643	19.316	-15.786	1.08568545713392e-09	1.99592008455286e-10	-1.99592008455286e-10
4896.916	16.639	-15.956	1.1670443309495e-09	2.14797234455926e-10	-2.14797234455926e-10
4938.742	12.422	-25.187	6.6559022070615e-10	1.51701625344132e-10	-1.51701625344132e-10
4968.584	17.683	-17.42	1.11242768161541e-09	2.01588477857811e-10	-2.01588477857811e-10
5005.972	12.890	-19.705	8.46345835321663e-10	1.83600540613805e-10	-1.83600540613805e-10
5034.351	14.599	-15.489	9.24076915727028e-10	1.99510588327324e-10	-1.99510588327324e-10
5063.238	13.292	-14.288	9.25748595273818e-10	2.0916324786539e-10	-2.0916324786539e-10
5095.793	15.839	-19.263	1.18243181184328e-09	2.11298811598867e-10	-2.11298811598867e-10
5127.924	13.796	-16.291	1.420409504471e-09	2.53000101240752e-10	-2.53000101240752e-10
5156.956	17.359	-15.236	1.27113444494488e-09	2.30090602545807e-10	-2.30090602545807e-10
5192.444	16.974	-18.129	1.12794169692574e-09	2.06406637275632e-10	-2.06406637275632e-10
5222.961	16.544	-13.544	8.97246676121325e-10	1.97739713805767e-10	-1.97739713805767e-10
5260.882	16.233	-21.377	1.12193609990647e-09	1.97570382329663e-10	-1.97570382329663e-10
5292.602	19.616	-15.486	9.01829976619001e-10	1.83395260319754e-10	-1.83395260319754e-10
5328.984	13.321	-16.767	8.81606129488256e-10	1.95262059504809e-10	-1.95262059504809e-10
5361.959	20.464	-19.654	1.02735321902751e-09	1.83387204579371e-10	-1.83387204579371e-10
5399.631	12.879	-17.209	1.33250380585645e-09	2.44967015613483e-10	-2.44967015613483e-10
5428.593	16.512	-16.083	1.0154294517359e-09	2.08770650794481e-10	-2.08770650794481e-10
5467.599	17.624	-22.493	7.06675499541364e-10	1.55998821911933e-10	-1.55998821911933e-10
5510.536	17.310	-25.314	6.09428780300582e-10	1.3769408876006e-10	-1.3769408876006e-10
5539.227	21.215	-11.381	9.44352889746619e-10	1.93598185629139e-10	-1.93598185629139e-10
5575.517	20.027	-15.075	1.12588539501713e-09	2.04255923041916e-10	-2.04255923041916e-10
5613.852	19.302	-18.308	1.08584416406467e-09	1.96331326667607e-10	-1.96331326667607e-10
5647.063	16.179	-13.909	8.98147995050608e-10	2.02574947875713e-10	-2.02574947875713e-10
5680.409	15.428	-17.168	8.63661692712772e-10	1.93120673649674e-10	-1.93120673649674e-10
5715.197	18.249	-19.36	1.13166649288111e-09	2.04845289157313e-10	-2.04845289157313e-10
5744.975	16.051	-11.529	9.65983262737003e-10	2.18253832328633e-10	-2.18253832328633e-10
5779.066	22.078	-18.039	6.42015157770967e-10	1.45309223593985e-10	-1.45309223593985e-10
5817.017	16.722	-15.873	1.18767591367716e-09	2.18341986116797e-10	-2.18341986116797e-10
5849.790	16.543	-16.052	8.27969010671823e-10	1.81271926537394e-10	-1.81271926537394e-10
5889.424	19.534	-23.09	6.22253931742763e-10	1.3804917976033e-10	-1.3804917976033e-10
5925.846	15.708	-16.888	8.17422119738736e-10	1.80745719982841e-10	-1.80745719982841e-10
5956.172	17.976	-14.619	9.32412254336535e-10	1.92257779142225e-10	-1.92257779142225e-10
5995.340	11.403	-21.192	8.56436150313572e-10	1.8461440433874e-10	-1.8461440433874e-10
6020.091	19.247	-13.348	8.95340409947468e-10	1.88382693001698e-10	-1.88382693001698e-10
6053.120	18.813	-13.782	8.15626181587027e-10	1.79454788864851e-10	-1.79454788864851e-10
6104.131	17.949	-32.197	5.0045124340142e-10	1.14063096166249e-10	-1.14063096166249e-10
6137.953	19.228	-15.874	8.62199755964356e-10	1.76756258043592e-10	-1.76756258043592e-10
6183.371	16.435	-26.189	5.89528685144914e-10	1.33429853389828e-10	-1.33429853389828e-10
6221.225	16.191	-21.419	7.03109218497681e-10	1.55987180186352e-10	-1.55987180186352e-10
6253.106	19.413	-15.69	7.6745801035993e-10	1.68023883760702e-10	-1.68023883760702e-10
6290.363	12.242	-17.845	8.86701494682461e-10	1.94450246677644e-10	-1.94450246677644e-10
6322.905	14.804	-20.299	7.19882047819213e-10	1.62367526374042e-10	-1.62367526374042e-10
6355.667	17.143	-17.959	7.66609980744299e-10	1.68391965624791e-10	-1.68391965624791e-10
6400.939	24.525	-28.129	5.30035157119552e-10	1.14799618476537e-10	-1.14799618476537e-10
6441.154	16.904	-15.691	8.19417719832999e-10	1.80587359451474e-10	-1.80587359451474e-10
6477.859	20.317	-19.8	6.42055631346464e-10	1.45318371150358e-10	-1.45318371150358e-10
6519.703	21.097	-21.527	6.63821693029429e-10	1.42643032941453e-10	-1.42643032941453e-10
6559.598	16.305	-18.797	7.26257280326987e-10	1.64376049358029e-10	-1.64376049358029e-10
6590.939	17.558	-15.037	7.84925625284892e-10	1.76425561546606e-10	-1.76425561546606e-10
6623.031	20.569	-14.533	7.24789078958209e-10	1.63474281507801e-10	-1.63474281507801e-10
6663.947	19.770	-20.347	6.64761794815702e-10	1.4577972186934e-10	-1.4577972186934e-10
6703.638	17.688	-19.922	6.6730227611025e-10	1.5262692158407e-10	-1.5262692158407e-10
6743.225	20.726	-21.899	6.27081169323505e-10	1.38658160628208e-10	-1.38658160628208e-10
6780.121	18.932	-16.17	7.60747620043588e-10	1.69338471329885e-10	-1.69338471329885e-10
6815.473	16.175	-16.42	7.78981550954487e-10	1.76925401862585e-10	-1.76925401862585e-10
6846.308	15.428	-14.66	8.5338363932234e-10	1.91481504701503e-10	-1.91481504701503e-10
6877.788	19.050	-16.052	7.58098388497776e-10	1.67073446122423e-10	-1.67073446122423e-10
6913.753	18.187	-16.915	7.20785540001273e-10	1.62853971500558e-10	-1.62853971500558e-10
6951.993	12.542	-20.053	7.80103488122883e-10	1.75341661787825e-10	-1.75341661787825e-10
6982.196	12.428	-17.66	9.32998054556107e-10	1.99540276687128e-10	-1.99540276687128e-10
7010.003	17.215	-15.38	8.57911392003122e-10	1.84640379407711e-10	-1.84640379407711e-10
7053.182	14.153	-25.964	6.68014902819352e-10	1.47220487022896e-10	-1.47220487022896e-10
7095.278	22.204	-27.942	5.08641545334246e-10	1.14524073709902e-10	-1.14524073709902e-10
7136.511	23.595	-19.029	6.20519714568878e-10	1.37664414460155e-10	-1.37664414460155e-10
7175.518	14.675	-15.413	8.41742700066154e-10	1.89852965294527e-10	-1.89852965294527e-10
7211.723	18.588	-21.529	7.14092076031689e-10	1.53930563694016e-10	-1.53930563694016e-10
7254.916	18.018	-24.606	7.04770152068209e-10	1.51203680353858e-10	-1.51203680353858e-10
7295.493	20.066	-22.559	6.70778680411018e-10	1.50769108203233e-10	-1.50769108203233e-10
7333.898	16.764	-18.339	9.32749403062277e-10	2.007470689924e-10	-2.007470689924e-10
7393.987	41.911	-43.326	6.85843477592882e-10	1.10899364720681e-10	-1.10899364720681e-10
10728.302	9.374	-8.178	5.43064481050312e-10	1.18506395452136e-10	-1.18506395452136e-10
10754.803	20.482	-17.128	2.50974270486725e-10	5.52436437291598e-11	-5.52436437291598e-11
10790.199	15.174	-14.914	3.02307444655371e-10	6.79055629268854e-11	-6.79055629268854e-11
10823.696	14.272	-18.323	2.88064377679008e-10	6.35459919797264e-11	-6.35459919797264e-11
10851.876	8.658	-13.908	4.15811696468626e-10	9.17266114592904e-11	-9.17266114592904e-11
10876.451	11.663	-15.918	3.3374827732266e-10	7.49679325785481e-11	-7.49679325785481e-11
10901.902	11.286	-13.788	3.78068188488604e-10	8.49232703733517e-11	-8.49232703733517e-11
10931.986	21.319	-18.798	2.41352510431904e-10	5.45860711341083e-11	-5.45860711341083e-11
10971.306	17.101	-18.001	3.11565114798665e-10	6.6977426244013e-11	-6.6977426244013e-11
10998.494	12.479	-10.087	4.47373722781443e-10	9.80479033627482e-11	-9.80479033627482e-11
11025.716	12.837	-14.743	3.53176805897212e-10	7.72360948781212e-11	-7.72360948781212e-11
11050.209	18.432	-11.656	3.0116855440562e-10	6.73433478798101e-11	-6.73433478798101e-11
11082.803	15.925	-14.163	3.07728360882019e-10	6.92808241704301e-11	-6.92808241704301e-11
11109.508	14.294	-10.78	4.07637910553082e-10	9.17740995471699e-11	-9.17740995471699e-11
11149.119	17.307	-25.317	2.729920825383e-10	6.11814349882365e-11	-6.11814349882365e-11
11180.589	15.925	-14.163	4.04602909520238e-10	9.12989247755773e-11	-9.12989247755773e-11
11210.678	13.416	-14.164	3.93249083253999e-10	8.83332593198528e-11	-8.83332593198528e-11
11244.447	14.750	-20.353	2.89946690874498e-10	6.39612314584972e-11	-6.39612314584972e-11
11270.717	11.046	-11.52	4.25017888794271e-10	9.33505087602351e-11	-9.33505087602351e-11
11294.238	10.091	-12.475	4.25523657466192e-10	9.3259177822106e-11	-9.3259177822106e-11
11317.365	9.530	-13.036	4.03166848784568e-10	9.0150852147613e-11	-9.0150852147613e-11
11346.569	20.442	-19.675	2.24982901983867e-10	5.04218923271782e-11	-5.04218923271782e-11
11381.676	15.423	-14.665	3.05486283379008e-10	6.86196027052313e-11	-6.86196027052313e-11
11412.266	12.414	-15.167	3.38272271073496e-10	7.58116708599252e-11	-7.58116708599252e-11
11444.232	15.550	-19.553	2.68446877379819e-10	6.05752276502024e-11	-6.05752276502024e-11
11479.655	22.752	-19.873	2.31174430294823e-10	5.11076505643264e-11	-5.11076505643264e-11
11535.170	22.397	-32.764	1.76839407151044e-10	3.8756704441249e-11	-3.8756704441249e-11
11581.253	21.445	-23.686	1.99794099683786e-10	4.46753258327023e-11	-4.46753258327023e-11
11625.751	12.050	-23.052	2.95295746169161e-10	6.16949105856274e-11	-6.16949105856274e-11
11656.244	14.152	-18.443	2.87311306026976e-10	6.28319948030915e-11	-6.28319948030915e-11
11683.181	14.796	-12.784	3.19246666026237e-10	7.20382223300004e-11	-7.20382223300004e-11
11710.928	14.629	-12.951	3.38181771579386e-10	7.4117033063313e-11	-7.4117033063313e-11
11740.712	9.918	-15.155	4.01117926445875e-10	8.62286910400436e-11	-8.62286910400436e-11
11770.058	15.674	-19.428	2.69655133238739e-10	6.05710781475227e-11	-6.05710781475227e-11
11812.738	18.126	-27.005	2.46014770373657e-10	5.28860199302241e-11	-5.28860199302241e-11
11849.543	16.423	-18.679	2.97476513848776e-10	6.533744882099e-11	-6.533744882099e-11
11885.452	13.109	-19.486	3.21871503387732e-10	6.87648221454077e-11	-6.87648221454077e-11
11913.902	12.240	-15.34	3.4598000373814e-10	7.64886872597177e-11	-7.64886872597177e-11
11942.810	20.942	-16.668	2.52642273990738e-10	5.67495593086716e-11	-5.67495593086716e-11
11976.913	14.419	-13.161	3.57142903452417e-10	8.00408442746582e-11	-8.00408442746582e-11
12007.750	18.684	-16.418	2.91471892039371e-10	6.54716407615686e-11	-6.54716407615686e-11
12046.668	14.869	-20.234	3.23582905917465e-10	7.07642066107003e-11	-7.07642066107003e-11
12089.031	20.137	-27.494	3.59056331216698e-10	6.39251685823459e-11	-6.39251685823459e-11
17621.225	20.688	-16.921	1.86888366782706e-10	4.19531951921435e-11	-4.19531951921435e-11
17669.112	20.441	-27.198	1.40818515239735e-10	3.1735600300221e-11	-3.1735600300221e-11
17709.481	20.189	-19.928	1.65197967300754e-10	3.7229871238061e-11	-3.7229871238061e-11
17754.863	22.446	-25.193	1.39941695003927e-10	3.1537978843196e-11	-3.1537978843196e-11
17799.334	20.600	-22.025	1.62745759182382e-10	3.56464990226928e-11	-3.56464990226928e-11
17850.143	14.922	-30.21	1.48513408739679e-10	3.34697676936736e-11	-3.34697676936736e-11
17881.486	13.667	-16.421	2.24228320314453e-10	5.02369748621426e-11	-5.02369748621426e-11
17922.069	25.737	-26.917	1.38916395097648e-10	3.0483950627814e-11	-3.0483950627814e-11
17966.103	26.834	-18.297	1.57183904182068e-10	3.53542791757617e-11	-3.53542791757617e-11
18016.749	36.365	-23.811	1.21804171504859e-10	2.66293402335673e-11	-2.66293402335673e-11
18078.306	19.939	-25.193	1.4971403229667e-10	3.35425052989641e-11	-3.35425052989641e-11
18130.600	30.328	-32.355	1.1650424574503e-10	2.50609909357358e-11	-2.50609909357358e-11
18188.126	25.455	-27.198	1.44155367073876e-10	3.24876118473847e-11	-3.24876118473847e-11
18237.631	33.618	-24.05	1.69732615017117e-10	3.73159870340408e-11	-3.73159870340408e-11
18305.714	30.726	-34.464	1.91672324546857e-10	4.31962871704415e-11	-4.31962871704415e-11
18347.038	6.953	-10.599	6.51650366608147e-10	1.38932312847768e-10	-1.38932312847768e-10
18376.373	20.242	-22.382	2.09913391620231e-10	4.58068603988087e-11	-4.58068603988087e-11
18410.905	13.290	-14.29	2.452591264149e-10	5.48416021720319e-11	-5.48416021720319e-11
18441.801	22.512	-17.605	1.75441815721824e-10	3.84991287901457e-11	-3.84991287901457e-11
18485.265	14.151	-20.952	1.9881374557439e-10	4.36278724420604e-11	-4.36278724420604e-11
18525.618	21.436	-26.203	1.45391050012623e-10	3.2084550345574e-11	-3.2084550345574e-11
18565.481	16.675	-18.427	1.8665299760937e-10	4.19825775308755e-11	-4.19825775308755e-11
18608.837	20.958	-26.681	1.46262394027995e-10	3.19170704215385e-11	-3.19170704215385e-11
18643.822	16.061	-14.027	2.31818271821248e-10	5.08704321145498e-11	-5.08704321145498e-11
18687.081	30.470	-27.198	1.12868800369842e-10	2.54367071306729e-11	-2.54367071306729e-11
18740.276	19.900	-22.725	1.7816201758097e-10	3.733936640079e-11	-3.733936640079e-11
18798.526	29.348	-38.35	9.64763050799985e-11	2.17852258818835e-11	-2.17852258818835e-11
18856.076	16.929	-28.203	1.45830453132456e-10	3.29298432730777e-11	-3.29298432730777e-11
18893.062	17.546	-20.056	1.75785178461601e-10	3.96158569303326e-11	-3.96158569303326e-11
22787.425	32.355	-40.358	7.36245041108473e-11	1.66227056026586e-11	-1.66227056026586e-11
22854.212	48.309	-34.432	7.37681018646715e-11	1.62462317363005e-11	-1.62462317363005e-11
22941.494	31.232	-38.973	8.48050248581313e-11	1.86482227532748e-11	-1.86482227532748e-11
23011.079	29.344	-38.354	8.95152613347549e-11	2.00805648489104e-11	-2.00805648489104e-11
23074.638	38.497	-34.215	8.22579454452264e-11	1.85120498340761e-11	-1.85120498340761e-11
23155.872	42.512	-42.737	7.4797749205055e-11	1.68603291003137e-11	-1.68603291003137e-11
23227.713	33.354	-29.329	8.9127709754592e-11	2.00580884195393e-11	-2.00580884195393e-11
23311.071	50.288	-50.005	5.84178224480892e-11	1.31468616003658e-11	-1.31468616003658e-11
23397.833	33.731	-36.474	1.36196461004044e-10	3.07849222200922e-11	-3.07849222200922e-11
23503.874	53.055	-72.31	1.10473150990624e-10	2.4954529807696e-11	-2.4954529807696e-11
23606.052	68.721	-49.122	1.1739531536393e-10	2.64795931889431e-11	-2.64795931889431e-11
23733.192	56.917	-58.419	1.27344279367083e-10	2.79423833184595e-11	-2.79423833184595e-11
23861.158	59.332	-71.048	1.08932434824533e-10	2.45350151254705e-11	-2.45350151254705e-11
23969.613	58.691	-49.123	1.33475972905084e-10	3.00629922846705e-11	-3.00629922846705e-11
24079.310	39.257	-51.006	9.60267363828755e-11	2.17404238001462e-11	-2.17404238001462e-11
24164.438	39.378	-45.871	7.16847470631367e-11	1.62109618647502e-11	-1.62109618647502e-11
24230.638	28.338	-26.823	1.16125799285376e-10	2.6049984067217e-11	-2.6049984067217e-11
24297.075	47.150	-38.099	7.75067949240835e-11	1.74428097748708e-11	-1.74428097748708e-11
24380.819	38.625	-36.594	9.01326355560519e-11	2.03170014691015e-11	-2.03170014691015e-11
24452.535	27.085	-33.09	1.16143249674407e-10	2.61378978698488e-11	-2.61378978698488e-11
24515.398	29.412	-35.778	1.37950015810382e-10	2.94969604603031e-11	-2.94969604603031e-11
24602.643	44.967	-57.833	1.52470206255053e-10	3.35560209534928e-11	-3.35560209534928e-11
27947.956	22.569	-30.084	1.09789316608213e-10	2.49018769844283e-11	-2.49018769844283e-11
27993.966	19.184	-23.441	1.34403233972558e-10	3.01754479591076e-11	-3.01754479591076e-11
28043.609	27.209	-30.46	8.83770424807465e-11	1.98419190405989e-11	-1.98419190405989e-11
28100.402	18.055	-29.584	9.04678613837864e-11	2.03526301229186e-11	-2.03526301229186e-11
28147.167	23.944	-28.71	7.89203373007351e-11	1.73218565898053e-11	-1.73218565898053e-11
28217.019	31.816	-45.908	8.13281437127818e-11	1.44133337247033e-11	-1.44133337247033e-11
30158.065	23.026	-29.627	8.35054662158572e-11	1.78034238416495e-11	-1.78034238416495e-11
30199.894	21.315	-18.803	1.04295758053492e-10	2.27591882814925e-11	-2.27591882814925e-11
30244.666	24.181	-23.458	8.54311956120358e-11	1.87198899768214e-11	-1.87198899768214e-11
30319.007	67.682	-50.16	6.05548628850482e-11	1.00138059905922e-11	-1.00138059905922e-11
33700.400	39.110	-31.095	6.01328060922692e-11	1.32723057018765e-11	-1.32723057018765e-11
33773.479	26.207	-33.969	6.69711171061454e-11	1.51189721736843e-11	-1.51189721736843e-11
33831.021	38.870	-31.335	5.81983273656679e-11	1.32337398446222e-11	-1.32337398446222e-11
33915.568	34.555	-45.677	6.36217512318559e-11	1.28219009277644e-11	-1.28219009277644e-11
35846.033	24.450	-18.175	1.39838391745069e-10	3.14807400385984e-11	-3.14807400385984e-11
35921.119	49.657	-50.636	5.87918804584478e-11	1.32954172322402e-11	-1.32954172322402e-11
36038.776	84.944	-68	6.78914081129066e-11	1.16097091965414e-11	-1.16097091965414e-11
39461.514	39.623	-50.64	6.32507748136729e-11	1.42983379782543e-11	-1.42983379782543e-11
39533.853	27.460	-32.716	8.84531485964059e-11	1.99518047813696e-11	-1.99518047813696e-11
39587.387	26.580	-26.074	9.08733633121913e-11	2.0364072941762e-11	-2.0364072941762e-11
39646.684	27.459	-32.717	7.00717667905228e-11	1.57025874400271e-11	-1.57025874400271e-11
39708.614	25.705	-34.471	6.76136799667454e-11	1.51188754654818e-11	-1.51188754654818e-11
39784.331	37.743	-50.013	4.63322197817686e-11	1.0405335069324e-11	-1.0405335069324e-11
39847.445	17.254	-25.37	9.98683800735202e-11	2.18381803454392e-11	-2.18381803454392e-11
39941.475	68.643	-76.776	5.40955677841246e-11	8.75963727487812e-12	-8.75963727487812e-12
45050.743	26.957	-20.683	9.23225896916606e-11	2.07360338917725e-11	-2.07360338917725e-11
45119.422	33.497	-41.723	6.11571117203231e-11	1.34403042338605e-11	-1.34403042338605e-11
45195.662	37.491	-42.743	4.08481589388912e-11	9.18832382629772e-12	-9.18832382629772e-12
45288.931	47.023	-55.777	4.34107145217224e-11	9.73513309162132e-12	-9.73513309162132e-12
45382.581	43.637	-46.627	3.25606525128786e-11	7.30240115551891e-12	-7.30240115551891e-12
45457.178	39.245	-30.96	3.55916074434082e-11	7.99402297618831e-12	-7.99402297618831e-12
45525.504	38.617	-29.081	3.77111736835088e-11	8.5080279242491e-12	-8.5080279242491e-12
45595.959	33.351	-31.839	3.9013292868474e-11	8.76254692304941e-12	-8.76254692304941e-12
45668.417	46.143	-39.106	4.65784805541875e-11	1.0461049793268e-11	-1.0461049793268e-11
45771.203	53.678	-56.644	4.40805421573569e-11	9.67253539396028e-12	-9.67253539396028e-12
45865.121	27.459	-40.239	3.87182302565099e-11	8.69627456095195e-12	-8.69627456095195e-12
45931.212	29.065	-38.632	4.23638577292544e-11	9.08087997689434e-12	-9.08087997689434e-12
45991.046	26.898	-30.768	4.94029612680639e-11	1.05754402308104e-11	-1.05754402308104e-11
86518.147	39.369	-50.894	2.830916579158e-11	6.35092804333183e-12	-6.35092804333183e-12
86625.579	62.317	-68.063	3.06672695466123e-11	6.89058159568089e-12	-6.89058159568089e-12
86734.528	53.661	-46.632	3.14665518795339e-11	7.05902643282926e-12	-7.05902643282926e-12
86813.887	34.477	-25.698	4.90536768559057e-11	1.09867345954015e-11	-1.09867345954015e-11
86890.233	35.858	-41.869	4.10757803088246e-11	9.21501560584446e-12	-9.21501560584446e-12
86972.114	36.718	-46.023	4.27989547974684e-11	9.36873114536487e-12	-9.36873114536487e-12
87052.205	44.384	-43.372	3.96354496715154e-11	8.89188811150859e-12	-8.89188811150859e-12
87153.372	56.046	-56.783	2.56185473392794e-11	5.76626217241024e-12	-5.76626217241024e-12
87254.922	34.730	-45.504	3.01536767405115e-11	6.75363185401959e-12	-6.75363185401959e-12
87333.406	44.002	-43.754	2.67952451216952e-11	5.89316971266772e-12	-5.89316971266772e-12
87415.139	39.995	-37.731	2.88929908331252e-11	6.48190624247689e-12	-6.48190624247689e-12
87500.764	52.156	-45.63	2.29623656136712e-11	5.14296582975091e-12	-5.14296582975091e-12
87588.647	26.956	-35.727	3.57085263871441e-11	8.01091538755735e-12	-8.01091538755735e-12
87687.705	73.316	-72.102	2.07260165199641e-11	4.02289170752872e-12	-4.02289170752872e-12
91339.668	1252.093	-116.777	3.16977852094372e-11	7.48412045787419e-12	-7.48412045787419e-12
92634.884	37.110	-43.124	2.94085133419451e-11	6.5942365714435e-12	-6.5942365714435e-12
92703.959	40.747	-31.965	3.15640644088965e-11	7.05794076625582e-12	-7.05794076625582e-12
92805.630	39.369	-60.924	2.22426504841644e-11	4.99438880301254e-12	-4.99438880301254e-12
92885.740	44.507	-40.741	2.55558908104648e-11	5.75437487432151e-12	-5.75437487432151e-12
92971.740	48.770	-41.493	2.4116557899886e-11	5.40762671898959e-12	-5.40762671898959e-12
93066.516	36.736	-46.006	2.62880977420897e-11	5.89454975056432e-12	-5.89454975056432e-12
93145.246	48.270	-41.994	2.41188842937235e-11	5.40063777948625e-12	-5.40063777948625e-12
93227.243	26.448	-33.728	3.80150009613676e-11	8.29555303225636e-12	-8.29555303225636e-12
93300.200	26.203	-46.509	2.99889778876165e-11	6.71505410446471e-12	-6.71505410446471e-12
93396.787	90.079	-70.385	2.24214370452043e-11	3.94284157795957e-12	-3.94284157795957e-12
98367.495	58.676	-54.153	2.95720631606185e-11	6.61251379481934e-12	-6.61251379481934e-12
98469.588	54.368	-43.417	3.57270342353189e-11	7.66636991345355e-12	-7.66636991345355e-12
98564.698	31.971	-40.742	3.82070553069719e-11	8.57980207966304e-12	-8.57980207966304e-12
98667.366	59.683	-70.697	1.84475750372876e-11	4.13085197016314e-12	-4.13085197016314e-12
98776.565	43.254	-49.516	2.41299982223986e-11	5.40328331914895e-12	-5.40328331914895e-12
98863.819	36.234	-44	2.7667806717203e-11	6.20428002648018e-12	-6.20428002648018e-12
98936.281	44.006	-36.228	2.74659169796938e-11	6.16776576893845e-12	-6.16776576893845e-12
99044.844	63.316	-64.557	1.70318969786015e-11	3.84107730565262e-12	-3.84107730565262e-12
99157.481	76.040	-49.322	2.00627050144679e-11	4.21972892741645e-12	-4.21972892741645e-12
102825.446	57.171	-58.165	2.19889789767541e-11	4.96669476853659e-12	-4.96669476853659e-12
102938.650	66.826	-56.033	2.07543122432746e-11	4.67204449934824e-12	-4.67204449934824e-12
103059.503	56.295	-54.027	2.28082218719732e-11	5.10861363392221e-12	-5.10861363392221e-12
103174.595	51.524	-58.797	2.34703007163848e-11	5.15446142200902e-12	-5.15446142200902e-12
103280.023	43.881	-53.904	2.4807107917902e-11	5.55632685376136e-12	-5.55632685376136e-12
103379.473	79.826	-55.568	1.86492417873383e-11	4.0825978992346e-12	-4.0825978992346e-12
103541.026	58.682	-81.727	1.70323876467019e-11	3.84714139901873e-12	-3.84714139901873e-12
103699.047	91.212	-99.339	1.99236235034224e-11	3.53681273773313e-12	-3.53681273773313e-12
104555.193	126.892	-88.737	1.23095111834834e-11	2.75497795789185e-12	-2.75497795789185e-12
106012.548	3381.533	-1330.462	1.15248870020096e-11	2.12074758717234e-12	-2.12074758717234e-12
166736.741	82.997	-52.398	1.99600947874185e-11	4.4820871697347e-12	-4.4820871697347e-12
166892.569	97.666	-72.831	1.58096572878069e-11	3.550096329462e-12	-3.550096329462e-12
167065.074	63.063	-74.839	2.00026420568754e-11	4.50433935473183e-12	-4.50433935473183e-12
167241.855	46.749	-113.719	1.93739014854011e-11	4.23906677270242e-12	-4.23906677270242e-12
167395.785	65.824	-107.18	1.75846739372784e-11	3.94868006634186e-12	-3.94868006634186e-12
167507.872	56.537	-46.263	2.93856851698646e-11	6.45563067029321e-12	-6.45563067029321e-12
167637.993	91.899	-73.584	1.62304389498995e-11	3.64972737256651e-12	-3.64972737256651e-12
167796.579	71.214	-66.688	1.82686709025544e-11	4.10227328481714e-12	-4.10227328481714e-12
167977.895	103.014	-110.102	1.41062810179569e-11	2.89296876795093e-12	-2.89296876795093e-12
171427.152	101.223	-119.421	8.15305992087725e-12	2.13268679966649e-12	-2.13268679966649e-12
171649.843	96.669	-121.468	1.09131045299581e-11	2.45042891842789e-12	-2.45042891842789e-12
171789.008	65.318	-42.496	2.39207288200792e-11	5.36370213064987e-12	-5.36370213064987e-12
171934.679	85.130	-80.353	1.65203328738852e-11	3.7459537866834e-12	-3.7459537866834e-12
172104.296	91.024	-84.487	1.72322397712094e-11	3.87471872412086e-12	-3.87471872412086e-12
172285.828	82.497	-90.508	1.20764265513104e-11	3.15896551796611e-12	-3.15896551796611e-12
172464.015	62.271	-95.69	1.69355388003797e-11	3.7103247971328e-12	-3.7103247971328e-12
172642.239	69.587	-115.954	1.23830293089204e-11	2.78824585147955e-12	-2.78824585147955e-12
172809.687	85.173	-97.86	9.02573156803704e-12	2.35655266181718e-12	-2.35655266181718e-12
172972.832	72.466	-77.972	1.50203166640541e-11	3.39153542683804e-12	-3.39153542683804e-12
173106.850	46.262	-61.552	2.15143112963126e-11	4.83082585265858e-12	-4.83082585265858e-12
173253.573	107.646	-100.46	1.18549280665412e-11	2.61804647871834e-12	-2.61804647871834e-12
173461.257	50.401	-100.038	1.61873253485768e-11	3.64484680123865e-12	-3.64484680123865e-12
173657.737	162.309	-146.079	1.53892977530438e-11	2.47657714705935e-12	-2.47657714705935e-12
178268.320	79.116	-123.976	1.55037581663301e-11	3.49078996379035e-12	-3.49078996379035e-12
178455.318	127.805	-107.882	9.92430060432238e-12	2.5827758911039e-12	-2.5827758911039e-12
178700.078	111.209	-116.956	1.35043050911298e-11	3.04059858438369e-12	-3.04059858438369e-12
178996.301	223.674	-185.013	1.25032755620785e-11	2.19354706631348e-12	-2.19354706631348e-12
258413.161	102.056	-133.631	7.43907331392727e-12	1.94540662152046e-12	-1.94540662152046e-12
258619.096	91.690	-103.88	8.99869634889199e-12	2.33992260920268e-12	-2.33992260920268e-12
258846.086	115.431	-135.3	7.01357024194073e-12	1.8211510132899e-12	-1.8211510132899e-12
259088.968	103.222	-127.451	7.63453871009741e-12	1.97958982027925e-12	-1.97958982027925e-12
259290.551	114.761	-98.361	8.18145577744775e-12	2.14260226679274e-12	-2.14260226679274e-12
259496.322	87.009	-91.011	1.31655676734389e-11	2.96898606816083e-12	-2.96898606816083e-12
259741.803	132.369	-158.472	9.66520399273657e-12	1.99395259815574e-12	-1.99395259815574e-12
264637.441	110.156	-150.604	1.23616458673141e-11	2.71024960973447e-12	-2.71024960973447e-12
264886.742	129.138	-139.145	7.99888052259906e-12	2.10118522820602e-12	-2.10118522820602e-12
265254.651	345.427	-238.772	5.8429613529325e-12	1.24693652486673e-12	-1.24693652486673e-12
269175.140	135.488	-100.2	9.07193116466855e-12	2.37271258300197e-12	-2.37271258300197e-12
269475.685	98.212	-165.056	8.2537077670931e-12	2.15251396671482e-12	-2.15251396671482e-12
269725.414	119.273	-151.517	7.91865519799957e-12	2.07108006625005e-12	-2.07108006625005e-12
269961.396	63.817	-116.709	1.58249956579455e-11	3.55753719135335e-12	-3.55753719135335e-12
270119.546	88.702	-94.332	1.23851290847969e-11	3.12123631614283e-12	-3.12123631614283e-12
270329.596	99.295	-121.349	1.31587112654683e-11	2.95814413096649e-12	-2.95814413096649e-12
270534.064	143.051	-105.173	1.20646013323133e-11	2.7121830975849e-12	-2.7121830975849e-12
270779.324	80.825	-102.209	1.27390201362311e-11	3.29857823793425e-12	-3.29857823793425e-12
271064.100	274.932	-203.951	8.69034901052906e-12	1.68711240271878e-12	-1.68711240271878e-12
275431.445	120.985	-102.166	1.17274923480691e-11	2.63511658742733e-12	-2.63511658742733e-12
275678.873	104.230	-126.443	8.39246062921035e-12	2.1895566687738e-12	-2.1895566687738e-12
276028.015	201.385	-244.912	7.46463798772661e-12	1.47603928246065e-12	-1.47603928246065e-12
287783.742	103.275	-82.266	1.09560277279455e-11	2.7575232882945e-12	-2.7575232882945e-12
288040.105	110.180	-153.088	7.76777485598975e-12	1.96037279301506e-12	-1.96037279301506e-12
288260.086	90.780	-109.801	1.07002169360565e-11	2.63177274744439e-12	-2.63177274744439e-12
315688.724	117.269	-118.419	8.2905031642068e-12	2.15848648597576e-12	-2.15848648597576e-12
315898.506	125.624	-92.513	8.99051421256068e-12	2.34073898715698e-12	-2.34073898715698e-12
316208.517	221.793	-184.387	6.7593535524019e-12	1.4808565409872e-12	-1.4808565409872e-12
327816.142	135.325	-120.421	7.94708606815726e-12	2.08432611953587e-12	-2.08432611953587e-12
328101.983	97.708	-150.516	8.1116575439034e-12	2.12139986207633e-12	-2.12139986207633e-12
328321.277	229.433	-121.587	8.84706302995348e-12	1.87937783850782e-12	-1.87937783850782e-12
343900.009	116.430	-101.706	1.4536146134356e-11	3.78010861740319e-12	-3.78010861740319e-12
344183.495	168.924	-167.056	9.48003459551665e-12	2.4830610131882e-12	-2.4830610131882e-12
344628.982	182.270	-276.563	9.73211434299848e-12	2.14993968554499e-12	-2.14993968554499e-12
356037.389	231.938	-199.318	1.11745684284229e-11	2.26530467536332e-12	-2.26530467536332e-12
368055.501	393.855	-335.769	6.7272007029931e-12	1.30705650918063e-12	-1.30705650918063e-12
373173.088	191.993	-204.163	6.14669462381345e-12	1.61717133803832e-12	-1.61717133803832e-12
373500.221	82.996	-135.14	1.12367149452957e-11	2.90964107149481e-12	-2.90964107149481e-12
373732.553	196.673	-149.336	6.97761665810271e-12	1.82513375847671e-12	-1.82513375847671e-12
374039.403	110.461	-110.177	1.30629031855922e-11	3.10116062143584e-12	-3.10116062143584e-12
378939.163	95.034	-210.858	6.77121250497288e-12	1.77349051638194e-12	-1.77349051638194e-12
379134.568	122.779	-100.371	9.2699182920244e-12	2.41059129241645e-12	-2.41059129241645e-12
379612.903	296.340	-355.555	5.24842702070317e-12	1.06602606163503e-12	-1.06602606163503e-12
418968.439	342.275	-241.928	3.82903357036733e-12	9.96575211834169e-13	-9.96575211834169e-13
419644.916	405.450	-334.201	5.25825134391661e-12	1.03837185914418e-12	-1.03837185914418e-12
442666.604	364.714	-312.257	3.4526194853933e-12	8.26399431049944e-13	-8.26399431049944e-13
510135.588	252.516	-261.484	5.23351117934073e-12	1.3604966938692e-12	-1.3604966938692e-12
510698.062	289.291	-309.957	4.44097242750835e-12	1.16239078435868e-12	-1.16239078435868e-12
511262.857	228.457	-275.504	6.41104234646512e-12	1.52158841556048e-12	-1.52158841556048e-12
515893.840	203.699	-282.72	5.75484063298935e-12	1.49954647663464e-12	-1.49954647663464e-12
516293.680	217.565	-196.141	6.76730982283526e-12	1.75963682684567e-12	-1.75963682684567e-12
516905.930	344.964	-394.685	7.0457086483441e-12	1.34006123986762e-12	-1.34006123986762e-12
527422.624	316.873	-317.478	3.86682352404417e-12	1.01252815528592e-12	-1.01252815528592e-12
528034.539	316.735	-295.041	4.2816854072002e-12	1.08460008115181e-12	-1.08460008115181e-12
539694.735	415.297	-419.634	4.68343883217189e-12	9.30076725529656e-13	-9.30076725529656e-13
551752.960	296.409	-405.635	3.82075012837771e-12	9.34589316648954e-13	-9.34589316648954e-13
591975.008	455.030	-487.715	4.04492939232607e-12	7.88856000688266e-13	-7.88856000688266e-13
603511.531	378.423	-348.694	4.60201548558874e-12	9.52476267061339e-13	-9.52476267061339e-13
612106.829	7263.769	-3362.122	3.40635531938462e-12	6.62460273876413e-13	-6.62460273876413e-13
647144.775	24727.207	-10765.465	2.84115901058298e-12	7.47960748135049e-13	-7.47960748135049e-13
672383.422	325.998	-511.44	3.52392301540465e-12	8.9440988306481e-13	-8.9440988306481e-13
680583.667	3465.588	-2998.738	3.33583932249235e-12	6.33545288345415e-13	-6.33545288345415e-13
711460.682	254.669	-206.677	6.24244952567987e-12	1.62480163322246e-12	-1.62480163322246e-12
712152.951	517.679	-437.599	4.00385611276857e-12	9.01787021897246e-13	-9.01787021897246e-13
764031.587	478.442	-642.321	2.83644591539766e-12	6.48747799555252e-13	-6.48747799555252e-13
785983.785	723.824	-793.093	3.0161579094043e-12	5.64606406316753e-13	-5.64606406316753e-13
804078.315	390.535	-374.192	3.28341815206236e-12	8.34810669280209e-13	-8.34810669280209e-13
843674.544	575.646	-688.033	2.87256784330892e-12	6.40287784699053e-13	-6.40287784699053e-13
866624.284	605.080	-696.209	3.66754617662961e-12	7.59360245289672e-13	-7.59360245289672e-13
952542.456	728.031	-874.133	2.74553855246333e-12	5.83763525959944e-13	-5.83763525959944e-13
958799.650	4659.696	-1331.325	1.76076627177275e-12	4.65593237901219e-13	-4.65593237901219e-13
963856.387	573.284	-397.041	2.97605797972553e-12	7.80873982784298e-13	-7.80873982784298e-13
1004813.651	5937.376	-29541.599	3.01206949122364e-12	5.90850530428483e-13	-5.90850530428483e-13
1124543.695	626.158	-685.16	3.56259405951465e-12	9.37824956081062e-13	-9.37824956081062e-13
1141615.235	28976.012	-5996.549	3.65853344898648e-12	6.81464110248187e-13	-6.81464110248187e-13
1211695.098	9673.171	-7274.791	1.57387270132636e-12	4.16588733654278e-13	-4.16588733654278e-13
1223038.571	5392.465	-1670.302	1.69958243034478e-12	3.93766306167053e-13	-3.93766306167053e-13
1316908.322	72799.527	-48803.256	2.28102721627708e-12	3.37598529847416e-13	-3.37598529847416e-13
1514122.685	18806.929	-40200.619	1.99745037114243e-12	4.83432760121511e-13	-4.83432760121511e-13
1554781.763	12109.001	-5728.42	1.10704136818054e-12	2.96098190355274e-13	-2.96098190355274e-13
1807299.962	17949.419	-17778.451	9.09895128632549e-13	1.81857570255411e-13	-1.81857570255411e-13
1977422.928	20446.192	-20545.023	6.61998744520919e-13	1.47116125052125e-13	-1.47116125052125e-13
2164494.866	5154.927	-7786.339	8.51338362578037e-13	1.9146764857974e-13	-1.9146764857974e-13
2307571.626	22817.556	-18742.079	6.63586587719067e-13	1.51463929799182e-13	-1.51463929799182e-13
2506574.449	13176.298	-6053.104	6.27235119579613e-13	1.46322069055297e-13	-1.46322069055297e-13
2988567.420	247880.250	-269989.298	5.56659589684137e-13	9.88539873051814e-14	-9.88539873051814e-14
3710794.742	225615.748	-183403.044	3.5712665858346e-13	7.36208716026118e-14	-7.36208716026118e-14
4416034.159	346575.707	-215830.614	3.13943963813257e-13	7.27901334554048e-14	-7.27901334554048e-14
5471533.589	496476.888	-440590.335	1.7336582553975e-13	4.44224891661762e-14	-4.44224891661762e-14
6873453.525	276316.703	-636510.047	1.37977753443882e-13	3.97080506136362e-14	-3.97080506136362e-14
8514276.392	1651813.209	-1108060.085	1.67597806086036e-13	4.24583033735163e-14	-4.24583033735163e-14
