## BAT - batSNR4flux
0.0209999871253967	0.02	-0.02	1.11817020196252e-08	1.88150148817848e-09	-1.88150148817848e-09
0.0610000085830689	0.02	-0.02	1.19950232982084e-08	2.00395373927899e-09	-2.00395373927899e-09
0.100999970436096	0.02	-0.02	1.55241282684977e-08	2.10841921693647e-09	-2.10841921693647e-09
0.140999991893768	0.02	-0.02	1.56117217610173e-08	2.08606272977647e-09	-2.08606272977647e-09
0.18100001335144	0.02	-0.02	1.82930623152612e-08	2.14034659900252e-09	-2.14034659900252e-09
0.220999975204468	0.02	-0.02	1.33221308332116e-08	2.23309053174296e-09	-2.23309053174296e-09
0.26099999666214	0.02	-0.02	1.57324965341863e-08	2.20722347609685e-09	-2.20722347609685e-09
0.300999958515167	0.02	-0.02	1.8733086145796e-08	2.40038117784264e-09	-2.40038117784264e-09
0.340999979972839	0.02	-0.02	1.37762483449001e-08	2.31197002479671e-09	-2.31197002479671e-09
0.381000001430511	0.02	-0.02	1.22569351276138e-08	2.14911633905051e-09	-2.14911633905051e-09
0.420999963283539	0.02	-0.02	1.51815850736679e-08	1.97445781864413e-09	-1.97445781864413e-09
0.460999984741211	0.02	-0.02	1.40636694829027e-08	1.88780569144498e-09	-1.88780569144498e-09
0.501000006198883	0.02	-0.02	9.77619378485881e-09	1.68715629743099e-09	-1.68715629743099e-09
0.54099996805191	0.02	-0.02	1.18686108163611e-08	1.59455831765445e-09	-1.59455831765445e-09
0.580999989509583	0.02	-0.02	1.74374066002536e-08	2.3282573590667e-09	-2.3282573590667e-09
0.621000010967255	0.02	-0.02	2.90029465388266e-08	3.81110378140584e-09	-3.81110378140584e-09
0.660999972820282	0.02	-0.02	5.19723264520664e-08	6.28808089301686e-09	-6.28808089301686e-09
0.700999994277954	0.02	-0.02	7.62445181899744e-08	1.01767376121663e-08	-1.01767376121663e-08
0.740999956130981	0.02	-0.02	5.71035499264961e-08	1.08286715924254e-08	-1.08286715924254e-08
0.780999977588654	0.02	-0.02	7.5840596894599e-08	1.11208612905984e-08	-1.11208612905984e-08
0.820999999046326	0.02	-0.02	4.11567180483609e-08	9.0608813671367e-09	-9.0608813671367e-09
0.860999960899353	0.02	-0.02	5.39844066957146e-08	8.02736904596305e-09	-8.02736904596305e-09
0.900999982357025	0.02	-0.02	5.0910978562365e-08	7.53626703971717e-09	-7.53626703971717e-09
0.941000003814697	0.02	-0.02	2.05747301506416e-08	4.49319590210975e-09	-4.49319590210975e-09
0.980999965667725	0.02	-0.02	2.17386028119269e-08	2.9019164151187e-09	-2.9019164151187e-09
1.0209999871254	0.02	-0.02	1.20096609805151e-08	1.7006675586961e-09	-1.7006675586961e-09
1.06100000858307	0.02	-0.02	7.48787741289196e-09	1.03744629261277e-09	-1.03744629261277e-09
1.1009999704361	0.02	-0.02	3.31493261310677e-09	6.37817915278518e-10	-6.37817915278518e-10
1.14099999189377	0.02	-0.02	4.06516486159822e-09	6.67010868356047e-10	-6.67010868356047e-10
1.18100001335144	0.02	-0.02	5.84664375339801e-09	1.08261344716719e-09	-1.08261344716719e-09
1.22099997520447	0.02	-0.02	8.28996477005086e-09	1.85001003822469e-09	-1.85001003822469e-09
1.26099999666214	0.02	-0.02	1.35889363666602e-08	2.96244501653824e-09	-2.96244501653824e-09
1.30099995851517	0.02	-0.02	3.12824275864978e-08	5.1401530130209e-09	-5.1401530130209e-09
1.34099997997284	0.02	-0.02	3.41183177981403e-08	8.24685080148486e-09	-8.24685080148486e-09
1.38100000143051	0.02	-0.02	5.27922908868155e-08	1.03199120840726e-08	-1.03199120840726e-08
1.42099996328354	0.02	-0.02	4.30336146342493e-08	8.67752851876991e-09	-8.67752851876991e-09
1.46099998474121	0.02	-0.02	3.87521967222388e-08	8.07675601607942e-09	-8.07675601607942e-09
1.50100000619888	0.02	-0.02	3.88033322770876e-08	7.01329607977147e-09	-7.01329607977147e-09
1.54099996805191	0.02	-0.02	2.83028234446291e-08	5.76234800920726e-09	-5.76234800920726e-09
1.58099998950958	0.02	-0.02	2.09715562444364e-08	5.02558959000033e-09	-5.02558959000033e-09
1.62100001096725	0.02	-0.02	1.36838075748688e-08	4.72613387781269e-09	-4.72613387781269e-09
1.66099997282028	0.02	-0.02	2.34286804129084e-08	4.12651496535564e-09	-4.12651496535564e-09
1.70099999427795	0.02	-0.02	1.87689902622237e-08	3.76221451193032e-09	-3.76221451193032e-09
1.76099996685982	0.04	-0.04	5.77701450429027e-09	2.18885215973559e-09	-2.18885215973559e-09
1.86099998076757	0.06	-0.06	1.10731699143817e-08	2.1987953063578e-09	-2.1987953063578e-09
1.9410000038147	0.02	-0.02	2.40741831955756e-08	4.44709428447384e-09	-4.44709428447384e-09
1.98099996566772	0.02	-0.02	2.39956006040222e-08	4.92427681006892e-09	-4.92427681006892e-09
2.0209999871254	0.02	-0.02	1.97414400230524e-08	5.52122327692749e-09	-5.52122327692749e-09
2.06100000858307	0.02	-0.02	3.10460035298948e-08	6.02869164941262e-09	-6.02869164941262e-09
2.1009999704361	0.02	-0.02	2.84771541143556e-08	7.01930606282053e-09	-7.01930606282053e-09
2.14099999189377	0.02	-0.02	2.92507207803029e-08	7.16050080549134e-09	-7.16050080549134e-09
2.18100001335144	0.02	-0.02	4.85683943813269e-08	7.54740358572702e-09	-7.54740358572702e-09
2.22099997520447	0.02	-0.02	4.65044738835607e-08	7.83914941817881e-09	-7.83914941817881e-09
2.26099999666214	0.02	-0.02	4.52111097831778e-08	7.26068115904828e-09	-7.26068115904828e-09
2.30099995851517	0.02	-0.02	3.3209936176468e-08	6.95552075812357e-09	-6.95552075812357e-09
2.34099997997284	0.02	-0.02	3.27669133920631e-08	6.65134989340448e-09	-6.65134989340448e-09
2.38100000143051	0.02	-0.02	3.10522170443151e-08	6.48981620587465e-09	-6.48981620587465e-09
2.42099996328354	0.02	-0.02	2.89816264768568e-08	6.41045766197667e-09	-6.41045766197667e-09
2.46099998474121	0.02	-0.02	2.88238817350416e-08	5.93328624062404e-09	-5.93328624062404e-09
2.50100000619888	0.02	-0.02	2.71867134175308e-08	5.92465526553619e-09	-5.92465526553619e-09
2.54099996805191	0.02	-0.02	2.94872851077434e-08	7.07274927230426e-09	-7.07274927230426e-09
2.58099998950958	0.02	-0.02	4.26976868830863e-08	9.34213830167409e-09	-9.34213830167409e-09
2.62100001096725	0.02	-0.02	4.53359953485627e-08	1.10139405129081e-08	-1.10139405129081e-08
2.66099997282028	0.02	-0.02	3.79852465910105e-08	1.44516981231875e-08	-1.44516981231875e-08
2.70099999427795	0.02	-0.02	7.10432646751053e-08	1.7386898383222e-08	-1.7386898383222e-08
2.74099995613098	0.02	-0.02	9.00710264050779e-08	2.05777460591535e-08	-2.05777460591535e-08
2.82099997917811	0.06	-0.06	1.00866434306711e-07	1.96986979964669e-08	-1.96986979964669e-08
2.90099998235703	0.02	-0.02	1.77507845191508e-07	4.29428558443933e-08	-4.29428558443933e-08
2.9410000038147	0.02	-0.02	1.43992189671627e-07	4.03580353304523e-08	-4.03580353304523e-08
2.98099996566772	0.02	-0.02	1.77029170956205e-07	3.89134303073991e-08	-3.89134303073991e-08
3.0209999871254	0.02	-0.02	2.00479402793181e-07	3.52761921481594e-08	-3.52761921481594e-08
3.06100000858307	0.02	-0.02	1.93503642623959e-07	3.33932565506185e-08	-3.33932565506185e-08
3.1009999704361	0.02	-0.02	1.47622977856488e-07	3.07434451085491e-08	-3.07434451085491e-08
3.14099999189377	0.02	-0.02	1.51848390086991e-07	2.63456220683686e-08	-2.63456220683686e-08
3.18100001335144	0.02	-0.02	1.34662913113329e-07	1.94295589469097e-08	-1.94295589469097e-08
3.2409999859333	0.04	-0.04	4.42175335738612e-08	9.8699994208562e-09	-9.8699994208562e-09
3.30099995851517	0.02	-0.02	4.5724507091407e-08	1.02060784955357e-08	-1.02060784955357e-08
3.34099997997284	0.02	-0.02	4.1063090598631e-08	8.15035881723937e-09	-8.15035881723937e-09
3.38100000143051	0.02	-0.02	3.17502985388901e-08	7.2483799639972e-09	-7.2483799639972e-09
3.42099996328354	0.02	-0.02	2.68348342076191e-08	6.55376914573537e-09	-6.55376914573537e-09
3.46099998474121	0.02	-0.02	3.18035605215719e-08	7.99587783666981e-09	-7.99587783666981e-09
3.50100000619888	0.02	-0.02	3.62395577426926e-08	7.26245866792104e-09	-7.26245866792104e-09
3.54099996805191	0.02	-0.02	4.29849570854483e-08	7.22912614415188e-09	-7.22912614415188e-09
3.58099998950958	0.02	-0.02	4.47457637862548e-08	7.31611100268065e-09	-7.31611100268065e-09
3.62100001096725	0.02	-0.02	3.94788123344137e-08	6.72221427316167e-09	-6.72221427316167e-09
3.66099997282028	0.02	-0.02	3.16375097893888e-08	7.21518670084468e-09	-7.21518670084468e-09
3.74099995613098	0.02	-0.02	3.90008089635691e-08	7.49537015632664e-09	-7.49537015632664e-09
3.78099997758865	0.02	-0.02	3.1289771523142e-08	6.97198873030244e-09	-6.97198873030244e-09
3.82099999904633	0.02	-0.02	3.30381336377766e-08	6.06912809677522e-09	-6.06912809677522e-09
3.86099996089935	0.02	-0.02	3.45353680268031e-08	5.57817813582452e-09	-5.57817813582452e-09
3.90099998235703	0.02	-0.02	3.19719149388064e-08	5.06361118229205e-09	-5.06361118229205e-09
3.9410000038147	0.02	-0.02	2.65188663373623e-08	4.49818851282462e-09	-4.49818851282462e-09
3.98099996566772	0.02	-0.02	2.52414792070293e-08	4.00163401294398e-09	-4.00163401294398e-09
4.0209999871254	0.02	-0.02	2.50001541515194e-08	3.75474562147631e-09	-3.75474562147631e-09
4.06100000858307	0.02	-0.02	2.21782280782497e-08	3.25444737358202e-09	-3.25444737358202e-09
4.1009999704361	0.02	-0.02	1.46131690070391e-08	2.92503225813162e-09	-2.92503225813162e-09
4.14099999189377	0.02	-0.02	1.8817896212326e-08	2.97135320754081e-09	-2.97135320754081e-09
4.18100001335144	0.02	-0.02	2.39250561327715e-08	3.83509634076214e-09	-3.83509634076214e-09
4.22099997520447	0.02	-0.02	3.00493991686718e-08	4.74915213072614e-09	-4.74915213072614e-09
4.26099999666214	0.02	-0.02	3.83840970787018e-08	6.06072975527089e-09	-6.06072975527089e-09
4.30099995851517	0.02	-0.02	3.91272694735838e-08	7.22268390446865e-09	-7.22268390446865e-09
4.34099997997284	0.02	-0.02	6.78304179442924e-08	8.843131148837e-09	-8.843131148837e-09
4.38100000143051	0.02	-0.02	6.6712112224437e-08	1.14018726695802e-08	-1.14018726695802e-08
4.42099996328354	0.02	-0.02	5.33534762106524e-08	1.20552039796692e-08	-1.20552039796692e-08
4.46099998474121	0.02	-0.02	7.40947767613397e-08	1.15351836402609e-08	-1.15351836402609e-08
4.50100000619888	0.02	-0.02	7.7928518401065e-08	1.30523170658065e-08	-1.30523170658065e-08
4.54099996805191	0.02	-0.02	8.21627950546502e-08	1.36730580017499e-08	-1.36730580017499e-08
4.58099998950958	0.02	-0.02	8.17315670490466e-08	9.70982946674559e-09	-9.70982946674559e-09
4.62100001096725	0.02	-0.02	4.81790239785365e-08	6.47515196667117e-09	-6.47515196667117e-09
4.66099997282028	0.02	-0.02	2.82217021605118e-08	4.70100564495676e-09	-4.70100564495676e-09
4.70099999427795	0.02	-0.02	2.13581105948689e-08	3.40706671839289e-09	-3.40706671839289e-09
4.74099995613098	0.02	-0.02	1.45967943819643e-08	3.10890736855627e-09	-3.10890736855627e-09
4.78099997758865	0.02	-0.02	2.68315647960842e-08	4.02482391510215e-09	-4.02482391510215e-09
4.82099999904633	0.02	-0.02	2.15765426215228e-08	4.58805551181977e-09	-4.58805551181977e-09
4.86099996089935	0.02	-0.02	3.26878894866952e-08	6.14202769246631e-09	-6.14202769246631e-09
4.90099998235702	0.02	-0.02	4.39150081629074e-08	7.45451432350126e-09	-7.45451432350126e-09
4.9410000038147	0.02	-0.02	4.78589864919107e-08	8.79473163062121e-09	-8.79473163062121e-09
4.98099996566772	0.02	-0.02	4.95194233215706e-08	9.97957406048627e-09	-9.97957406048627e-09
5.0209999871254	0.02	-0.02	7.83169527511464e-08	1.16571844474888e-08	-1.16571844474888e-08
5.06100000858307	0.02	-0.02	7.8592130317308e-08	1.3347001848416e-08	-1.3347001848416e-08
5.1009999704361	0.02	-0.02	1.00990727736879e-07	1.43231043685785e-08	-1.43231043685785e-08
5.14099999189377	0.02	-0.02	1.21470715036909e-07	1.59721303464332e-08	-1.59721303464332e-08
5.18100001335144	0.02	-0.02	8.95016802780111e-08	1.40493367610121e-08	-1.40493367610121e-08
5.22099997520447	0.02	-0.02	6.99499288393511e-08	1.22808924614744e-08	-1.22808924614744e-08
5.26099999666214	0.02	-0.02	6.21105280618203e-08	1.11620161598307e-08	-1.11620161598307e-08
5.30099995851517	0.02	-0.02	5.09870843242299e-08	9.19196860010256e-09	-9.19196860010256e-09
5.34099997997284	0.02	-0.02	4.76613431068586e-08	8.73202951389712e-09	-8.73202951389712e-09
5.38100000143051	0.02	-0.02	5.66212857481637e-08	8.31303225594598e-09	-8.31303225594598e-09
5.42099996328354	0.02	-0.02	5.87216024974232e-08	7.60008552125305e-09	-7.60008552125305e-09
5.46099998474121	0.02	-0.02	3.21509792386248e-08	6.84434934332506e-09	-6.84434934332506e-09
5.50100000619888	0.02	-0.02	3.48104769218719e-08	6.46721808771092e-09	-6.46721808771092e-09
5.54099996805191	0.02	-0.02	2.91918755053484e-08	5.97605441525862e-09	-5.97605441525862e-09
5.58099998950958	0.02	-0.02	3.298119549966e-08	5.47976495083701e-09	-5.47976495083701e-09
5.62100001096725	0.02	-0.02	1.70723858245067e-08	5.09985110466871e-09	-5.09985110466871e-09
5.66099997282028	0.02	-0.02	2.67910011573699e-08	5.58593028578203e-09	-5.58593028578203e-09
5.70099999427795	0.02	-0.02	2.86458247840837e-08	5.63740592409065e-09	-5.63740592409065e-09
5.74099995613098	0.02	-0.02	2.68356475577549e-08	5.67398661153155e-09	-5.67398661153155e-09
5.80099998831749	0.04	-0.04	2.12576969492988e-08	4.361106940788e-09	-4.361106940788e-09
5.88099997162819	0.04	-0.04	2.25762904366268e-08	4.69107406601144e-09	-4.69107406601144e-09
5.96099998474121	0.04	-0.04	2.49023611420246e-08	4.9975054292365e-09	-4.9975054292365e-09
6.0209999871254	0.02	-0.02	3.27977591014861e-08	7.10559826242862e-09	-7.10559826242862e-09
6.06100000858307	0.02	-0.02	3.13115416566154e-08	7.67103002719978e-09	-7.67103002719978e-09
6.14099999189377	0.06	-0.06	2.86509440865418e-08	4.78664346657361e-09	-4.78664346657361e-09
6.22099997520447	0.02	-0.02	3.87418954235733e-08	9.04319370930285e-09	-9.04319370930285e-09
6.28099997758865	0.04	-0.04	3.39391456273438e-08	7.18330620900031e-09	-7.18330620900031e-09
6.36099999070167	0.04	-0.04	2.64019453220222e-08	8.30319760046647e-09	-8.30319760046647e-09
6.44099997401237	0.04	-0.04	4.98655527511246e-08	9.7654969943425e-09	-9.7654969943425e-09
6.5209999871254	0.04	-0.04	4.12075982576272e-08	1.07671522872029e-08	-1.07671522872029e-08
6.60100000023842	0.04	-0.04	5.5685422596399e-08	1.33214960355345e-08	-1.33214960355345e-08
6.68099998354912	0.04	-0.04	4.31224000406729e-08	1.58926973722771e-08	-1.58926973722771e-08
6.76099996685982	0.04	-0.04	8.87958218811227e-08	1.91334519767919e-08	-1.91334519767919e-08
6.86099998076757	0.06	-0.06	1.04541202990546e-07	1.81521631466681e-08	-1.81521631466681e-08
6.9410000038147	0.02	-0.02	1.81947301417659e-07	3.3962706369736e-08	-3.3962706369736e-08
7.00099997639656	0.04	-0.04	9.74506381386628e-08	2.13458011683651e-08	-2.13458011683651e-08
7.06100000858307	0.02	-0.02	1.01861998093183e-07	2.54161497653225e-08	-2.54161497653225e-08
7.1009999704361	0.02	-0.02	7.50144007098389e-08	2.3154976999217e-08	-2.3154976999217e-08
7.14099999189377	0.02	-0.02	8.72757891790053e-08	2.12074098528427e-08	-2.12074098528427e-08
7.18100001335144	0.02	-0.02	9.9849969556441e-08	1.86635005055382e-08	-1.86635005055382e-08
7.22099997520447	0.02	-0.02	9.46340870704046e-08	1.7478439289799e-08	-1.7478439289799e-08
7.26099999666214	0.02	-0.02	6.35264276405179e-08	1.72920262502384e-08	-1.72920262502384e-08
7.30099995851517	0.02	-0.02	1.11071776414851e-07	1.81231922397533e-08	-1.81231922397533e-08
7.34099997997284	0.02	-0.02	1.14586920302628e-07	1.74576298025846e-08	-1.74576298025846e-08
7.38100000143051	0.02	-0.02	7.50530757457288e-08	1.50880785499728e-08	-1.50880785499728e-08
7.42099996328354	0.02	-0.02	6.96966006893816e-08	1.38683827802793e-08	-1.38683827802793e-08
7.46099998474121	0.02	-0.02	9.31189866076682e-08	1.37502538842479e-08	-1.37502538842479e-08
7.50100000619888	0.02	-0.02	6.52921836745293e-08	1.27640083189565e-08	-1.27640083189565e-08
7.54099996805191	0.02	-0.02	6.78095491605237e-08	1.03259111918258e-08	-1.03259111918258e-08
7.58099998950958	0.02	-0.02	2.47392676412982e-08	9.58196052052543e-09	-9.58196052052543e-09
7.62100001096725	0.02	-0.02	4.45296153833636e-08	8.02997016779456e-09	-8.02997016779456e-09
7.66099997282028	0.02	-0.02	3.34077065736546e-08	7.13292159459623e-09	-7.13292159459623e-09
7.70099999427795	0.02	-0.02	2.35078389122531e-08	6.20961284421495e-09	-6.20961284421495e-09
7.74099995613098	0.02	-0.02	2.72497493399514e-08	5.82224178129064e-09	-5.82224178129064e-09
7.78099997758865	0.02	-0.02	1.80489571728945e-08	4.82496206865834e-09	-4.82496206865834e-09
7.82099999904633	0.02	-0.02	1.87382341508472e-08	4.05060198577298e-09	-4.05060198577298e-09
7.90099998235702	0.06	-0.06	1.0447751274133e-08	2.29071653410088e-09	-2.29071653410088e-09
7.98099996566772	0.02	-0.02	2.12409354829275e-08	4.43837626391244e-09	-4.43837626391244e-09
8.0209999871254	0.02	-0.02	2.39487423347615e-08	5.27407776196817e-09	-5.27407776196817e-09
8.08099998950958	0.04	-0.04	2.07776088772944e-08	4.24544830430328e-09	-4.24544830430328e-09
8.14099999189377	0.02	-0.02	3.08070089044409e-08	6.488472109758e-09	-6.488472109758e-09
8.18100001335144	0.02	-0.02	3.60486568237108e-08	7.02116201092981e-09	-7.02116201092981e-09
8.26099997679392	0.06	-0.06	2.6158333953225e-08	4.85462676529229e-09	-4.85462676529229e-09
8.34099997997284	0.02	-0.02	4.37326198429839e-08	1.04845264545085e-08	-1.04845264545085e-08
8.38100000143051	0.02	-0.02	3.44621978518336e-08	1.04580825202007e-08	-1.04580825202007e-08
8.42099996328354	0.02	-0.02	5.83380390319863e-08	1.25672151612733e-08	-1.25672151612733e-08
8.5209999871254	0.08	-0.08	5.12670001426257e-08	9.87517745855598e-09	-9.87517745855598e-09
8.64099999189377	0.04	-0.04	1.21144980977803e-07	2.41420866183085e-08	-2.41420866183085e-08
8.72099997520447	0.04	-0.04	1.1261449032413e-07	3.55324413089019e-08	-3.55324413089019e-08
8.78099997758865	0.02	-0.02	2.98437718564957e-07	6.63145109182136e-08	-6.63145109182136e-08
8.82099999904633	0.02	-0.02	4.05960822175574e-07	8.0410930158901e-08	-8.0410930158901e-08
8.90099998235702	0.06	-0.06	2.9293239974876e-07	5.33059040200614e-08	-5.33059040200614e-08
8.98099996566772	0.02	-0.02	3.93541682246374e-07	8.5890993417761e-08	-8.5890993417761e-08
9.06099998871485	0.06	-0.06	1.65598560193293e-07	4.51637935399754e-08	-4.51637935399754e-08
9.18099999348322	0.06	-0.06	1.77901349331906e-07	4.28263265571355e-08	-4.28263265571355e-08
9.28099997758865	0.04	-0.04	2.05331216466862e-07	4.56285296434775e-08	-4.56285296434775e-08
9.36099999070167	0.04	-0.04	1.54864786787378e-07	4.07607466805378e-08	-4.07607466805378e-08
9.42099996328354	0.02	-0.02	2.39877846578312e-07	5.26360615425494e-08	-5.26360615425494e-08
9.50099998633067	0.06	-0.06	1.2174506521264e-07	2.43260767983537e-08	-2.43260767983537e-08
9.62099999109904	0.06	-0.06	7.02215253805183e-08	1.73366713640226e-08	-1.73366713640226e-08
9.70099999427795	0.02	-0.02	1.20699675572799e-07	2.60003400588551e-08	-2.60003400588551e-08
9.74099995613098	0.02	-0.02	7.4814984666288e-08	2.15642650938187e-08	-2.15642650938187e-08
9.78099997758865	0.02	-0.02	8.27777473599456e-08	1.96584680954677e-08	-1.96584680954677e-08
9.84099997997284	0.04	-0.04	3.56855964565917e-08	1.15105793088181e-08	-1.15105793088181e-08
9.90099998235702	0.02	-0.02	6.5811629262465e-08	1.42336503356477e-08	-1.42336503356477e-08
9.9410000038147	0.02	-0.02	4.51736744101967e-08	1.12853900654965e-08	-1.12853900654965e-08
10.0009999763966	0.04	-0.04	3.27556543115109e-08	7.37782093250454e-09	-7.37782093250454e-09
10.1009999903043	0.06	-0.06	2.46529050635542e-08	4.79915720855492e-09	-4.79915720855492e-09
10.1810000133514	0.02	-0.02	4.87566400993819e-08	9.37432020932049e-09	-9.37432020932049e-09
10.2209999752045	0.02	-0.02	6.22921491777707e-08	1.11911078291908e-08	-1.11911078291908e-08
10.2609999966621	0.02	-0.02	5.61082136728514e-08	1.24158588935363e-08	-1.24158588935363e-08
10.3009999585152	0.02	-0.02	8.30017554953625e-08	1.45806195534634e-08	-1.45806195534634e-08
10.3409999799728	0.02	-0.02	8.45614930993365e-08	1.62549706612844e-08	-1.62549706612844e-08
10.3810000014305	0.02	-0.02	6.62798862949079e-08	1.90786770045802e-08	-1.90786770045802e-08
10.4209999632835	0.02	-0.02	1.15353694207207e-07	2.05143432294231e-08	-2.05143432294231e-08
10.5009999863307	0.06	-0.06	9.58639995433383e-08	1.50743265556487e-08	-1.50743265556487e-08
10.5809999895096	0.02	-0.02	1.39818305814995e-07	3.3237687559506e-08	-3.3237687559506e-08
10.6210000109673	0.02	-0.02	1.45346973704456e-07	3.29252124407223e-08	-3.29252124407223e-08
10.6609999728203	0.02	-0.02	1.12207971944783e-07	2.85512316944847e-08	-2.85512316944847e-08
10.700999994278	0.02	-0.02	1.02696260719254e-07	2.33956873851247e-08	-2.33956873851247e-08
10.740999956131	0.02	-0.02	1.16315391572827e-07	2.11948292220219e-08	-2.11948292220219e-08
10.8009999883175	0.04	-0.04	4.26647099127831e-08	1.04091890402454e-08	-1.04091890402454e-08
10.9209999781847	0.08	-0.08	2.33560927875403e-08	4.93459687975117e-09	-4.93459687975117e-09
11.0409999978542	0.04	-0.04	1.80039136962229e-08	4.21721360561303e-09	-4.21721360561303e-09
11.1409999918938	0.06	-0.06	1.0700640426163e-08	2.59649178052146e-09	-2.59649178052146e-09
11.2209999752045	0.02	-0.02	2.73824845947196e-08	6.49826082717953e-09	-6.49826082717953e-09
11.3209999841452	0.08	-0.08	2.22484814086145e-08	4.27816247978336e-09	-4.27816247978336e-09
11.4609999847412	0.06	-0.06	3.04004328203582e-08	7.43048246999658e-09	-7.43048246999658e-09
11.5409999680519	0.02	-0.02	7.57990117641689e-08	1.80451674310387e-08	-1.80451674310387e-08
11.5809999895096	0.02	-0.02	1.0637396128233e-07	1.93018182816282e-08	-1.93018182816282e-08
11.6609999728203	0.02	-0.02	1.23725989385244e-07	2.57792757052924e-08	-2.57792757052924e-08
11.7209999752045	0.04	-0.04	9.71930749672525e-08	2.04741623783209e-08	-2.04741623783209e-08
11.8409999799728	0.08	-0.08	8.41864690339113e-08	1.66020670939579e-08	-1.66020670939579e-08
11.9609999847412	0.04	-0.04	1.16878226582669e-07	2.55896853914394e-08	-2.55896853914394e-08
12.0409999978542	0.04	-0.04	6.96915882823807e-08	2.6626636345846e-08	-2.6626636345846e-08
12.1409999918938	0.06	-0.06	1.07043894806818e-07	2.21642743792804e-08	-2.21642743792804e-08
12.2209999752045	0.02	-0.02	1.69227668390783e-07	4.17041218657931e-08	-4.17041218657931e-08
12.3209999841452	0.08	-0.08	8.54269447434502e-08	1.81450793694519e-08	-1.81450793694519e-08
12.4409999740124	0.04	-0.04	1.06327323660203e-07	2.2397267574662e-08	-2.2397267574662e-08
12.5609999936819	0.08	-0.08	6.38350499811386e-08	1.30302114107336e-08	-1.30302114107336e-08
12.6609999728203	0.02	-0.02	1.29508495774908e-07	2.38162405358973e-08	-2.38162405358973e-08
12.7409999759992	0.06	-0.06	5.83836918769176e-08	1.16989309836696e-08	-1.16989309836696e-08
12.8209999990463	0.02	-0.02	7.91628119149853e-08	1.91715304275899e-08	-1.91715304275899e-08
12.8809999716282	0.04	-0.04	5.94575458096361e-08	1.20818063806503e-08	-1.20818063806503e-08
13.0009999912977	0.08	-0.08	4.96122760507655e-08	1.14636677145103e-08	-1.14636677145103e-08
13.1209999811649	0.04	-0.04	9.72904195505678e-08	2.38573042538263e-08	-2.38573042538263e-08
13.200999994278	0.04	-0.04	1.19993918991533e-07	2.9417444407932e-08	-2.9417444407932e-08
13.2809999775887	0.04	-0.04	1.9136835659183e-07	4.07147880543498e-08	-4.07147880543498e-08
13.3809999815623	0.06	-0.06	2.07917016809852e-07	4.32531232280926e-08	-4.32531232280926e-08
13.4609999847412	0.02	-0.02	3.09660215672168e-07	5.96414434880207e-08	-5.96414434880207e-08
13.5209999871254	0.04	-0.04	1.29134215590885e-07	3.24516620538478e-08	-3.24516620538478e-08
13.5809999895096	0.02	-0.02	1.5349396627967e-07	3.77883786417663e-08	-3.77883786417663e-08
13.6409999918938	0.04	-0.04	5.35339482175306e-08	2.19413587611866e-08	-2.19413587611866e-08
13.7209999752045	0.04	-0.04	7.41356225959918e-08	1.74202453445858e-08	-1.74202453445858e-08
13.8009999883175	0.04	-0.04	7.56304202319455e-08	1.57690649405298e-08	-1.57690649405298e-08
13.8809999716282	0.04	-0.04	5.94911275826825e-08	1.37312615111411e-08	-1.37312615111411e-08
13.9410000038147	0.02	-0.02	7.71746843133285e-08	1.64913017828324e-08	-1.64913017828324e-08
13.9809999656677	0.02	-0.02	6.09549339948314e-08	1.73544401902887e-08	-1.73544401902887e-08
14.0209999871254	0.02	-0.02	8.73635564587963e-08	1.76135854011205e-08	-1.76135854011205e-08
14.0610000085831	0.02	-0.02	1.10075679102233e-07	1.82561549125085e-08	-1.82561549125085e-08
14.1009999704361	0.02	-0.02	5.88467126611232e-08	1.66003066846602e-08	-1.66003066846602e-08
14.1409999918938	0.02	-0.02	1.03341142740448e-07	1.69231346506865e-08	-1.69231346506865e-08
14.1810000133514	0.02	-0.02	8.12182983448706e-08	1.85399026823047e-08	-1.85399026823047e-08
14.2209999752045	0.02	-0.02	7.17459484172832e-08	2.00636048614818e-08	-2.00636048614818e-08
14.2609999966621	0.02	-0.02	1.52253301063067e-07	3.2240911888171e-08	-3.2240911888171e-08
14.3009999585152	0.02	-0.02	2.15514792793851e-07	4.32651433674259e-08	-4.32651433674259e-08
14.3409999799728	0.02	-0.02	2.17762870425076e-07	6.08879643655048e-08	-6.08879643655048e-08
14.3810000014305	0.02	-0.02	4.28217558850276e-07	9.13899106092954e-08	-9.13899106092954e-08
14.4209999632835	0.02	-0.02	5.50258872869701e-07	1.36916259863698e-07	-1.36916259863698e-07
14.4609999847412	0.02	-0.02	6.50936840831356e-07	1.30186625653841e-07	-1.30186625653841e-07
14.5010000061989	0.02	-0.02	4.91769331362619e-07	9.36810630022587e-08	-9.36810630022587e-08
14.5409999680519	0.02	-0.02	3.07933389379789e-07	6.10811835352521e-08	-6.10811835352521e-08
14.5809999895096	0.02	-0.02	1.67796759880164e-07	3.56792988819037e-08	-3.56792988819037e-08
14.6210000109673	0.02	-0.02	8.20303107215564e-08	2.45850755360322e-08	-2.45850755360322e-08
14.6609999728203	0.02	-0.02	8.59656668266627e-08	1.78143587847848e-08	-1.78143587847848e-08
14.700999994278	0.02	-0.02	6.50233743950359e-08	1.15206645245761e-08	-1.15206645245761e-08
14.740999956131	0.02	-0.02	3.76118994456935e-08	7.73057600922584e-09	-7.73057600922584e-09
14.7809999775887	0.02	-0.02	1.82041341365862e-08	5.02345051290925e-09	-5.02345051290925e-09
14.8209999990463	0.02	-0.02	2.70949660140924e-08	5.37033261754663e-09	-5.37033261754663e-09
14.8609999608994	0.02	-0.02	5.21143432732544e-08	8.46441832149132e-09	-8.46441832149132e-09
14.900999982357	0.02	-0.02	5.33651564608747e-08	1.23946341565694e-08	-1.23946341565694e-08
14.9410000038147	0.02	-0.02	9.80474497468142e-08	1.81218081122497e-08	-1.81218081122497e-08
14.9809999656677	0.02	-0.02	1.34997234739117e-07	2.63162114202107e-08	-2.63162114202107e-08
15.0209999871254	0.02	-0.02	1.77205348087841e-07	3.99790377561439e-08	-3.99790377561439e-08
15.0610000085831	0.02	-0.02	3.24856219966832e-07	6.42795067022755e-08	-6.42795067022755e-08
15.1009999704361	0.02	-0.02	5.16563633551514e-07	9.15393818146191e-08	-9.15393818146191e-08
15.1409999918938	0.02	-0.02	4.36068885840796e-07	6.50427538426517e-08	-6.50427538426517e-08
15.1810000133514	0.02	-0.02	2.76357728990817e-07	4.26626530020321e-08	-4.26626530020321e-08
15.2209999752045	0.02	-0.02	1.56496853932258e-07	2.73659412878531e-08	-2.73659412878531e-08
15.2609999966621	0.02	-0.02	1.13502477754164e-07	1.89722706328558e-08	-1.89722706328558e-08
15.3009999585152	0.02	-0.02	6.75393803478158e-08	1.58591135524029e-08	-1.58591135524029e-08
15.3409999799728	0.02	-0.02	7.38238267522356e-08	1.34952082255065e-08	-1.34952082255065e-08
15.3810000014305	0.02	-0.02	6.33439759051078e-08	1.12400336683176e-08	-1.12400336683176e-08
15.4209999632835	0.02	-0.02	3.63245465327324e-08	9.15754789596873e-09	-9.15754789596873e-09
15.4609999847412	0.02	-0.02	3.17337901759106e-08	7.58447896461018e-09	-7.58447896461018e-09
15.5010000061989	0.02	-0.02	3.13555512939515e-08	6.61278202478621e-09	-6.61278202478621e-09
15.5409999680519	0.02	-0.02	1.79441219008344e-08	5.37762498996964e-09	-5.37762498996964e-09
15.5809999895096	0.02	-0.02	2.28065961137057e-08	4.74167210914329e-09	-4.74167210914329e-09
15.6210000109673	0.02	-0.02	1.2304990457896e-08	3.6269558115173e-09	-3.6269558115173e-09
15.6609999728203	0.02	-0.02	1.36481209704058e-08	3.22596801348456e-09	-3.22596801348456e-09
15.700999994278	0.02	-0.02	1.82589075769421e-08	3.32029926574714e-09	-3.32029926574714e-09
15.7809999775887	0.06	-0.06	1.21936333668181e-08	1.96554927776669e-09	-1.96554927776669e-09
15.8609999608994	0.02	-0.02	1.82141146427303e-08	3.7727143820644e-09	-3.7727143820644e-09
15.900999982357	0.02	-0.02	2.06644196430947e-08	3.97700557793992e-09	-3.97700557793992e-09
15.9410000038147	0.02	-0.02	2.30984509544944e-08	3.96464633417722e-09	-3.96464633417722e-09
15.9809999656677	0.02	-0.02	2.67804252608395e-08	4.19623094154794e-09	-4.19623094154794e-09
16.0209999871254	0.02	-0.02	3.13636428896814e-08	4.51792471885816e-09	-4.51792471885816e-09
16.0610000085831	0.02	-0.02	2.09939516964983e-08	4.40353435280894e-09	-4.40353435280894e-09
16.1009999704361	0.02	-0.02	2.64779192717953e-08	4.24137322069683e-09	-4.24137322069683e-09
16.1409999918938	0.02	-0.02	3.24198679050169e-08	7.75302338335303e-09	-7.75302338335303e-09
16.1810000133514	0.02	-0.02	8.98968446741447e-08	1.37633369205618e-08	-1.37633369205618e-08
16.2209999752045	0.02	-0.02	8.39927327590562e-08	2.46886261451216e-08	-2.46886261451216e-08
16.2609999966621	0.02	-0.02	2.15501896336208e-07	4.33366527963902e-08	-4.33366527963902e-08
16.3009999585152	0.02	-0.02	2.94753277340585e-07	7.31208732943463e-08	-7.31208732943463e-08
16.3409999799728	0.02	-0.02	4.75126573864355e-07	6.83212730284673e-08	-6.83212730284673e-08
16.3810000014305	0.02	-0.02	3.50521113302175e-07	5.64993988843903e-08	-5.64993988843903e-08
16.4209999632835	0.02	-0.02	1.80399066035581e-07	4.79618460602996e-08	-4.79618460602996e-08
16.4609999847412	0.02	-0.02	2.56883902880648e-07	4.31544980096364e-08	-4.31544980096364e-08
16.5010000061989	0.02	-0.02	1.35541053538677e-07	3.0662620726449e-08	-3.0662620726449e-08
16.5409999680519	0.02	-0.02	9.19456900132016e-08	2.19367357913085e-08	-2.19367357913085e-08
16.5809999895096	0.02	-0.02	6.40740948473403e-08	1.55133948191347e-08	-1.55133948191347e-08
16.6210000109673	0.02	-0.02	5.50825744386568e-08	1.13256276360301e-08	-1.13256276360301e-08
16.6809999835491	0.04	-0.04	2.40705915358361e-08	5.25797077061839e-09	-5.25797077061839e-09
16.740999956131	0.02	-0.02	2.94068579569654e-08	7.28204849509443e-09	-7.28204849509443e-09
16.7809999775887	0.02	-0.02	3.9581623290173e-08	8.00655881395319e-09	-8.00655881395319e-09
16.8209999990463	0.02	-0.02	2.94830955492101e-08	8.89158160837624e-09	-8.89158160837624e-09
16.8609999608994	0.02	-0.02	5.72020789079688e-08	9.79574126615207e-09	-9.79574126615207e-09
16.9209999930859	0.04	-0.04	2.76568060796472e-08	8.03768399720281e-09	-8.03768399720281e-09
17.0009999763966	0.04	-0.04	4.7095364485354e-08	9.11674783660726e-09	-9.11674783660726e-09
17.0610000085831	0.02	-0.02	7.18740551885797e-08	1.3344285555323e-08	-1.3344285555323e-08
17.1409999918938	0.06	-0.06	3.25179017731992e-08	7.05123917085061e-09	-7.05123917085061e-09
17.2209999752045	0.02	-0.02	4.42400370833391e-08	1.08567459173334e-08	-1.08567459173334e-08
17.2609999966621	0.02	-0.02	4.12657804683701e-08	1.20444125898851e-08	-1.20444125898851e-08
17.3009999585152	0.02	-0.02	4.9066220819186e-08	1.18040950464188e-08	-1.18040950464188e-08
17.3609999907017	0.04	-0.04	3.36098528361749e-08	7.86260369132707e-09	-7.86260369132707e-09
17.4209999632835	0.02	-0.02	5.16909468093307e-08	1.09738689112653e-08	-1.09738689112653e-08
17.5409999918938	0.1	-0.1	2.17614872156513e-08	4.31043040545066e-09	-4.31043040545066e-09
17.6609999728203	0.02	-0.02	3.98109954588161e-08	9.23289270076802e-09	-9.23289270076802e-09
17.7209999752045	0.04	-0.04	1.33018669564013e-08	6.2668766761752e-09	-6.2668766761752e-09
17.7809999775887	0.02	-0.02	3.58847599692889e-08	8.34978239828269e-09	-8.34978239828269e-09
17.8209999990463	0.02	-0.02	3.56930257837835e-08	7.89136017800923e-09	-7.89136017800923e-09
17.8609999608994	0.02	-0.02	3.52198256543087e-08	8.54340793572628e-09	-8.54340793572628e-09
17.900999982357	0.02	-0.02	2.40402476407796e-08	8.10329736103789e-09	-8.10329736103789e-09
17.9410000038147	0.02	-0.02	3.42305328353624e-08	7.31378326014658e-09	-7.31378326014658e-09
18.0209999871254	0.06	-0.06	1.47723892073e-08	3.43641651477027e-09	-3.43641651477027e-09
18.1009999704361	0.02	-0.02	2.4151531887153e-08	5.16264132340066e-09	-5.16264132340066e-09
18.1610000026226	0.04	-0.04	1.45693665485089e-08	3.21836873507232e-09	-3.21836873507232e-09
18.2609999767939	0.06	-0.06	9.09469115250067e-09	2.15087767365875e-09	-2.15087767365875e-09
18.3409999799728	0.02	-0.02	1.36495393025698e-08	3.28116290331836e-09	-3.28116290331836e-09
18.3810000014305	0.02	-0.02	1.17685821994418e-08	2.84867623273999e-09	-2.84867623273999e-09
18.4409999740124	0.04	-0.04	6.3270632543465e-09	1.8903090082931e-09	-1.8903090082931e-09
18.5209999871254	0.04	-0.04	8.42516741019838e-09	1.63966008491102e-09	-1.63966008491102e-09
18.5809999895096	0.02	-0.02	8.36518477011836e-09	2.01189298507087e-09	-2.01189298507087e-09
18.6609999926885	0.06	-0.06	3.46519007157758e-09	1.00090210859399e-09	-1.00090210859399e-09
18.7809999775887	0.06	-0.06	3.70398368323202e-09	7.93732401726288e-10	-7.93732401726288e-10
18.9609999847412	0.12	-0.12	1.80823544665274e-09	3.93410758793569e-10	-3.93410758793569e-10
19.1209999811649	0.04	-0.04	2.71277916771438e-09	6.69434323151984e-10	-6.69434323151984e-10
19.2209999950727	0.06	-0.06	2.76180667817051e-09	6.17341774829424e-10	-6.17341774829424e-10
19.3409999799728	0.06	-0.06	1.82004343931139e-09	6.46928089938596e-10	-6.46928089938596e-10
19.4409999740124	0.04	-0.04	4.03942319651887e-09	8.50062250522787e-10	-8.50062250522787e-10
19.5209999871254	0.04	-0.04	3.8546596238943e-09	8.86808047912984e-10	-8.86808047912984e-10
19.6409999918938	0.08	-0.08	2.40203377380363e-09	7.03447640941379e-10	-7.03447640941379e-10
19.8009999734163	0.08	-0.08	3.68879591333172e-09	7.78448279241205e-10	-7.78448279241205e-10
19.9209999930859	0.04	-0.04	5.84039763352254e-09	1.25105357306069e-09	-1.25105357306069e-09
20.0409999829531	0.08	-0.08	4.75217787771248e-09	9.19378567828532e-10	-9.19378567828532e-10
20.200999994278	0.08	-0.08	4.80733826956575e-09	1.09698664800299e-09	-1.09698664800299e-09
20.320999969244	0.04	-0.04	6.94950954304659e-09	1.6798843274674e-09	-1.6798843274674e-09
20.4409999889135	0.08	-0.08	4.59495910665807e-09	1.29559030174629e-09	-1.29559030174629e-09
20.5609999787807	0.04	-0.04	9.40815878448957e-09	1.99720991014635e-09	-1.99720991014635e-09
20.6409999918938	0.04	-0.04	1.03548953917364e-08	2.26043739724174e-09	-2.26043739724174e-09
20.760999981761	0.08	-0.08	7.67748702826608e-09	1.62032848955816e-09	-1.62032848955816e-09
20.8609999608994	0.02	-0.02	1.47794065692177e-08	3.18728586805325e-09	-3.18728586805325e-09
20.9409999839465	0.06	-0.06	6.46968212701262e-09	1.9294566454828e-09	-1.9294566454828e-09
21.0609999887149	0.06	-0.06	1.00567347625802e-08	2.03313589851786e-09	-2.03313589851786e-09
21.200999994278	0.08	-0.08	6.70510050843304e-09	1.8907311492473e-09	-1.8907311492473e-09
21.3609999758005	0.08	-0.08	1.00990851223693e-08	1.98554454712173e-09	-1.98554454712173e-09
21.5209999871254	0.08	-0.08	5.99065725308499e-09	2.07535094706477e-09	-2.07535094706477e-09
21.6809999835491	0.08	-0.08	1.01662276914585e-08	2.268465482009e-09	-2.268465482009e-09
21.8409999799728	0.08	-0.08	7.80402784963551e-09	2.40388083209351e-09	-2.40388083209351e-09
22.0009999912977	0.08	-0.08	1.03574236766359e-08	2.45167340628745e-09	-2.45167340628745e-09
22.1609999877214	0.08	-0.08	8.45464617504423e-09	2.68073703975473e-09	-2.68073703975473e-09
22.3809999844006	0.14	-0.14	9.69038273694945e-09	2.2171890220047e-09	-2.2171890220047e-09
22.5409999680519	0.02	-0.02	2.85956606588542e-08	6.24333853592658e-09	-6.24333853592658e-09
22.700999985763	0.14	-0.14	8.95851531739834e-09	2.57068368408023e-09	-2.57068368408023e-09
22.8609999608994	0.02	-0.02	2.97886763918662e-08	7.11506651404616e-09	-7.11506651404616e-09
23.0009999863307	0.12	-0.12	1.31656346555545e-08	3.04015378428612e-09	-3.04015378428612e-09
23.1610000026226	0.04	-0.04	2.30914836163838e-08	5.46484604099748e-09	-5.46484604099748e-09
23.4409999839465	0.24	-0.24	9.24027687818066e-09	2.79667983384885e-09	-2.79667983384885e-09
23.9209999831518	0.24	-0.24	1.93974224361137e-08	4.2342927971438e-09	-4.2342927971438e-09
24.200999994278	0.04	-0.04	5.74615157355904e-08	1.31080083463001e-08	-1.31080083463001e-08
24.3009999783834	0.06	-0.06	2.25676601493525e-08	1.11144355388747e-08	-1.11144355388747e-08
24.4209999831518	0.06	-0.06	5.09454178733092e-08	1.26909866472869e-08	-1.26909866472869e-08
24.5809999895096	0.1	-0.1	4.29266809447071e-08	1.12502071193385e-08	-1.12502071193385e-08
24.700999994278	0.02	-0.02	1.38112955472801e-07	2.87892022746081e-08	-2.87892022746081e-08
24.740999956131	0.02	-0.02	1.23415375555638e-07	3.03483132449508e-08	-3.03483132449508e-08
24.8009999883175	0.04	-0.04	8.93435232847326e-08	2.28250992913047e-08	-2.28250992913047e-08
24.900999982357	0.06	-0.06	9.9094899106672e-08	1.85990887089339e-08	-1.85990887089339e-08
24.9809999656677	0.02	-0.02	1.54750575951544e-07	3.64704450284753e-08	-3.64704450284753e-08
25.0209999871254	0.02	-0.02	1.26867819407912e-07	3.67275034645799e-08	-3.67275034645799e-08
25.0610000085831	0.02	-0.02	2.08265687528002e-07	3.86801567763982e-08	-3.86801567763982e-08
25.1209999811649	0.04	-0.04	1.21770585381549e-07	2.55267467447753e-08	-2.55267467447753e-08
25.2209999950727	0.06	-0.06	1.20765590297065e-07	1.95289328315882e-08	-1.95289328315882e-08
25.3009999585152	0.02	-0.02	1.24104635881995e-07	3.07154116423311e-08	-3.07154116423311e-08
25.3609999907017	0.04	-0.04	5.33742980652997e-08	2.00897841920748e-08	-2.00897841920748e-08
25.4409999740124	0.04	-0.04	8.1808714171115e-08	1.82630689363896e-08	-1.82630689363896e-08
25.5609999936819	0.08	-0.08	5.04024227134748e-08	1.43854119534205e-08	-1.43854119534205e-08
25.7209999752045	0.08	-0.08	1.08123778123528e-07	2.28595222734525e-08	-2.28595222734525e-08
25.8409999799728	0.04	-0.04	1.71861567678668e-07	4.23948132246747e-08	-4.23948132246747e-08
26.0009999763966	0.04	-0.04	2.66042257564875e-07	6.51677645550971e-08	-6.51677645550971e-08
26.1209999960661	0.08	-0.08	2.16060695920884e-07	5.64477070859413e-08	-5.64477070859413e-08
26.2809999775887	0.08	-0.08	2.41868109917035e-07	4.84119236402089e-08	-4.84119236402089e-08
26.400999982357	0.04	-0.04	2.34848055527474e-07	5.83095537789433e-08	-5.83095537789433e-08
26.5209999871254	0.08	-0.08	1.05325875842539e-07	3.66093810650421e-08	-3.66093810650421e-08
26.6809999835491	0.08	-0.08	1.34661852760891e-07	2.92284017417634e-08	-2.92284017417634e-08
26.9409999839465	0.18	-0.18	5.96814229166045e-08	1.5353062849004e-08	-1.5353062849004e-08
27.3009999850061	0.18	-0.18	4.25290701397944e-08	1.04023629133459e-08	-1.04023629133459e-08
27.8409999865956	0.36	-0.36	1.89384505636087e-08	4.0447377370509e-09	-4.0447377370509e-09
28.3809999815623	0.18	-0.18	1.30819657861418e-08	3.23667612285817e-09	-3.23667612285817e-09
28.7809999830073	0.22	-0.22	7.88253252884635e-09	2.17515130828224e-09	-2.17515130828224e-09
29.0809999895096	0.08	-0.08	1.53561732235021e-08	3.212466638985e-09	-3.212466638985e-09
29.3609999847412	0.2	-0.2	8.42121800845944e-09	1.86372150600712e-09	-1.86372150600712e-09
29.9609999847412	0.4	-0.4	5.23558311324435e-09	1.10874949293511e-09	-1.10874949293511e-09
30.5609999847412	0.2	-0.2	5.66353731901024e-09	1.33368033772655e-09	-1.33368033772655e-09
30.7809999775887	0.02	-0.02	1.95821205645865e-08	4.55891832805459e-09	-4.55891832805459e-09
30.8809999865293	0.08	-0.08	1.13447733346878e-08	2.05784603391277e-09	-2.05784603391277e-09
31.0209999871254	0.06	-0.06	1.31545057827404e-08	2.34482558262868e-09	-2.34482558262868e-09
31.1009999704361	0.02	-0.02	2.27983751515738e-08	4.09222525500207e-09	-4.09222525500207e-09
31.1610000026226	0.04	-0.04	1.52866527078479e-08	3.15586826216893e-09	-3.15586826216893e-09
31.2209999752045	0.02	-0.02	2.29738007863341e-08	5.18302078133644e-09	-5.18302078133644e-09
31.2609999966621	0.02	-0.02	2.89000067387977e-08	5.42607846600286e-09	-5.42607846600286e-09
31.3009999585152	0.02	-0.02	4.40464040463245e-08	6.30920208653944e-09	-6.30920208653944e-09
31.3409999799728	0.02	-0.02	5.19508075497978e-08	6.78167325101411e-09	-6.78167325101411e-09
31.3810000014305	0.02	-0.02	4.81616407191808e-08	6.94822412835421e-09	-6.94822412835421e-09
31.4209999632835	0.02	-0.02	6.01945433073501e-08	7.35735673366116e-09	-7.35735673366116e-09
31.4609999847412	0.02	-0.02	7.45436563296602e-08	9.87720580887464e-09	-9.87720580887464e-09
31.5010000061989	0.02	-0.02	1.40311637465976e-07	1.73114997099889e-08	-1.73114997099889e-08
31.5409999680519	0.02	-0.02	2.53702511770387e-07	3.23405722417978e-08	-3.23405722417978e-08
31.5809999895096	0.02	-0.02	2.76895685414021e-07	3.36953772805527e-08	-3.36953772805527e-08
31.6210000109673	0.02	-0.02	2.07414675113825e-07	2.2000438857337e-08	-2.2000438857337e-08
31.6609999728203	0.02	-0.02	1.04566990027994e-07	1.1853573968484e-08	-1.1853573968484e-08
31.700999994278	0.02	-0.02	4.44919915664094e-08	5.63052111739396e-09	-5.63052111739396e-09
31.740999956131	0.02	-0.02	2.65703538804324e-08	2.80798973145666e-09	-2.80798973145666e-09
31.7809999775887	0.02	-0.02	3.22161650373993e-08	4.01239870084168e-09	-4.01239870084168e-09
31.8209999990463	0.02	-0.02	1.01499856896736e-07	1.36653701000384e-08	-1.36653701000384e-08
31.8609999608994	0.02	-0.02	4.12574542374117e-07	4.76482154432253e-08	-4.76482154432253e-08
31.900999982357	0.02	-0.02	4.91231044435685e-07	5.22002860618773e-08	-5.22002860618773e-08
31.9410000038147	0.02	-0.02	1.85566595438054e-07	2.17046499651914e-08	-2.17046499651914e-08
31.9809999656677	0.02	-0.02	1.14166146798778e-07	1.7755007639305e-08	-1.7755007639305e-08
32.0209999871254	0.02	-0.02	1.98452723633295e-07	2.85007225415071e-08	-2.85007225415071e-08
32.0610000085831	0.02	-0.02	1.76597765305145e-07	2.31362352359858e-08	-2.31362352359858e-08
32.1009999704361	0.02	-0.02	6.57243676413966e-08	8.55471213955039e-09	-8.55471213955039e-09
32.1409999918938	0.02	-0.02	2.39061152821516e-08	3.4796751298313e-09	-3.4796751298313e-09
32.1810000133514	0.02	-0.02	2.89133597112492e-08	4.36749784516128e-09	-4.36749784516128e-09
32.2209999752045	0.02	-0.02	3.71125692727084e-08	5.20612033512666e-09	-5.20612033512666e-09
32.2609999966621	0.02	-0.02	3.54809071256728e-08	6.48133113919044e-09	-6.48133113919044e-09
32.3009999585152	0.02	-0.02	7.05263053337346e-08	8.97175654432579e-09	-8.97175654432579e-09
32.3409999799728	0.02	-0.02	6.60008161672961e-08	1.25302943336902e-08	-1.25302943336902e-08
32.3810000014305	0.02	-0.02	8.13515359390435e-08	1.72965684628212e-08	-1.72965684628212e-08
32.4209999632835	0.02	-0.02	1.75930414410063e-07	2.47759645217163e-08	-2.47759645217163e-08
32.4609999847412	0.02	-0.02	1.93381935773816e-07	4.03998171052788e-08	-4.03998171052788e-08
32.5010000061989	0.02	-0.02	4.36815807801747e-07	6.60894720444643e-08	-6.60894720444643e-08
32.5409999680519	0.02	-0.02	4.1214143616417e-07	1.18247228753952e-07	-1.18247228753952e-07
32.5809999895096	0.02	-0.02	9.32369384428533e-07	2.16601527421138e-07	-2.16601527421138e-07
32.6210000109673	0.02	-0.02	9.89623072029777e-07	2.35410804651499e-07	-2.35410804651499e-07
32.6609999728203	0.02	-0.02	5.66618464595143e-07	1.34634355967358e-07	-1.34634355967358e-07
32.700999994278	0.02	-0.02	3.25915248957107e-07	8.58231495258122e-08	-8.58231495258122e-08
32.740999956131	0.02	-0.02	2.99921741099222e-07	5.25394398066605e-08	-5.25394398066605e-08
32.7809999775887	0.02	-0.02	2.0285920312774e-07	3.53720964607951e-08	-3.53720964607951e-08
32.8209999990463	0.02	-0.02	1.32342775750858e-07	2.29053035223541e-08	-2.29053035223541e-08
32.8609999608994	0.02	-0.02	5.3227724270346e-08	1.44604782734045e-08	-1.44604782734045e-08
32.900999982357	0.02	-0.02	3.80335326264739e-08	8.84296564950902e-09	-8.84296564950902e-09
32.9410000038147	0.02	-0.02	2.77416220694994e-08	6.33013446557659e-09	-6.33013446557659e-09
32.9809999656677	0.02	-0.02	1.80651570303088e-08	3.86400646825922e-09	-3.86400646825922e-09
33.0209999871254	0.02	-0.02	2.49397998695541e-08	4.37009590907934e-09	-4.37009590907934e-09
33.0610000085831	0.02	-0.02	2.48257273381987e-08	4.8982693444836e-09	-4.8982693444836e-09
33.1009999704361	0.02	-0.02	2.79550181335155e-08	5.59411696637387e-09	-5.59411696637387e-09
33.1610000026226	0.04	-0.04	1.99972233685934e-08	4.66277088968862e-09	-4.66277088968862e-09
33.2209999752045	0.02	-0.02	4.45082989899769e-08	8.06387453320946e-09	-8.06387453320946e-09
33.2609999966621	0.02	-0.02	4.89452982622118e-08	9.01835599210127e-09	-9.01835599210127e-09
33.3009999585152	0.02	-0.02	5.91773890270997e-08	1.10556280972219e-08	-1.10556280972219e-08
33.3409999799728	0.02	-0.02	8.69996141653362e-08	1.58671610094091e-08	-1.58671610094091e-08
33.3810000014305	0.02	-0.02	8.47497160591826e-08	2.21843377867446e-08	-2.21843377867446e-08
33.4209999632835	0.02	-0.02	1.80339108298885e-07	3.02255919281952e-08	-3.02255919281952e-08
33.4609999847412	0.02	-0.02	3.14415639514952e-07	4.27466071238878e-08	-4.27466071238878e-08
33.5010000061989	0.02	-0.02	1.52647014768144e-07	2.52585215677708e-08	-2.52585215677708e-08
33.5409999680519	0.02	-0.02	6.06017574077662e-08	7.96064502074315e-09	-7.96064502074315e-09
33.5809999895096	0.02	-0.02	1.54453786741671e-08	2.13403093834484e-09	-2.13403093834484e-09
33.6210000109673	0.02	-0.02	1.36086646901611e-08	2.12822134542009e-09	-2.12822134542009e-09
33.6609999728203	0.02	-0.02	3.97685118728577e-08	5.87308493118638e-09	-5.87308493118638e-09
33.700999994278	0.02	-0.02	1.36446505630515e-07	1.68373825726932e-08	-1.68373825726932e-08
33.740999956131	0.02	-0.02	2.06736779889054e-07	2.34088542631399e-08	-2.34088542631399e-08
33.7809999775887	0.02	-0.02	1.97561410090074e-07	1.99913013527922e-08	-1.99913013527922e-08
33.8209999990463	0.02	-0.02	1.20953559944445e-07	1.44171939545939e-08	-1.44171939545939e-08
33.8609999608994	0.02	-0.02	1.14491517179866e-07	1.11596733714669e-08	-1.11596733714669e-08
33.900999982357	0.02	-0.02	6.81699966685737e-08	8.46530985365713e-09	-8.46530985365713e-09
33.9410000038147	0.02	-0.02	9.6749114950714e-08	1.14008769510938e-08	-1.14008769510938e-08
33.9809999656677	0.02	-0.02	1.87348676205423e-07	1.53032212724281e-08	-1.53032212724281e-08
34.0209999871254	0.02	-0.02	1.12790830312216e-07	1.04714769856243e-08	-1.04714769856243e-08
34.0610000085831	0.02	-0.02	3.18203754548176e-07	2.74337186430169e-08	-2.74337186430169e-08
34.1009999704361	0.02	-0.02	9.07312125825974e-08	8.17205392971194e-09	-8.17205392971194e-09
34.1409999918938	0.02	-0.02	2.74393388665983e-08	2.43580968021589e-09	-2.43580968021589e-09
34.1810000133514	0.02	-0.02	2.25432387554083e-08	1.84099500387241e-09	-1.84099500387241e-09
34.2209999752045	0.02	-0.02	2.75481051141738e-08	3.28399705291064e-09	-3.28399705291064e-09
34.2609999966621	0.02	-0.02	6.30005216693713e-08	6.09313081471337e-09	-6.09313081471337e-09
34.3009999585152	0.02	-0.02	1.08451677037566e-07	1.11396252521608e-08	-1.11396252521608e-08
34.3409999799728	0.02	-0.02	1.66383960221401e-07	2.20875813655709e-08	-2.20875813655709e-08
34.3810000014305	0.02	-0.02	4.05599936105e-07	4.22871628096354e-08	-4.22871628096354e-08
34.4209999632835	0.02	-0.02	2.34179680798788e-07	3.14553262435856e-08	-3.14553262435856e-08
34.4609999847412	0.02	-0.02	1.42058857849979e-07	2.08291967944234e-08	-2.08291967944234e-08
34.5010000061989	0.02	-0.02	1.09620083215039e-07	1.41209006564451e-08	-1.41209006564451e-08
34.5409999680519	0.02	-0.02	1.04544596046216e-07	1.13128670441612e-08	-1.13128670441612e-08
34.5809999895096	0.02	-0.02	9.8755340724084e-08	1.18918216615288e-08	-1.18918216615288e-08
34.6210000109673	0.02	-0.02	9.99410296691624e-08	1.36842371150666e-08	-1.36842371150666e-08
34.6609999728203	0.02	-0.02	1.4690908819464e-07	1.88493468702034e-08	-1.88493468702034e-08
34.700999994278	0.02	-0.02	1.05168673120393e-07	1.67259949755102e-08	-1.67259949755102e-08
34.740999956131	0.02	-0.02	8.06740213689104e-08	1.0629022458889e-08	-1.0629022458889e-08
34.7809999775887	0.02	-0.02	4.66446972921778e-08	6.49645053256617e-09	-6.49645053256617e-09
34.8209999990463	0.02	-0.02	5.27259879105638e-08	8.29149894873584e-09	-8.29149894873584e-09
34.8609999608994	0.02	-0.02	1.40568687148127e-07	2.23866247652071e-08	-2.23866247652071e-08
34.900999982357	0.02	-0.02	4.1995639939851e-07	5.65628976811882e-08	-5.65628976811882e-08
34.9410000038147	0.02	-0.02	7.13601916885648e-07	1.12356832012915e-07	-1.12356832012915e-07
34.9809999656677	0.02	-0.02	1.00659153393654e-06	1.72705424983226e-07	-1.72705424983226e-07
35.0209999871254	0.02	-0.02	1.19710764062079e-06	2.7166511329462e-07	-2.7166511329462e-07
35.0610000085831	0.02	-0.02	6.93330758281489e-07	1.32443471480434e-07	-1.32443471480434e-07
35.1009999704361	0.02	-0.02	3.40679095411932e-07	6.50274009246046e-08	-6.50274009246046e-08
35.1409999918938	0.02	-0.02	1.52602679498297e-07	3.52891656819385e-08	-3.52891656819385e-08
35.1810000133514	0.02	-0.02	8.41639821556873e-08	1.81813681381527e-08	-1.81813681381527e-08
35.2209999752045	0.02	-0.02	3.47036952413011e-08	8.96690590455239e-09	-8.96690590455239e-09
35.2609999966621	0.02	-0.02	3.22244961789519e-08	6.06219901091033e-09	-6.06219901091033e-09
35.3009999585152	0.02	-0.02	2.00464071091506e-08	5.35955733104587e-09	-5.35955733104587e-09
35.3409999799728	0.02	-0.02	1.87268393992961e-08	4.66528295242219e-09	-4.66528295242219e-09
35.3810000014305	0.02	-0.02	1.57918417966382e-08	4.07593467296198e-09	-4.07593467296198e-09
35.4209999632835	0.02	-0.02	1.61464703447383e-08	3.57902334432502e-09	-3.57902334432502e-09
35.4809999954701	0.04	-0.04	1.12499800474433e-08	2.09656955884672e-09	-2.09656955884672e-09
35.5609999787807	0.04	-0.04	8.63113860091314e-09	1.60456964008242e-09	-1.60456964008242e-09
35.6409999918938	0.04	-0.04	1.31237400462102e-08	4.07019560180698e-09	-4.07019560180698e-09
35.700999994278	0.02	-0.02	8.36189602831357e-08	1.56348262500156e-08	-1.56348262500156e-08
35.740999956131	0.02	-0.02	1.21690727726949e-07	3.00544529282846e-08	-3.00544529282846e-08
35.7809999775887	0.02	-0.02	4.3073574184244e-07	5.89835085933129e-08	-5.89835085933129e-08
35.8209999990463	0.02	-0.02	1.31156676600825e-07	1.71384020247266e-08	-1.71384020247266e-08
35.8609999608994	0.02	-0.02	9.88536101964529e-08	2.22619345686569e-08	-2.22619345686569e-08
35.900999982357	0.02	-0.02	7.71035348452067e-07	1.13685066484474e-07	-1.13685066484474e-07
35.9410000038147	0.02	-0.02	9.61873561711884e-07	1.43404348857065e-07	-1.43404348857065e-07
35.9809999656677	0.02	-0.02	4.43976441610815e-07	5.42646595496535e-08	-5.42646595496535e-08
36.0209999871254	0.02	-0.02	1.24681327823154e-07	3.55759433029171e-08	-3.55759433029171e-08
36.0610000085831	0.02	-0.02	2.19214366715359e-07	4.48748054218135e-08	-4.48748054218135e-08
36.1009999704361	0.02	-0.02	1.42426440740179e-07	2.78485181923836e-08	-2.78485181923836e-08
36.1809999934832	0.06	-0.06	1.22134678906229e-08	1.98258028491598e-09	-1.98258028491598e-09
36.2609999966621	0.02	-0.02	1.15844476630109e-07	2.02082229312683e-08	-2.02082229312683e-08
36.3009999585152	0.02	-0.02	1.55473994234971e-07	4.75598860382515e-08	-4.75598860382515e-08
36.3409999799728	0.02	-0.02	1.51925273934895e-07	2.22612755486325e-08	-2.22612755486325e-08
36.3810000014305	0.02	-0.02	5.02276106274286e-08	1.10433066130311e-08	-1.10433066130311e-08
36.4209999632835	0.02	-0.02	2.54412129396167e-08	5.51261346509649e-09	-5.51261346509649e-09
36.4809999954701	0.04	-0.04	2.12460309870748e-08	4.29963618471815e-09	-4.29963618471815e-09
36.5409999680519	0.02	-0.02	7.34363191891549e-08	1.2907287064122e-08	-1.2907287064122e-08
36.5809999895096	0.02	-0.02	1.44841787125646e-07	2.12090509532055e-08	-2.12090509532055e-08
36.6210000109673	0.02	-0.02	1.55651424552452e-07	2.1882061993361e-08	-2.1882061993361e-08
36.6609999728203	0.02	-0.02	9.32818518059902e-08	1.49978146777282e-08	-1.49978146777282e-08
36.700999994278	0.02	-0.02	6.82315791022642e-08	1.05464987100458e-08	-1.05464987100458e-08
36.740999956131	0.02	-0.02	4.43095596579781e-08	7.24459542060136e-09	-7.24459542060136e-09
36.7809999775887	0.02	-0.02	2.17740280112127e-08	5.09636118400041e-09	-5.09636118400041e-09
36.8209999990463	0.02	-0.02	3.84293320615107e-08	5.46162348919977e-09	-5.46162348919977e-09
36.8609999608994	0.02	-0.02	2.86249761062698e-08	5.93870765602202e-09	-5.93870765602202e-09
36.900999982357	0.02	-0.02	3.67486828045717e-08	6.67094863873777e-09	-6.67094863873777e-09
36.9410000038147	0.02	-0.02	3.88975714826297e-08	7.09978186302057e-09	-7.09978186302057e-09
36.9809999656677	0.02	-0.02	5.08205057402766e-08	8.06659761433273e-09	-8.06659761433273e-09
37.0209999871254	0.02	-0.02	4.00472698411295e-08	8.73263438308168e-09	-8.73263438308168e-09
37.0610000085831	0.02	-0.02	4.3980087412551e-08	1.0277202108831e-08	-1.0277202108831e-08
37.1209999811649	0.04	-0.04	4.64099784793974e-08	9.95712651532075e-09	-9.95712651532075e-09
37.1810000133514	0.02	-0.02	7.03763461975979e-08	1.68826633019916e-08	-1.68826633019916e-08
37.2209999752045	0.02	-0.02	9.74907988657418e-08	2.24079196928371e-08	-2.24079196928371e-08
37.2609999966621	0.02	-0.02	1.33804961118051e-07	3.13243915382297e-08	-3.13243915382297e-08
37.3009999585152	0.02	-0.02	1.26376513015353e-07	4.34346281872466e-08	-4.34346281872466e-08
37.3409999799728	0.02	-0.02	2.88741840168039e-07	6.11347841820988e-08	-6.11347841820988e-08
37.3810000014305	0.02	-0.02	4.30602803259511e-07	9.13875111090534e-08	-9.13875111090534e-08
37.4209999632835	0.02	-0.02	4.8580154550902e-07	9.24151362726534e-08	-9.24151362726534e-08
37.4609999847412	0.02	-0.02	2.26046226388094e-07	8.25590156473738e-08	-8.25590156473738e-08
37.5010000061989	0.02	-0.02	3.04890306579639e-07	7.10547357667945e-08	-7.10547357667945e-08
37.5609999787807	0.04	-0.04	1.56162627121296e-07	4.0233330666459e-08	-4.0233330666459e-08
37.6210000109673	0.02	-0.02	2.2822532791261e-07	5.17309368391015e-08	-5.17309368391015e-08
37.6809999835491	0.04	-0.04	1.72029921943243e-07	4.05402216368167e-08	-4.05402216368167e-08
37.7609999668598	0.04	-0.04	2.15617449546382e-07	4.96105552504856e-08	-4.96105552504856e-08
37.8409999799728	0.04	-0.04	2.40477950563103e-07	6.01460034873128e-08	-6.01460034873128e-08
37.900999982357	0.02	-0.02	3.73283316770925e-07	9.20249567063544e-08	-9.20249567063544e-08
37.9809999855359	0.06	-0.06	1.82974418923439e-07	4.38946306272718e-08	-4.38946306272718e-08
38.0610000085831	0.02	-0.02	2.58844541442633e-07	5.89667652406743e-08	-5.89667652406743e-08
38.1409999918938	0.06	-0.06	1.12373050580672e-07	2.75724497800075e-08	-2.75724497800075e-08
38.3209999791781	0.12	-0.12	5.49144391829222e-08	1.18383313778955e-08	-1.18383313778955e-08
38.5009999863307	0.06	-0.06	3.99312743593874e-08	9.85999043822335e-09	-9.85999043822335e-09
38.6409999918938	0.08	-0.08	2.44518383637843e-08	5.80739841272513e-09	-5.80739841272513e-09
38.8209999752045	0.1	-0.1	1.3390235230624e-08	3.24294785992087e-09	-3.24294785992087e-09
38.9809999855359	0.06	-0.06	2.95501635461895e-08	6.27201243999872e-09	-6.27201243999872e-09
39.1209999960661	0.08	-0.08	2.32274668085253e-08	7.67544046495223e-09	-7.67544046495223e-09
39.300999982357	0.1	-0.1	4.96770265988521e-08	1.03329434784071e-08	-1.03329434784071e-08
39.4809999805689	0.08	-0.08	7.38657780689587e-08	1.82688781022927e-08	-1.82688781022927e-08
39.5809999895096	0.02	-0.02	1.98231376381389e-07	4.6824756595512e-08	-4.6824756595512e-08
39.760999981761	0.16	-0.16	1.06894252210795e-07	2.59687425654526e-08	-2.59687425654526e-08
40.0009999912977	0.08	-0.08	2.76884193302339e-07	6.73335736856998e-08	-6.73335736856998e-08
40.1609999877214	0.08	-0.08	3.09669555123624e-07	9.83719718335398e-08	-9.83719718335398e-08
40.2809999775887	0.04	-0.04	8.7110746205176e-07	1.93661879806869e-07	-1.93661879806869e-07
40.5009999863307	0.18	-0.18	3.07001844181629e-07	8.25225754273978e-08	-8.25225754273978e-08
40.700999994278	0.02	-0.02	8.73572774033977e-07	1.93245037138701e-07	-1.93245037138701e-07
40.8409999799728	0.12	-0.12	2.79255840787296e-07	7.34665022627094e-08	-7.34665022627094e-08
41.0809999895096	0.12	-0.12	2.8012271624636e-07	5.95047144788276e-08	-5.95047144788276e-08
41.3209999791781	0.12	-0.12	2.1588624779639e-07	4.75505456383885e-08	-4.75505456383885e-08
41.760999981761	0.08	-0.08	1.75482810882804e-07	4.01782057475755e-08	-4.01782057475755e-08
41.9609999847412	0.12	-0.12	9.67664738759003e-08	3.51721419640142e-08	-3.51721419640142e-08
42.1209999811649	0.04	-0.04	2.70699464303657e-07	6.61142269137369e-08	-6.61142269137369e-08
42.3609999847412	0.2	-0.2	1.34150213085657e-07	3.19419782558243e-08	-3.19419782558243e-08
42.700999985763	0.14	-0.14	1.83196900898787e-07	4.38520533739902e-08	-4.38520533739902e-08
42.8609999608994	0.02	-0.02	5.39753157416779e-07	1.26956584031718e-07	-1.26956584031718e-07
43.0409999904036	0.16	-0.16	2.07112587311977e-07	4.82868878381674e-08	-4.82868878381674e-08
43.2409999859333	0.04	-0.04	4.48929543564211e-07	1.0598776158431e-07	-1.0598776158431e-07
43.3809999775887	0.1	-0.1	2.79243107957485e-07	6.75514119227431e-08	-6.75514119227431e-08
43.6209999854224	0.14	-0.14	2.13617194197058e-07	5.67360439358145e-08	-5.67360439358145e-08
43.900999982357	0.14	-0.14	2.2668783203796e-07	5.57261937257043e-08	-5.57261937257043e-08
44.3609999869764	0.32	-0.32	1.17059677424924e-07	3.5629364126386e-08	-3.5629364126386e-08
44.8809999835491	0.2	-0.2	1.95378943215667e-07	4.37253023670581e-08	-4.37253023670581e-08
45.1809999895096	0.1	-0.1	2.46270842981636e-07	6.14700467466376e-08	-6.14700467466376e-08
45.5409999818068	0.26	-0.26	1.38822082834429e-07	3.76830367213237e-08	-3.76830367213237e-08
45.8609999807676	0.06	-0.06	2.46657271381322e-07	6.13981787232487e-08	-6.13981787232487e-08
46.5809999858972	0.66	-0.66	5.4461971818005e-08	1.09940846184516e-08	-1.09940846184516e-08
47.3409999799728	0.1	-0.1	6.85911139719795e-08	1.58405169667366e-08	-1.58405169667366e-08
47.4809999954701	0.04	-0.04	9.39877501600102e-08	2.28599296308434e-08	-2.28599296308434e-08
48.0009999838471	0.48	-0.48	1.98052874386062e-08	4.61926176039914e-09	-4.61926176039914e-09
48.9609999847412	0.48	-0.48	9.4669500884549e-09	2.25090651791609e-09	-2.25090651791609e-09
49.9209999856353	0.48	-0.48	3.92898316744649e-09	1.12072317402497e-09	-1.12072317402497e-09
50.8809999840458	0.48	-0.48	5.27591351940813e-09	1.31031679519915e-09	-1.31031679519915e-09
51.8409999849399	0.48	-0.48	8.36836089551285e-09	2.51988319543453e-09	-2.51988319543453e-09
52.6009999832085	0.28	-0.28	2.44331743105868e-08	5.42109437022305e-09	-5.42109437022305e-09
52.9209999930859	0.04	-0.04	7.31556063105047e-08	1.80051486507514e-08	-1.80051486507514e-08
53.0609999847412	0.1	-0.1	5.17815758269916e-08	1.25648593227594e-08	-1.25648593227594e-08
53.2609999847412	0.1	-0.1	4.45594693067249e-08	1.42926490194218e-08	-1.42926490194218e-08
53.4609999847412	0.1	-0.1	7.49197706929811e-08	1.65041422096581e-08	-1.65041422096581e-08
54.0409999854366	0.48	-0.48	5.39798931262605e-08	1.06466930407407e-08	-1.06466930407407e-08
55.0009999838471	0.48	-0.48	5.93106216574621e-08	2.00888767911586e-08	-2.00888767911586e-08
55.9609999847412	0.48	-0.48	1.72001039841067e-07	3.73602101900527e-08	-3.73602101900527e-08
56.9209999856353	0.48	-0.48	2.2918412985167e-07	5.27443851538671e-08	-5.27443851538671e-08
58.6009999843438	1.2	-1.2	1.12490074119813e-07	2.78031623129837e-08	-2.78031623129837e-08
61.0009999853372	1.2	-1.2	6.4120787694609e-08	2.12739165189654e-08	-2.12739165189654e-08
62.6809999835491	0.48	-0.48	1.17835447230126e-07	2.81608210710472e-08	-2.81608210710472e-08
64.1209999848902	0.960000000000001	-0.960000000000001	4.70098038597763e-08	1.70867800652921e-08	-1.70867800652921e-08
65.5609999837478	0.48	-0.48	9.26564713037713e-08	2.08668278863539e-08	-2.08668278863539e-08
67.0009999850889	0.960000000000001	-0.960000000000001	5.19127983011824e-08	1.2571395015593e-08	-1.2571395015593e-08
68.0609999847412	0.1	-0.1	1.41714896565795e-07	3.29206783496561e-08	-3.29206783496561e-08
69.320999984659	1.16	-1.16	3.59949228614999e-08	8.5236812856321e-09	-8.5236812856321e-09
71.0809999855359	0.6	-0.6	4.60250919395636e-08	9.69126283882989e-09	-9.69126283882989e-09
71.760999981761	0.08	-0.08	1.05885968101996e-07	2.55686292434791e-08	-2.55686292434791e-08
72.0009999838471	0.16	-0.16	8.80425754277254e-08	1.84614367898668e-08	-1.84614367898668e-08
72.2209999950727	0.06	-0.06	1.3173832896958e-07	2.89562892129445e-08	-2.89562892129445e-08
72.3009999585152	0.02	-0.02	2.20019948555551e-07	5.45140752142125e-08	-5.45140752142125e-08
72.400999982357	0.08	-0.08	1.25702545385815e-07	2.48036802617051e-08	-2.48036802617051e-08
72.5609999936819	0.08	-0.08	1.2490002912934e-07	2.40599655000443e-08	-2.40599655000443e-08
72.6809999835491	0.04	-0.04	1.62821880148012e-07	3.37828150662592e-08	-3.37828150662592e-08
72.8409999799728	0.12	-0.12	7.13287892517865e-08	1.82049345709725e-08	-1.82049345709725e-08
73.0209999871254	0.06	-0.06	1.02461923044488e-07	2.45520096238196e-08	-2.45520096238196e-08
73.2409999859333	0.16	-0.16	5.74437867171334e-08	1.46639922114015e-08	-1.46639922114015e-08
73.5609999862313	0.16	-0.16	5.75644770366665e-08	1.39021104461891e-08	-1.39021104461891e-08
74.1009999903043	0.06	-0.06	8.62593180425349e-08	2.15636561473436e-08	-2.15636561473436e-08
74.3609999847412	0.2	-0.2	3.18726220226829e-08	1.18251012831956e-08	-1.18251012831956e-08
74.6010000002384	0.04	-0.04	1.10993000367418e-07	2.68686277692746e-08	-2.68686277692746e-08
74.7009999744097	0.06	-0.06	1.06496334593333e-07	2.24273320304328e-08	-2.24273320304328e-08
74.8209999791781	0.06	-0.06	4.69083192707637e-08	2.08811617072871e-08	-2.08811617072871e-08
74.9209999930859	0.04	-0.04	1.29106930392142e-07	2.53168183841007e-08	-2.53168183841007e-08
75.0009999763966	0.04	-0.04	1.20875522973296e-07	2.62850057923528e-08	-2.62850057923528e-08
75.1609999926885	0.12	-0.12	5.50316062575531e-08	1.43244705565126e-08	-1.43244705565126e-08
75.400999982357	0.12	-0.12	5.74957874495307e-08	1.30598729786005e-08	-1.30598729786005e-08
75.5609999787807	0.04	-0.04	8.0390041875664e-08	1.99323961334957e-08	-1.99323961334957e-08
75.6609999926885	0.06	-0.06	8.3776646867794e-08	1.5605563821713e-08	-1.5605563821713e-08
75.740999956131	0.02	-0.02	1.02601491838205e-07	2.5325176269869e-08	-2.5325176269869e-08
75.8009999883175	0.04	-0.04	8.25630824147214e-08	1.61537910051059e-08	-1.61537910051059e-08
75.8609999608993	0.02	-0.02	8.8442194634418e-08	1.95123733355116e-08	-1.95123733355116e-08
75.900999982357	0.02	-0.02	3.5950085331667e-08	1.72338139384974e-08	-1.72338139384974e-08
75.9410000038147	0.02	-0.02	8.16962356993058e-08	1.60536225483922e-08	-1.60536225483922e-08
75.9809999656677	0.02	-0.02	6.48501335477085e-08	1.44267062179651e-08	-1.44267062179651e-08
76.0209999871254	0.02	-0.02	7.33774057849287e-08	1.39650971336202e-08	-1.39650971336202e-08
76.0610000085831	0.02	-0.02	5.15075309176789e-08	1.27741771336353e-08	-1.27741771336353e-08
76.1009999704361	0.02	-0.02	5.73333881784137e-08	1.45551078786948e-08	-1.45551078786948e-08
76.1409999918938	0.02	-0.02	6.72205333629262e-08	1.58631712210271e-08	-1.58631712210271e-08
76.1810000133514	0.02	-0.02	8.48423274038493e-08	1.64867038702056e-08	-1.64867038702056e-08
76.2209999752045	0.02	-0.02	1.02495314690376e-07	1.9583904196845e-08	-1.9583904196845e-08
76.2609999966621	0.02	-0.02	1.05877715028595e-07	2.08557811063617e-08	-2.08557811063617e-08
76.3009999585152	0.02	-0.02	1.08890935512156e-07	1.80488224863721e-08	-1.80488224863721e-08
76.3409999799728	0.02	-0.02	6.16658587993544e-08	1.51787086744339e-08	-1.51787086744339e-08
76.400999982357	0.04	-0.04	4.31892092067564e-08	9.62543720089642e-09	-9.62543720089642e-09
76.48099999547	0.04	-0.04	3.68061622414551e-08	7.36809756447734e-09	-7.36809756447734e-09
76.5409999680519	0.02	-0.02	4.18348048926201e-08	1.04353864546621e-08	-1.04353864546621e-08
76.5809999895096	0.02	-0.02	3.0753538769653e-08	9.84636315705585e-09	-9.84636315705585e-09
76.6210000109673	0.02	-0.02	4.21096640971932e-08	1.03387651451937e-08	-1.03387651451937e-08
76.6809999835491	0.04	-0.04	3.44715269298942e-08	7.50369326538276e-09	-7.50369326538276e-09
76.7609999668598	0.04	-0.04	3.21813609525525e-08	7.71399349037445e-09	-7.71399349037445e-09
76.8609999807676	0.06	-0.06	3.10952273093291e-08	6.50499863637223e-09	-6.50499863637223e-09
77.0609999915532	0.14	-0.14	2.33393327081301e-08	4.85723052751113e-09	-4.85723052751113e-09
77.2409999859333	0.04	-0.04	4.77702958335497e-08	1.03549643171869e-08	-1.03549643171869e-08
77.400999982357	0.12	-0.12	2.86902918723617e-08	6.81900831167679e-09	-6.81900831167679e-09
77.760999981761	0.24	-0.24	1.81845508524978e-08	6.48039626189671e-09	-6.48039626189671e-09
78.120999991099	0.12	-0.12	5.9596833498886e-08	1.25313659868894e-08	-1.25313659868894e-08
78.6609999841735	0.42	-0.42	3.47701562095705e-08	1.09793377430599e-08	-1.09793377430599e-08
79.2209999837194	0.14	-0.14	1.2637777928332e-07	3.14748106404515e-08	-3.14748106404515e-08
80.8009999850062	1.44	-1.44	1.45620499686017e-07	2.98758697549723e-08	-2.98758697549723e-08
82.7209999851386	0.48	-0.48	2.75736829982793e-07	6.35577648321947e-08	-6.35577648321947e-08
84.2409999847871	1.04	-1.04	2.14198402537703e-07	5.09166004394949e-08	-5.09166004394949e-08
89.6009999845098	4.32	-4.32	1.9591649016347e-07	4.55386788823311e-08	-4.55386788823311e-08
115.580999984777	21.6599999999996	-21.6599999999996	1.44122249844289e-07	3.24753639472432e-08	-3.24753639472432e-08

## XRT - xrtwtflux
81.783	0.320	-0.33	1.39822763247247e-08	1.7082535220259e-09	-1.70841290748665e-09
82.411	0.276	-0.308	1.55557245551044e-08	1.9004807194767e-09	-1.90064383847054e-09
83.035	0.356	-0.348	1.2763902031809e-08	1.57930960231661e-09	-1.57942540290574e-09
83.658	0.239	-0.267	1.81617281982969e-08	2.24117689572054e-09	-2.24133253974954e-09
84.252	0.365	-0.356	1.22921147979891e-08	1.53270469542925e-09	-1.53280430644222e-09
84.902	0.358	-0.285	1.41363288995274e-08	1.72705620364003e-09	-1.72717324509262e-09
85.559	0.357	-0.3	9.28862495084168e-09	1.38468358587516e-09	-1.38475082159713e-09
86.254	0.246	-0.338	1.062030533965e-08	1.58320245408532e-09	-1.58328344064475e-09
86.807	0.301	-0.307	1.04677856484996e-08	1.56046277125862e-09	-1.56053429658167e-09
87.382	0.258	-0.274	1.23154980097914e-08	1.8359038930872e-09	-1.83598147873753e-09
88.000	0.362	-0.36	8.81388604046232e-09	1.41871606114976e-09	-1.41876569056314e-09
88.643	0.320	-0.281	1.15830616881807e-08	1.72671666784529e-09	-1.72678208773204e-09
89.300	0.331	-0.337	1.03132040340237e-08	1.6280697044522e-09	-1.62812401013537e-09
89.993	0.357	-0.362	1.01835790236478e-08	1.54709684961458e-09	-1.54714688332309e-09
90.756	0.433	-0.406	9.16180361767709e-09	1.36577140269507e-09	-1.36581758769678e-09
91.609	0.411	-0.42	9.49061293687039e-09	1.44181987087513e-09	-1.44186382253643e-09
92.509	0.482	-0.489	8.37526967766367e-09	1.27237572415542e-09	-1.2724123816062e-09
93.402	0.492	-0.41	9.01517041251179e-09	1.32922290597679e-09	-1.32925986603506e-09
94.425	0.504	-0.531	7.36838447127594e-09	1.09842091518884e-09	-1.09845152251581e-09
95.283	0.404	-0.354	9.72360445053843e-09	1.44951849783646e-09	-1.44955816799132e-09
96.076	0.369	-0.389	9.28487794225439e-09	1.41056310546017e-09	-1.41059934223212e-09
96.826	0.505	-0.381	7.81747946016365e-09	1.16536831572921e-09	-1.16540063807979e-09
97.778	0.368	-0.447	8.18282769993494e-09	1.21983139294067e-09	-1.21986278180698e-09
98.517	0.406	-0.372	8.20988641682812e-09	1.24724972458677e-09	-1.24727928014182e-09
99.290	0.439	-0.367	6.6821964044326e-09	1.21392272124678e-09	-1.21394264949563e-09
100.137	0.288	-0.408	8.61189490939562e-09	1.3083233591164e-09	-1.30835321335304e-09
100.801	0.368	-0.376	8.17381049939027e-09	1.21848738614363e-09	-1.21851587731758e-09
101.501	0.370	-0.332	1.2637378019932e-08	1.58373279143507e-09	-1.58378506904581e-09
102.116	0.266	-0.244	1.19146414896868e-08	1.77614097834633e-09	-1.77618206943127e-09
102.716	0.362	-0.334	1.28937301893756e-08	1.59535809333211e-09	-1.59541165625961e-09
103.363	0.321	-0.285	1.21103780244974e-08	1.65844000550269e-09	-1.65848611298428e-09
104.015	0.327	-0.331	1.35385467162695e-08	1.69666911459234e-09	-1.69672537865661e-09
104.624	0.270	-0.282	1.19022085226369e-08	1.77218451701305e-09	-1.77222480183063e-09
105.193	0.258	-0.299	1.25851390115384e-08	1.7622850729345e-09	-1.7623306824968e-09
105.810	0.322	-0.36	9.13741875189774e-09	1.36213528907571e-09	-1.36216590467675e-09
106.413	0.262	-0.281	1.12213530920445e-08	1.73761932019981e-09	-1.73765656137545e-09
106.930	0.264	-0.255	1.21339702192282e-08	1.80883871399551e-09	-1.80888004190644e-09
107.521	0.360	-0.327	1.37179061221738e-08	1.6759263299676e-09	-1.67598466453971e-09
108.137	0.382	-0.256	9.93747670686139e-09	1.48140184542965e-09	-1.48143565542486e-09
108.889	0.310	-0.37	1.39578133895273e-08	1.70523790999405e-09	-1.70529795505323e-09
109.527	0.303	-0.328	1.01197864580689e-08	1.50858042688361e-09	-1.50861578362353e-09
110.070	0.296	-0.24	1.19755177969902e-08	1.78521919837965e-09	-1.7852612438205e-09
110.659	0.261	-0.292	1.16860229114895e-08	1.74206382427133e-09	-1.74210356620516e-09
111.316	0.321	-0.396	9.10069956298572e-09	1.35666260602738e-09	-1.35669468986987e-09
111.962	0.272	-0.326	1.10124962212607e-08	1.64166009238188e-09	-1.64169920634151e-09
112.557	0.290	-0.322	1.08442700108053e-08	1.61658215229063e-09	-1.61662022608779e-09
113.052	0.307	-0.205	1.28637107881534e-08	1.95426563901974e-09	-1.95430945298176e-09
113.641	0.280	-0.282	1.23173148559515e-08	1.83617006988231e-09	-1.83621294878539e-09
114.298	0.376	-0.377	9.17325158354784e-09	1.39360743155574e-09	-1.39363890666108e-09
114.974	0.290	-0.301	1.16520717469848e-08	1.80431940925414e-09	-1.80435903321274e-09
115.743	0.422	-0.478	7.85960783727918e-09	1.19403820142347e-09	-1.19406572915615e-09
116.460	0.355	-0.296	1.11745832184498e-08	1.66582295257954e-09	-1.66586219454654e-09
117.289	0.422	-0.473	8.27614017697586e-09	1.2337460150961e-09	-1.23377634263101e-09
118.135	0.435	-0.424	8.77500352521057e-09	1.30811390828485e-09	-1.30814689397354e-09
119.097	0.505	-0.527	7.35064875458386e-09	1.11671805124658e-09	-1.11674479550531e-09
120.192	0.588	-0.59	6.64928407755077e-09	9.91227947233207e-10	-9.91253914253185e-10
121.289	0.663	-0.509	6.54181243340578e-09	9.93840622923561e-10	-9.93866267423376e-10
122.532	0.625	-0.58	6.41350647642221e-09	9.5607842873998e-10	-9.5610203652913e-10
123.948	0.683	-0.791	5.12107844900717e-09	7.77999708769418e-10	-7.78018380220039e-10
125.093	0.554	-0.461	7.33946631585956e-09	1.11502116510297e-09	-1.11504971818232e-09
126.251	0.521	-0.603	6.55674408327059e-09	9.77433252063584e-10	-9.77459315116566e-10
127.433	0.513	-0.661	6.03054592178163e-09	9.16166200969268e-10	-9.16187722748152e-10
128.600	0.618	-0.654	5.42713109838371e-09	8.24494769670795e-10	-8.2451393372373e-10
129.996	0.747	-0.778	4.4575384601211e-09	6.64496808701931e-10	-6.64513097763907e-10
131.546	1.132	-0.803	3.56208429943006e-09	5.4115537030008e-10	-5.41168083667239e-10
133.368	1.062	-0.69	4.08379680172224e-09	6.20414576359965e-10	-6.20429367135041e-10
135.538	0.787	-1.107	3.90477744732722e-09	5.82095101633571e-10	-5.82109189596858e-10
137.047	0.859	-0.721	4.75402328721291e-09	7.22236224862734e-10	-7.22253395025973e-10
138.786	0.742	-0.881	5.0397841471828e-09	7.5129400300572e-10	-7.51312765496035e-10
140.413	0.760	-0.885	5.42589076042104e-09	8.08851803869499e-10	-8.0887192635405e-10
142.234	0.772	-1.061	5.29415188744908e-09	8.04292960662983e-10	-8.04312316491901e-10
143.886	0.727	-0.88	6.58695526563571e-09	1.00069601747781e-09	-1.00071910980812e-09
145.287	0.692	-0.674	7.52511592241324e-09	1.14322134700498e-09	-1.14324720095154e-09
146.954	0.918	-0.975	5.25064487822937e-09	7.97682361530043e-10	-7.97700742597574e-10
148.581	1.114	-0.709	5.27447895971237e-09	8.01302454383872e-10	-8.01320242286767e-10
151.261	1.271	-1.565	3.25465400296898e-09	4.85178872668413e-10	-4.85190026635968e-10
154.097	1.256	-1.566	3.03555010913891e-09	4.61162569169967e-10	-4.61172891942576e-10
157.270	1.963	-1.917	2.09618907459871e-09	3.1248367738411e-10	-3.12490840123726e-10
160.966	1.979	-1.732	2.06731915058021e-09	3.08179985681505e-10	-3.08187213207631e-10
165.159	2.374	-2.215	1.77429889574276e-09	2.64498748995138e-10	-2.64504886153396e-10
169.825	2.134	-2.292	1.87662795575165e-09	3.02068145200391e-10	-3.02074125744677e-10
173.560	1.787	-1.6	1.81508048437938e-09	3.31388205953329e-10	-3.31393362144244e-10
177.422	2.072	-2.075	2.27495495603591e-09	3.39132511219292e-10	-3.39140336167945e-10
181.582	1.687	-2.088	1.70758207010991e-09	3.11761715653728e-10	-3.11766668245908e-10
185.103	1.863	-1.834	1.75998544813855e-09	3.30603478497152e-10	-3.30608382195766e-10
189.570	2.056	-2.604	1.36035348570145e-09	2.55534892496799e-10	-2.55538673346451e-10
194.488	2.803	-2.862	1.04492013355368e-09	2.02025557124001e-10	-2.02028406666821e-10
200.012	2.550	-2.722	1.08834553013017e-09	2.10421458819764e-10	-2.10424528525388e-10
205.923	4.108	-3.361	7.1424091069306e-10	1.42190719750341e-10	-1.42192603940288e-10
214.859	3.941	-4.829	5.7643674624936e-10	1.08280425867404e-10	-1.08282091187939e-10

## XRT - xrtpcflux
238.119	9.398	-13.168	4.08985800919871e-10	8.55043887898361e-11	-8.55043887898361e-11
263.513	16.599	-15.996	2.5076642441716e-10	5.61580399743436e-11	-5.61580399743436e-11
294.321	10.864	-14.209	3.32285096919295e-10	7.44137578369467e-11	-7.44137578369467e-11
326.106	19.196	-20.921	2.10666677247305e-10	4.75379410412832e-11	-4.75379410412832e-11
367.960	22.474	-22.658	1.99802776595587e-10	4.38532585024112e-11	-4.38532585024112e-11
409.946	18.097	-19.513	2.38472383708701e-10	5.34048443390397e-11	-5.34048443390397e-11
452.616	33.096	-24.572	1.5673250731492e-10	3.53135316513339e-11	-3.53135316513339e-11
502.172	13.627	-16.46	3.23955675829982e-10	7.09997954748087e-11	-7.09997954748087e-11
539.113	21.817	-23.315	2.099707082603e-10	4.75987995070389e-11	-4.75987995070389e-11
574.662	16.357	-13.731	3.24156089071336e-10	7.25933162036155e-11	-7.25933162036155e-11
610.453	15.668	-19.435	2.93056672865488e-10	6.43208549235713e-11	-6.43208549235713e-11
649.025	19.720	-22.904	2.32404405790683e-10	5.22835559654438e-11	-5.22835559654438e-11
688.277	25.599	-19.533	2.21931837615053e-10	5.01565102572365e-11	-5.01565102572365e-11
737.598	21.410	-23.721	2.18239899086354e-10	4.88738526283885e-11	-4.88738526283885e-11
782.489	19.143	-23.481	2.26805069069512e-10	5.12578676770023e-11	-5.12578676770023e-11
822.436	29.343	-20.804	1.91948610384075e-10	4.31166845067851e-11	-4.31166845067851e-11
884.645	29.816	-32.867	1.51530920104747e-10	3.42459234944262e-11	-3.42459234944262e-11
943.058	29.071	-28.597	1.59972279359455e-10	3.58794524359124e-11	-3.58794524359124e-11
988.398	13.819	-16.269	2.96380177349944e-10	6.69818030517138e-11	-6.69818030517138e-11
1029.979	22.384	-27.762	1.78120677062249e-10	4.00105620030644e-11	-4.00105620030644e-11
1080.597	21.912	-28.234	1.82135762466814e-10	3.98026160240336e-11	-3.98026160240336e-11
1129.758	27.912	-27.249	1.51614743918825e-10	3.42125954106042e-11	-3.42125954106042e-11
1177.019	18.261	-19.349	2.34865812582342e-10	5.13258570732587e-11	-5.13258570732587e-11
1217.142	23.270	-21.862	1.90786740928146e-10	4.19351346712576e-11	-4.19351346712576e-11
1270.826	37.283	-30.415	1.19079758715024e-10	2.69945073535096e-11	-2.69945073535096e-11
1331.916	28.846	-23.807	1.53939116005856e-10	3.51121422309456e-11	-3.51121422309456e-11
1381.525	19.354	-20.763	2.02812757359597e-10	4.54190248001419e-11	-4.54190248001419e-11
1434.196	16.829	-33.317	1.70587360848545e-10	3.73867995468706e-11	-3.73867995468706e-11
1479.791	26.391	-28.766	2.06237112745227e-10	3.92721654954226e-11	-3.92721654954226e-11
4751.513	38.797	-36.423	8.64785530037153e-11	1.93795780569212e-11	-1.93795780569212e-11
4835.367	47.713	-45.058	6.87515950776948e-11	1.54748712930668e-11	-1.54748712930668e-11
4914.146	29.110	-31.066	1.06265634973147e-10	2.38661267550545e-11	-2.38661267550545e-11
4977.835	28.103	-34.58	1.11189196815364e-10	2.49171693929565e-11	-2.49171693929565e-11
5049.858	46.343	-43.92	7.77739614175053e-11	1.71142771916288e-11	-1.71142771916288e-11
5142.638	31.290	-46.437	1.04141214029615e-10	2.17770808238855e-11	-2.17770808238855e-11
5224.932	29.230	-51.004	9.42790724314973e-11	2.07244906226119e-11	-2.07244906226119e-11
5306.740	42.700	-52.578	7.97787094408211e-11	1.78781760314901e-11	-1.78781760314901e-11
5387.225	34.926	-37.786	1.16137370677353e-10	2.49341086526915e-11	-2.49341086526915e-11
5461.917	32.947	-39.765	1.0975728291502e-10	2.40010055453492e-11	-2.40010055453492e-11
5556.202	53.994	-61.338	7.26767580252739e-11	1.53586271405336e-11	-1.53586271405336e-11
6571.291	47.335	-52.958	6.61228333668057e-11	1.49159980932298e-11	-1.49159980932298e-11
6653.391	30.424	-34.766	1.0759260897244e-10	2.35768441366779e-11	-2.35768441366779e-11
6702.233	24.207	-18.418	7.65347585831053e-11	1.71520386643878e-11	-1.71520386643878e-11
6754.369	39.768	-27.929	5.3071112541114e-11	1.19328832144871e-11	-1.19328832144871e-11
6834.985	24.343	-40.847	9.80086100640361e-11	2.20601289596102e-11	-2.20601289596102e-11
6906.740	45.358	-47.412	7.3426958448659e-11	1.61746708465396e-11	-1.61746708465396e-11
6987.796	31.999	-35.698	7.60397982449273e-11	1.71345832253605e-11	-1.71345832253605e-11
7059.767	25.219	-39.971	4.99919168115233e-11	1.12287367493859e-11	-1.12287367493859e-11
7115.301	27.353	-30.315	5.66733063146474e-11	1.26867161378934e-11	-1.26867161378934e-11
7212.678	62.863	-70.024	7.65056465355391e-11	1.38188059115911e-11	-1.38188059115911e-11
10579.124	23.262	-44.435	4.88279900708449e-11	1.04328689021378e-11	-1.04328689021378e-11
10637.853	24.708	-35.467	5.10636938002169e-11	1.14455891908965e-11	-1.14455891908965e-11
10701.153	36.627	-38.592	4.15264696406318e-11	9.31906440594575e-12	-9.31906440594575e-12
10769.609	35.869	-31.828	4.50045917128651e-11	1.01117424492458e-11	-1.01117424492458e-11
10847.817	40.403	-42.339	3.68877890553697e-11	8.2681530380141e-12	-8.2681530380141e-12
10930.690	37.763	-42.471	3.76147960240663e-11	8.4615627902842e-12	-8.4615627902842e-12
11000.031	28.598	-31.578	4.97658127699509e-11	1.1168076334497e-11	-1.1168076334497e-11
11078.083	38.302	-49.454	3.55364204713166e-11	7.79020490308404e-12	-7.79020490308404e-12
11140.317	36.243	-23.932	4.88761020630475e-11	1.09684138872586e-11	-1.09684138872586e-11
11203.226	41.031	-26.666	4.66389418252996e-11	1.02007076869684e-11	-1.02007076869684e-11
11281.083	45.916	-36.825	3.56819744603546e-11	8.00748510370985e-12	-8.00748510370985e-12
11373.472	41.283	-46.473	3.52459154858067e-11	7.72651950878513e-12	-7.72651950878513e-12
11462.318	37.681	-47.563	3.9564279483716e-11	8.33648109790101e-12	-8.33648109790101e-12
12908.460	31.356	-31.327	4.59087187663932e-11	1.03398165646274e-11	-1.03398165646274e-11
12994.144	43.456	-54.328	4.1054416056519e-11	7.80530577726244e-12	-7.80530577726244e-12
16357.106	47.911	-39.845	3.54598888171637e-11	7.93805113148395e-12	-7.93805113148395e-12
16445.867	41.891	-40.851	3.7533830206437e-11	8.44054878228247e-12	-8.44054878228247e-12
16551.151	59.465	-63.393	2.60086400392332e-11	5.8421386646307e-12	-5.8421386646307e-12
16664.002	36.878	-53.385	3.54501359372121e-11	7.96291336032219e-12	-7.96291336032219e-12
16736.082	52.554	-35.202	3.62756203118963e-11	8.16689169891185e-12	-8.16689169891185e-12
16855.552	35.884	-66.916	3.12781195906508e-11	7.04980837933178e-12	-7.04980837933178e-12
16939.337	54.898	-47.901	3.29935702215151e-11	7.25448129581951e-12	-7.25448129581951e-12
17041.726	47.787	-47.491	3.4184009838408e-11	7.68724648195436e-12	-7.68724648195436e-12
17129.871	27.339	-40.358	4.82449875686561e-11	1.08492561855881e-11	-1.08492561855881e-11
17215.863	54.177	-58.652	3.07579794361571e-11	6.75559868381973e-12	-6.75559868381973e-12
17356.293	101.789	-86.253	2.89502693873921e-11	5.07437475883333e-12	-5.07437475883333e-12
22226.702	79.526	-73.42	2.95192002672018e-11	6.70453503025531e-12	-6.70453503025531e-12
22406.222	67.996	-99.994	2.71831272976082e-11	6.11476147217005e-12	-6.11476147217005e-12
22560.047	59.595	-85.829	3.02102294311053e-11	6.84492070855297e-12	-6.84492070855297e-12
22692.812	74.761	-73.17	2.91787248200553e-11	6.54014516448347e-12	-6.54014516448347e-12
22827.861	45.019	-60.288	3.98746038503019e-11	8.98043553235255e-12	-8.98043553235255e-12
22943.183	50.048	-70.303	3.39914758038075e-11	7.63712499934731e-12	-7.63712499934731e-12
23039.604	43.891	-46.372	4.4136740397068e-11	9.91654040590696e-12	-9.91654040590696e-12
23155.278	78.655	-71.784	2.61690758837978e-11	5.90079726082292e-12	-5.90079726082292e-12
23336.154	105.880	-102.221	3.43232291205149e-11	5.7779079884926e-12	-5.7779079884926e-12
27970.579	52.953	-127.574	1.83082279167197e-11	4.78157748202943e-12	-4.78157748202943e-12
28167.317	74.351	-143.785	1.60475054867534e-11	4.07160185473067e-12	-4.07160185473067e-12
28299.854	67.179	-58.187	3.63627090493929e-11	7.9836693330601e-12	-7.9836693330601e-12
28491.088	69.008	-124.055	2.244340690673e-11	4.91754195194101e-12	-4.91754195194101e-12
28630.648	62.336	-70.552	2.96581408037066e-11	6.67448774889021e-12	-6.67448774889021e-12
28807.191	63.811	-114.208	1.57240444344972e-11	4.10666410503742e-12	-4.10666410503742e-12
28947.430	129.172	-76.427	1.74665809617615e-11	3.95629547342246e-12	-3.95629547342246e-12
29165.390	136.870	-88.788	1.35251546753329e-11	3.3220275554292e-12	-3.3220275554292e-12
29443.157	82.247	-140.897	1.4369349880958e-11	3.46912296434087e-12	-3.46912296434087e-12
33754.321	117.812	-150.471	1.1782946666375e-11	3.10304385106371e-12	-3.10304385106371e-12
33980.786	134.555	-108.654	1.32734850094411e-11	3.47905271894669e-12	-3.47905271894669e-12
34206.798	131.694	-91.457	1.55074916269775e-11	3.90415074700968e-12	-3.90415074700968e-12
34462.384	124.331	-123.892	1.31752869940902e-11	3.44030216325767e-12	-3.44030216325767e-12
34782.563	150.162	-195.847	9.45486871531085e-12	2.47116247366598e-12	-2.47116247366598e-12
35116.478	162.255	-183.754	9.28710712250979e-12	2.42502896979755e-12	-2.42502896979755e-12
35468.367	226.571	-189.633	1.67157954362117e-11	2.92969576534287e-12	-2.92969576534287e-12
39491.078	135.187	-108.023	9.35222972240223e-12	2.44958861001856e-12	-2.44958861001856e-12
39736.430	60.332	-110.166	1.76108074164335e-11	3.9508707749755e-12	-3.9508707749755e-12
39865.441	59.193	-68.68	2.33985543537496e-11	5.2536408615733e-12	-5.2536408615733e-12
40003.904	103.764	-79.27	1.2272049367655e-11	3.19309428765887e-12	-3.19309428765887e-12
40209.596	121.223	-101.928	1.25120551788242e-11	2.96807077926866e-12	-2.96807077926866e-12
40453.351	125.691	-122.532	9.69091709756105e-12	2.53267605186968e-12	-2.53267605186968e-12
40699.920	104.780	-120.878	1.11698831853046e-11	2.90631840757212e-12	-2.90631840757212e-12
40920.253	64.974	-115.552	1.44219008994252e-11	3.77327595305157e-12	-3.77327595305157e-12
41053.972	114.289	-68.745	1.4613607302425e-11	3.78980903366957e-12	-3.78980903366957e-12
41302.003	101.944	-133.743	1.16341403087152e-11	3.04389994129722e-12	-3.04389994129722e-12
41502.069	94.942	-98.121	1.8933349204887e-11	4.26866821497079e-12	-4.26866821497079e-12
41741.572	118.696	-144.561	1.58180975693712e-11	3.32440476749091e-12	-3.32440476749091e-12
45323.525	112.953	-112.705	1.11026457465328e-11	2.88721658902675e-12	-2.88721658902675e-12
45532.473	87.039	-95.995	1.35875568801197e-11	3.52619883706784e-12	-3.52619883706784e-12
45721.023	116.625	-101.511	1.12509137269222e-11	2.94383738627085e-12	-2.94383738627085e-12
45949.634	121.194	-111.986	1.1220073404175e-11	2.82654818792032e-12	-2.82654818792032e-12
46154.625	91.715	-83.797	1.38371400224183e-11	3.60939027311236e-12	-3.60939027311236e-12
46399.707	102.378	-153.367	1.01135287317631e-11	2.54534616569102e-12	-2.54534616569102e-12
46646.387	93.892	-144.302	1.0145690525969e-11	2.64106333182302e-12	-2.64106333182302e-12
46868.853	119.650	-128.574	9.63894693096712e-12	2.54299463009439e-12	-2.54299463009439e-12
47113.674	72.907	-125.171	1.30168935210639e-11	3.27920135657413e-12	-3.27920135657413e-12
47486.814	218.769	-300.234	8.62327995385174e-12	1.65485412751687e-12	-1.65485412751687e-12
51131.328	230.209	-203.556	6.38041424847668e-12	1.66078385577398e-12	-1.66078385577398e-12
51666.590	229.003	-305.054	5.31207871145907e-12	1.39116786555805e-12	-1.39116786555805e-12
52047.060	124.337	-151.467	1.01579327680881e-11	2.63869545509488e-12	-2.63869545509488e-12
52441.996	293.546	-270.599	4.97892164286713e-12	1.30192523097373e-12	-1.30192523097373e-12
53034.017	446.186	-298.475	6.39787341773053e-12	1.27058258671402e-12	-1.27058258671402e-12
56911.799	102.256	-150.982	9.61684345994221e-12	2.50769798635875e-12	-2.50769798635875e-12
57192.725	179.875	-178.671	6.7249715794745e-12	1.76333047718332e-12	-1.76333047718332e-12
57509.323	179.198	-136.723	7.53821193726529e-12	1.96567211534267e-12	-1.96567211534267e-12
57760.456	116.114	-71.934	1.68018111066916e-11	3.79114671771036e-12	-3.79114671771036e-12
57971.896	90.214	-95.327	1.26706849547618e-11	3.29312936451979e-12	-3.29312936451979e-12
58147.233	138.028	-85.123	1.06024129723503e-11	2.7769424337217e-12	-2.7769424337217e-12
58408.331	105.096	-123.07	1.05888466568934e-11	2.75811811191999e-12	-2.75811811191999e-12
58794.941	445.258	-281.515	6.59212481130742e-12	1.28127018392824e-12	-1.28127018392824e-12
62681.707	204.145	-174.459	7.817319743127e-12	2.02878486793135e-12	-2.02878486793135e-12
63063.070	131.181	-177.218	9.64915494947942e-12	2.50934192299991e-12	-2.50934192299991e-12
63350.827	249.609	-156.575	7.45498305740656e-12	1.93972782329611e-12	-1.93972782329611e-12
63803.853	210.289	-203.417	7.33729778982165e-12	1.91205787800547e-12	-1.91205787800547e-12
64117.332	109.932	-103.189	1.44235215089044e-11	3.73941487493889e-12	-3.73941487493889e-12
64485.689	368.391	-258.426	8.78383133115949e-12	1.70398616255252e-12	-1.70398616255252e-12
68555.034	152.615	-241.033	8.16292475936135e-12	2.12850784470806e-12	-2.12850784470806e-12
68824.204	146.713	-116.555	1.22671332211543e-11	3.20067188835532e-12	-3.20067188835532e-12
69473.036	483.246	-502.12	5.98793418853802e-12	1.16706535849558e-12	-1.16706535849558e-12
81351.075	281.633	-315.106	6.03343419350863e-12	1.59959674455178e-12	-1.59959674455178e-12
81940.940	416.376	-308.232	6.42190150201899e-12	1.49812835710266e-12	-1.49812835710266e-12
87325.650	805.540	-1742.498	7.96579046470582e-12	1.79842095416536e-12	-1.79842095416536e-12
94451.161	5216.495	-1147.546	7.42995939392036e-12	1.7290065066371e-12	-1.7290065066371e-12
109728.050	229.644	-236.714	1.23939203452791e-11	2.96544975442213e-12	-2.96544975442213e-12
125179.104	3258.804	-3307.223	5.09068602664686e-12	1.13588048990447e-12	-1.13588048990447e-12
133591.070	741.973	-998.663	4.21382771294306e-12	9.39700906326724e-13	-9.39700906326724e-13
139206.989	900.892	-999.642	2.68464590856806e-12	6.20863177028253e-13	-6.20863177028253e-13
144265.072	297.659	-121.06	3.81797814789648e-12	2.07279661686032e-12	-1.53097131113766e-12
