READ TERR 1 2
! xrtwtflux
96.863	2.574	-2.341	4.53156883565732e-10	8.93867737403722e-11	-8.93869899624263e-11
100.918	2.207	-1.481	5.8865525091236e-10	1.11680322278705e-10	-1.11680595425218e-10
105.699	1.826	-2.574	4.69172734126552e-10	8.56595204447193e-11	-8.56597131961807e-11
109.936	2.852	-2.41	3.42342313648937e-10	7.02512096414738e-11	-7.02513943463576e-11
114.499	1.506	-1.711	6.06900854685495e-10	1.15141765317443e-10	-1.1514201731111e-10
118.418	2.484	-2.414	4.06086765205658e-10	7.70431401224072e-11	-7.70432685364157e-11
123.143	2.362	-2.24	4.26432909540596e-10	8.41152757820382e-11	-8.41154061313773e-11
128.066	2.018	-2.561	4.68380024790279e-10	8.551467282232e-11	-8.55148708068655e-11
133.424	3.556	-3.34	2.63759190766361e-10	6.38577594689651e-11	-6.38578282591531e-11
140.057	4.122	-3.076	3.1331825900223e-10	6.42952425514359e-11	-6.42953478600023e-11
146.896	3.691	-2.717	3.98363627472579e-10	7.27314076433193e-11	-7.27315562446734e-11
153.566	2.872	-2.979	3.51540093205552e-10	7.82329937080979e-11	-7.82330665991268e-11
159.054	1.957	-2.616	4.69516142854382e-10	8.90770140078248e-11	-8.90771518910025e-11
NO NO NO NO NO NO
! xrtpcflux
174.303	5.800	-6.736	2.62658917243541e-10	5.89593154191143e-11	-5.89593154191143e-11
187.688	9.966	-7.585	1.86196384848041e-10	4.17956971808566e-11	-4.17956971808566e-11
205.511	9.695	-7.857	2.03073928883618e-10	4.45594405596653e-11	-4.45594405596653e-11
223.672	9.085	-8.466	1.97918858847283e-10	4.45130715216158e-11	-4.45130715216158e-11
253.896	13.963	-21.139	1.0144370643242e-10	2.28595195589627e-11	-2.28595195589627e-11
279.550	10.874	-11.691	1.63923059567007e-10	3.59025948425032e-11	-3.59025948425032e-11
306.364	14.148	-15.939	1.14007648401595e-10	2.5542057711066e-11	-2.5542057711066e-11
332.276	13.310	-11.764	1.45560239716308e-10	3.11973396983655e-11	-3.11973396983655e-11
368.211	17.492	-22.625	9.24033134817081e-11	1.99094820235203e-11	-1.99094820235203e-11
404.846	23.481	-19.144	8.09736855060925e-11	1.8106268643079e-11	-1.8106268643079e-11
443.287	15.128	-14.96	1.17640432312062e-10	2.6406863901046e-11	-2.6406863901046e-11
474.731	18.786	-16.316	1.03581043609709e-10	2.3206094004533e-11	-2.3206094004533e-11
509.471	16.641	-15.954	1.13300901639988e-10	2.55314429060817e-11	-2.55314429060817e-11
554.910	23.856	-28.798	7.26704464893042e-11	1.63756973586943e-11	-1.63756973586943e-11
594.022	9.816	-15.257	1.53438040635713e-10	3.43759727623405e-11	-3.43759727623405e-11
623.164	23.299	-19.325	8.94562631457349e-11	2.00416134935512e-11	-2.00416134935512e-11
666.946	17.127	-20.483	9.9602891349086e-11	2.18151187896079e-11	-2.18151187896079e-11
706.537	20.160	-22.464	7.82975743298233e-11	1.76095711333778e-11	-1.76095711333778e-11
744.551	14.741	-17.854	1.03056696629327e-10	2.30886313976231e-11	-2.30886313976231e-11
795.309	29.174	-36.017	5.33727417731991e-11	1.20739473383909e-11	-1.20739473383909e-11
866.735	32.967	-42.253	4.99403398673162e-11	1.11429501987185e-11	-1.11429501987185e-11
946.462	33.474	-46.76	4.80821553352705e-11	1.05698995074879e-11	-1.05698995074879e-11
1015.918	36.730	-35.982	5.28644065739291e-11	1.15997574382055e-11	-1.15997574382055e-11
1083.946	28.878	-31.298	5.98077601733764e-11	1.34251012244369e-11	-1.34251012244369e-11
1158.913	34.145	-46.089	4.43077869155112e-11	9.98439822983328e-12	-9.98439822983328e-12
1279.130	84.419	-86.072	4.02182489589324e-11	6.51076751433654e-12	-6.51076751433654e-12
4667.456	37.684	-55.086	1.31375113973157e-11	2.94495419603098e-12	-2.94495419603098e-12
4796.552	76.579	-91.411	7.25055805817312e-12	1.63754714147623e-12	-1.63754714147623e-12
4949.939	66.109	-76.808	8.59681049966259e-12	1.94403956027228e-12	-1.94403956027228e-12
5081.876	49.508	-65.829	1.07631019379563e-11	2.42174491022899e-12	-2.42174491022899e-12
5186.057	58.156	-54.673	1.1219696649186e-11	2.52764025379859e-12	-2.52764025379859e-12
5292.882	54.131	-48.669	1.24757389246899e-11	2.80009557571406e-12	-2.80009557571406e-12
5436.572	70.909	-89.559	7.86165944184586e-12	1.77779660902086e-12	-1.77779660902086e-12
5578.458	74.447	-70.977	8.58286945932335e-12	1.9287729563999e-12	-1.9287729563999e-12
5726.738	61.562	-73.833	9.06474383776565e-12	2.04216046947902e-12	-2.04216046947902e-12
5890.398	90.965	-102.098	4.7416593559679e-12	1.23658006021313e-12	-1.23658006021313e-12
6047.343	104.518	-65.979	7.19116998030111e-12	1.62413421490432e-12	-1.62413421490432e-12
6247.054	75.305	-95.193	7.32557743631516e-12	1.64828695333356e-12	-1.64828695333356e-12
6445.009	72.920	-122.65	6.33837298169258e-12	1.43874898171282e-12	-1.43874898171282e-12
6651.595	86.978	-133.666	4.20775100149571e-12	1.10846546229038e-12	-1.10846546229038e-12
6814.297	102.296	-75.724	7.08273483993589e-12	1.59564127762037e-12	-1.59564127762037e-12
7003.423	136.306	-86.83	5.57482446751112e-12	1.27023516758099e-12	-1.27023516758099e-12
10778.721	230.671	-283.328	2.9785056428891e-12	7.77521712901281e-13	-7.77521712901281e-13
11327.690	316.052	-318.298	2.34233958163106e-12	6.15599965856628e-13	-6.15599965856628e-13
12331.359	583.578	-687.618	1.78665855382553e-12	3.82513551397529e-13	-3.82513551397529e-13
16443.390	193.448	-260.376	2.18513902325413e-12	5.73594883548518e-13	-5.73594883548518e-13
17068.175	373.511	-431.337	1.20998304600982e-12	3.20782904648909e-13	-3.20782904648909e-13
17993.185	694.622	-551.499	1.13187209509613e-12	2.47246632365001e-13	-2.47246632365001e-13
22482.980	766.231	-547.603	7.80534770835388e-13	2.11123220960047e-13	-2.11123220960047e-13
23877.433	585.302	-628.222	9.18631841946294e-13	2.38178260963564e-13	-2.38178260963564e-13
34489.165	6987.412	-6852.562	4.43070175641513e-13	7.39726112126752e-14	-7.39726112126752e-14
67230.578	13971.462	-15649.324	2.83333724298841e-13	7.20083067176833e-14	-7.20083067176833e-14
126970.528	23110.614	-23305.043	2.73790649090056e-13	6.97332474917268e-14	-6.97332474917268e-14
288677.308	41162.858	-87394.036	1.22934066746824e-13	2.99765256697769e-14	-2.99765256697769e-14
453769.621	101012.330	-33302.866	2.67939941306178e-14	1.47337777091556e-14	-1.14136938182629e-14
NO NO NO NO NO NO
! batSNR4flux
0.0409999978542328	0.04	-0.04	6.84652652610841e-09	2.74381892003295e-09	-2.74381892003295e-09
0.100999970436096	0.02	-0.02	1.70861959225722e-08	3.82256204868128e-09	-3.82256204868128e-09
0.140999991893768	0.02	-0.02	1.41199324931408e-08	3.50348932702448e-09	-3.50348932702448e-09
0.200999994277954	0.04	-0.04	5.10491066707014e-09	2.25179398677953e-09	-2.25179398677953e-09
0.280999977588654	0.04	-0.04	9.9219213280225e-09	2.34899203602835e-09	-2.34899203602835e-09
0.360999990701675	0.04	-0.04	7.88897630943836e-09	2.44254922141092e-09	-2.44254922141092e-09
0.460999984741211	0.06	-0.06	9.07512494896101e-09	2.20871945759552e-09	-2.20871945759552e-09
0.54099996805191	0.02	-0.02	1.83190584616209e-08	4.13892596801245e-09	-4.13892596801245e-09
0.580999989509583	0.02	-0.02	2.45939232542492e-08	4.73764737027438e-09	-4.73764737027438e-09
0.680999998450279	0.08	-0.08	1.10898125226451e-08	2.34842502858202e-09	-2.34842502858202e-09
0.840999979972839	0.08	-0.08	9.07768639726682e-09	2.76581286323889e-09	-2.76581286323889e-09
0.960999984741211	0.04	-0.04	1.74592200846628e-08	4.00020138209769e-09	-4.00020138209769e-09
1.18099998686049	0.18	-0.18	1.10251567311245e-08	2.55602569632737e-09	-2.55602569632737e-09
1.54099998792013	0.18	-0.18	1.55646954866213e-08	3.5263427559093e-09	-3.5263427559093e-09
1.88099998652935	0.16	-0.16	2.46499133495939e-08	5.60169877571251e-09	-5.60169877571251e-09
2.08099998950958	0.04	-0.04	6.0939247849558e-08	1.40781960360642e-08	-1.40781960360642e-08
2.30099998500612	0.18	-0.18	3.90748133650933e-08	8.01302412109255e-09	-8.01302412109255e-09
2.54099998792013	0.06	-0.06	7.55844695670228e-08	1.8461607088701e-08	-1.8461607088701e-08
2.78099999083413	0.18	-0.18	4.63439150297908e-08	1.08992346470105e-08	-1.08992346470105e-08
3.0209999871254	0.06	-0.06	9.20183307337921e-08	2.08668883405451e-08	-2.08668883405451e-08
3.12099998116493	0.04	-0.04	1.13919231510742e-07	2.57410007138671e-08	-2.57410007138671e-08
3.18100001335144	0.02	-0.02	1.63378225897408e-07	3.50697640207447e-08	-3.50697640207447e-08
3.22099997520447	0.02	-0.02	1.65685292254178e-07	3.49677085788416e-08	-3.49677085788416e-08
3.26099999666214	0.02	-0.02	8.70097754569564e-08	3.58439682166655e-08	-3.58439682166655e-08
3.30099995851517	0.02	-0.02	1.60329639919196e-07	3.56044152078211e-08	-3.56044152078211e-08
3.34099997997284	0.02	-0.02	1.25634189999723e-07	3.05901036683591e-08	-3.05901036683591e-08
3.44099998891354	0.08	-0.08	4.15418369554435e-08	1.04932612451497e-08	-1.04932612451497e-08
3.56099997878075	0.04	-0.04	6.18446751843636e-08	1.12656043899782e-08	-1.12656043899782e-08
3.62100001096725	0.02	-0.02	7.55560408080699e-08	1.37838793075111e-08	-1.37838793075111e-08
3.68099998354912	0.04	-0.04	3.88295672954312e-08	7.74224112861516e-09	-7.74224112861516e-09
3.76099999666214	0.04	-0.04	2.46748779990975e-08	6.09660805443832e-09	-6.09660805443832e-09
3.96099998474121	0.16	-0.16	8.08929381464517e-09	1.82049872611374e-09	-1.82049872611374e-09
4.20099999427795	0.08	-0.08	1.69946799853364e-08	3.88055390413717e-09	-3.88055390413717e-09
4.36099997580051	0.08	-0.08	2.4121949370231e-08	5.50100729656849e-09	-5.50100729656849e-09
4.48099999547005	0.04	-0.04	4.16891028168299e-08	1.03045901605034e-08	-1.03045901605034e-08
4.56099997878075	0.04	-0.04	4.22326683994694e-08	1.20273585561966e-08	-1.20273585561966e-08
4.6609999926885	0.06	-0.06	5.59533967992551e-08	1.19565835486156e-08	-1.19565835486156e-08
4.74100001573563	0.02	-0.02	6.39480085518261e-08	1.537205783538e-08	-1.537205783538e-08
4.78099997758865	0.02	-0.02	5.69936179844716e-08	1.34950176134894e-08	-1.34950176134894e-08
4.88099998652935	0.08	-0.08	1.96601621388306e-08	3.93845485053578e-09	-3.93845485053578e-09
4.98099996566772	0.02	-0.02	2.17473694869543e-08	5.30753408598249e-09	-5.30753408598249e-09
5.04099999785423	0.04	-0.04	1.23714165161636e-08	2.74998499797396e-09	-2.74998499797396e-09
5.14099999189377	0.06	-0.06	6.12247876231135e-09	1.49272213196153e-09	-1.49272213196153e-09
5.26099997679392	0.06	-0.06	4.4272287380487e-09	8.9195506793579e-10	-8.9195506793579e-10
5.40099998235702	0.08	-0.08	2.05962179547185e-09	4.44038984340207e-10	-4.44038984340207e-10
5.54099998792012	0.06	-0.06	6.75837065342795e-09	1.2278057797698e-09	-1.2278057797698e-09
5.62100001096725	0.02	-0.02	1.51860131461459e-08	3.6020099135636e-09	-3.6020099135636e-09
5.76099999666214	0.04	-0.04	3.15030673726368e-08	7.43727783861768e-09	-7.43727783861768e-09
5.84099997997284	0.04	-0.04	5.35901046930823e-08	1.20981390629861e-08	-1.20981390629861e-08
5.92099999308586	0.04	-0.04	1.00404020013314e-07	2.17360451680579e-08	-2.17360451680579e-08
5.98099996566772	0.02	-0.02	1.97944492065685e-07	4.25568687612639e-08	-4.25568687612639e-08
6.04099999785423	0.04	-0.04	2.04137634519569e-07	4.77596366720484e-08	-4.77596366720484e-08
6.1009999704361	0.02	-0.02	4.60062241405738e-07	1.02844291551356e-07	-1.02844291551356e-07
6.1610000026226	0.04	-0.04	3.2408634947666e-07	6.77056876397569e-08	-6.77056876397569e-08
6.22099997520447	0.02	-0.02	2.89161252837994e-07	6.8939105308249e-08	-6.8939105308249e-08
6.34099997997284	0.02	-0.02	1.65276618016453e-07	3.72503161757883e-08	-3.72503161757883e-08
6.38100000143051	0.02	-0.02	1.33763972885958e-07	2.88733738808401e-08	-2.88733738808401e-08
6.42099996328354	0.02	-0.02	5.45113703460382e-08	2.23416397591557e-08	-2.23416397591557e-08
6.46099998474121	0.02	-0.02	7.69968648788593e-08	1.87679646351179e-08	-1.87679646351179e-08
6.5209999871254	0.04	-0.04	3.67689142786428e-08	1.01718338628875e-08	-1.01718338628875e-08
6.58099998950958	0.02	-0.02	4.03229823516033e-08	9.34760509754965e-09	-9.34760509754965e-09
6.62100001096725	0.02	-0.02	3.59540178429095e-08	8.34003858177198e-09	-8.34003858177198e-09
6.72099999010563	0.08	-0.08	9.64736904311648e-09	3.12009654512682e-09	-3.12009654512682e-09
6.88099998652935	0.08	-0.08	1.86516026018414e-08	3.92928154007813e-09	-3.92928154007813e-09
7.12099998861551	0.16	-0.16	1.74913247782606e-08	3.74223009596916e-09	-3.74223009596916e-09
7.320999969244	0.04	-0.04	4.2774191439007e-08	1.02385540186887e-08	-1.02385540186887e-08
7.40099998235702	0.04	-0.04	5.28830296689362e-08	1.19904414021981e-08	-1.19904414021981e-08
7.48099999547005	0.04	-0.04	3.98169927924092e-08	1.40204187687154e-08	-1.40204187687154e-08
7.54099996805191	0.02	-0.02	1.0548693758051e-07	1.9920673958637e-08	-1.9920673958637e-08
7.58099998950958	0.02	-0.02	1.00005302938176e-07	2.01335052913629e-08	-2.01335052913629e-08
7.62100001096725	0.02	-0.02	1.016515761336e-07	1.85963549153453e-08	-1.85963549153453e-08
7.68099998354912	0.04	-0.04	4.48647153392479e-08	1.15465465065887e-08	-1.15465465065887e-08
7.78099999745687	0.06	-0.06	4.90689661354633e-08	9.84483114485658e-09	-9.84483114485658e-09
7.86099996089935	0.02	-0.02	7.72097459261311e-08	1.67886749239961e-08	-1.67886749239961e-08
7.9410000038147	0.02	-0.02	1.02705828290879e-07	1.56613010149121e-08	-1.56613010149121e-08
8.0209999871254	0.06	-0.06	3.55134492079111e-08	8.43917699374232e-09	-8.43917699374232e-09
8.1009999704361	0.02	-0.02	8.83519705854261e-08	1.47386368391842e-08	-1.47386368391842e-08
8.1610000026226	0.04	-0.04	4.46874318142198e-08	9.91060275881677e-09	-9.91060275881677e-09
8.2409999859333	0.04	-0.04	3.10544103268656e-08	9.18749607962697e-09	-9.18749607962697e-09
8.320999969244	0.04	-0.04	4.47441317008886e-08	9.6389451900298e-09	-9.6389451900298e-09
8.40099998235702	0.04	-0.04	3.29701763722797e-08	8.86897923170686e-09	-8.86897923170686e-09
8.46099998474121	0.02	-0.02	5.38582810562849e-08	1.29461144380304e-08	-1.29461144380304e-08
8.50100000619888	0.02	-0.02	3.85225490026635e-08	1.31756613897137e-08	-1.31756613897137e-08
8.54099996805191	0.02	-0.02	5.78172558974361e-08	1.30607008147083e-08	-1.30607008147083e-08
8.60100000023842	0.04	-0.04	3.75261080585353e-08	8.71237273405575e-09	-8.71237273405575e-09
9.00099998633067	0.36	-0.36	1.01593232006585e-08	2.56618225047213e-09	-2.56618225047213e-09
9.48099998553594	0.12	-0.12	1.75469596531721e-08	4.14189586695159e-09	-4.14189586695159e-09
10.2809999881071	0.68	-0.68	7.32300147490649e-09	1.73967959345297e-09	-1.73967959345297e-09
12.3609999872957	1.4	-1.4	3.90011533360361e-09	1.10515461692423e-09	-1.10515461692423e-09
15.1609999864442	1.4	-1.4	4.00721877749713e-09	9.96985737553592e-10	-9.96985737553592e-10
