## BAT - batSNR4flux
0.240999975999196	0.24	-0.24	2.02933115988477e-08	3.89259348970705e-09	-3.89259348970705e-09
0.54099996805191	0.06	-0.06	3.57501814682558e-08	7.28462373323229e-09	-7.28462373323229e-09
0.760999974310398	0.16	-0.16	1.76950726769502e-08	4.23799994381698e-09	-4.23799994381698e-09
1.24099997475743	0.32	-0.32	1.07810709042775e-08	2.74647340266726e-09	-2.74647340266726e-09
1.78099997758865	0.22	-0.22	1.23426333100402e-08	3.00847759530979e-09	-3.00847759530979e-09
2.1009999704361	0.1	-0.1	1.93751861862179e-08	4.43309321486075e-09	-4.43309321486075e-09
2.48099997418267	0.28	-0.28	1.727832844853e-08	3.75841989347909e-09	-3.75841989347909e-09
3.04099997656686	0.28	-0.28	3.22528134448275e-08	6.74971355487182e-09	-6.74971355487182e-09
3.40099998235703	0.08	-0.08	8.62007297401543e-08	1.8389484013042e-08	-1.8389484013042e-08
3.6009999704361	0.12	-0.12	6.83819370800144e-08	1.72072949228504e-08	-1.72072949228504e-08
3.84099997997284	0.12	-0.12	9.70322044857943e-08	2.21947111245993e-08	-2.21947111245993e-08
4.1009999704361	0.14	-0.14	7.32565481355828e-08	2.59252971698078e-08	-2.59252971698078e-08
4.28099997758865	0.04	-0.04	2.5357790587648e-07	5.428234813851e-08	-5.428234813851e-08
4.4809999731183	0.16	-0.16	1.31173531391885e-07	2.59716881431685e-08	-2.59716881431685e-08
4.72099997520447	0.08	-0.08	1.15141855424318e-07	2.75098800959749e-08	-2.75098800959749e-08
4.86099998076757	0.06	-0.06	1.10684957501743e-07	2.52903728344406e-08	-2.52903728344406e-08
5.14099997563795	0.22	-0.22	3.50579026056326e-08	9.24558791953151e-09	-9.24558791953151e-09
5.40099998235702	0.04	-0.04	7.00667314797247e-08	1.5470486259294e-08	-1.5470486259294e-08
5.52099997222424	0.08	-0.08	3.19247119469932e-08	8.60653674859916e-09	-8.60653674859916e-09
5.68099996864796	0.08	-0.08	3.23464542152573e-08	7.52511300073431e-09	-7.52511300073431e-09
5.9209999781847	0.16	-0.16	1.59342157514783e-08	3.75043839484222e-09	-3.75043839484222e-09
6.24099997848272	0.16	-0.16	1.46893043493296e-08	4.48943084271349e-09	-4.48943084271349e-09
6.52099996725718	0.12	-0.12	2.54103271844634e-08	6.19075680199686e-09	-6.19075680199686e-09
6.70099997440974	0.06	-0.06	4.71741075192617e-08	1.01975468403206e-08	-1.01975468403206e-08
7.00099997639656	0.24	-0.24	3.13985883160924e-08	6.62755279976492e-09	-6.62755279976492e-09
7.32099998414516	0.08	-0.08	7.06960776781776e-08	1.48542109047006e-08	-1.48542109047006e-08
7.64099997202555	0.24	-0.24	3.49645112614745e-08	1.09131333892527e-08	-1.09131333892527e-08
8.12099997619788	0.24	-0.24	7.38958049959893e-08	1.69818119527903e-08	-1.69818119527903e-08
8.48099997560183	0.12	-0.12	1.153257728943e-07	2.79675725725917e-08	-2.79675725725917e-08
8.7609999743104	0.16	-0.16	6.69228435616147e-08	2.630667665789e-08	-2.630667665789e-08
8.98099998553594	0.06	-0.06	1.84060131522729e-07	4.49393497134279e-08	-4.49393497134279e-08
9.2809999726216	0.24	-0.24	1.0059915993739e-07	2.67560911774544e-08	-2.67560911774544e-08
9.68099997609854	0.16	-0.16	1.60741025456008e-07	3.78065914487574e-08	-3.78065914487574e-08
9.94099997997284	0.1	-0.1	2.2307089212679e-07	5.11285657032485e-08	-5.11285657032485e-08
10.2809999726216	0.24	-0.24	1.54160828723583e-07	3.79800972607935e-08	-3.79800972607935e-08
10.6409999720256	0.12	-0.12	2.09820002072995e-07	5.07859092797719e-08	-5.07859092797719e-08
10.900999982357	0.14	-0.14	1.654283354098e-07	4.44285170199207e-08	-4.44285170199207e-08
11.0809999597073	0.04	-0.04	3.4580303864078e-07	8.08582812345515e-08	-8.08582812345515e-08
11.760999976173	0.64	-0.64	9.09748754524224e-08	1.83930181392192e-08	-1.83930181392192e-08
12.5609999713302	0.16	-0.16	1.35819586942039e-07	3.34414183149129e-08	-3.34414183149129e-08
13.2009999744097	0.48	-0.48	6.57215481329202e-08	1.7120932248192e-08	-1.7120932248192e-08
13.9209999781847	0.24	-0.24	8.75832973979736e-08	2.13597381362345e-08	-2.13597381362345e-08
14.7809999756659	0.62	-0.62	4.81327664504802e-08	1.14606068337605e-08	-1.14606068337605e-08
16.6609999747125	1.26	-1.26	2.74827002720515e-08	6.42654865876331e-09	-6.42654865876331e-09
20.5209999573231	0.04	-0.04	1.45709545808409e-07	3.39955858515445e-08	-3.39955858515445e-08
59.2009999751193	0.56	-0.56	3.97929557705525e-08	8.37550153554241e-09	-8.37550153554241e-09
60.3209999756302	0.56	-0.56	3.62548620873785e-08	8.81530861774614e-09	-8.81530861774614e-09
61.0209999786104	0.14	-0.14	7.18407218593935e-08	1.77262543650185e-08	-1.77262543650185e-08
63.9209999749455	2.76	-2.76	2.02077166062014e-08	4.43698572453602e-09	-4.43698572453602e-09
72.2009999752739	5.51999999999997	-5.51999999999997	2.0963442602192e-08	4.22945912571677e-09	-4.22945912571677e-09
80.5009999753248	2.78	-2.78	1.99453850841635e-08	4.5626283484656e-09	-4.5626283484656e-09
83.3609999758005	0.08	-0.08	1.05512556811583e-07	2.4488268861069e-08	-2.4488268861069e-08
83.7409999759992	0.3	-0.3	4.9453435595436e-08	1.2821932969037e-08	-1.2821932969037e-08
84.1409999680519	0.1	-0.1	8.02402272893061e-08	1.9360025567558e-08	-1.9360025567558e-08
84.4009999749064	0.16	-0.16	3.19113095310663e-08	1.35485251373649e-08	-1.35485251373649e-08
84.7209999752045	0.16	-0.16	5.4586127893753e-08	1.21554977129132e-08	-1.21554977129132e-08
85.0009999763966	0.12	-0.12	5.47405029055843e-08	1.31932484752119e-08	-1.31932484752119e-08
85.1409999918938	0.02	-0.02	1.24466351868779e-07	3.01739115995984e-08	-3.01739115995984e-08
85.2809999775886	0.12	-0.12	5.89993671763336e-08	1.18315730011805e-08	-1.18315730011805e-08
85.460999964873	0.06	-0.06	5.78932119073333e-08	1.43236630223214e-08	-1.43236630223214e-08
85.760999981761	0.08	-0.08	1.15472977852585e-08	2.8800819265447e-09	-2.8800819265447e-09
85.9409999799728	0.1	-0.1	4.99184550655229e-09	1.06602452110983e-09	-1.06602452110983e-09
86.0809999597073	0.04	-0.04	4.12117649432425e-09	8.59899495629384e-10	-8.59899495629384e-10
86.2009999793768	0.08	-0.08	1.24821362251991e-09	3.09271664290093e-10	-3.09271664290093e-10
86.320999969244	0.04	-0.04	1.01978540190342e-09	2.45597910654941e-10	-2.45597910654941e-10
86.7209999752045	0.36	-0.36	1.28578945007162e-09	2.72119174398258e-10	-2.72119174398258e-10
87.1209999811649	0.04	-0.04	2.82161147428809e-08	6.90902294384937e-09	-6.90902294384937e-09
87.2409999710321	0.08	-0.08	3.22324142054713e-08	8.99506953349147e-09	-8.99506953349147e-09
87.400999982357	0.08	-0.08	6.90944874837759e-08	1.67093488396685e-08	-1.67093488396685e-08
87.5209999573231	0.04	-0.04	8.71231712769309e-08	2.05538688561969e-08	-2.05538688561969e-08
87.6209999712308	0.06	-0.06	5.79036110312614e-08	1.38703336950262e-08	-1.38703336950262e-08
87.8209999820164	0.14	-0.14	3.38144675153409e-08	7.2577160854959e-09	-7.2577160854959e-09
88.0009999763966	0.04	-0.04	4.33495883170532e-08	1.02906696523697e-08	-1.02906696523697e-08
88.1609999728203	0.12	-0.12	1.75991906405741e-08	4.71193742883604e-09	-4.71193742883604e-09
88.3409999799728	0.06	-0.06	2.45428876565004e-08	5.63541529685288e-09	-5.63541529685288e-09
88.460999964873	0.06	-0.06	2.61977830290808e-08	6.98236405253049e-09	-6.98236405253049e-09
88.5809999696414	0.06	-0.06	3.5049118269862e-08	8.69221815373956e-09	-8.69221815373956e-09
88.7409999799728	0.1	-0.1	4.51123108361657e-08	8.82540257429578e-09	-8.82540257429578e-09
88.8809999716282	0.04	-0.04	7.17021755685967e-08	1.69433555200783e-08	-1.69433555200783e-08
88.9609999847412	0.04	-0.04	8.28998766731738e-08	2.0218151278695e-08	-2.0218151278695e-08
89.0609999688466	0.06	-0.06	6.93529708975435e-08	1.49048392313039e-08	-1.49048392313039e-08
89.180999973615	0.06	-0.06	4.05124908468052e-08	1.33998186423362e-08	-1.33998186423362e-08
89.2809999775886	0.04	-0.04	6.38561223720245e-08	1.3999702114767e-08	-1.3999702114767e-08
89.400999982357	0.08	-0.08	3.95449422641136e-08	9.01152688781638e-09	-9.01152688781638e-09
89.5009999465942	0.02	-0.02	6.55216839500511e-08	1.54552964886702e-08	-1.54552964886702e-08
89.6409999720256	0.12	-0.12	2.32431325454159e-08	6.01309152672467e-09	-6.01309152672467e-09
89.8009999883175	0.04	-0.04	4.46056309827153e-08	1.07832300750861e-08	-1.07832300750861e-08
90.0409999740124	0.2	-0.2	1.97514536448815e-08	5.20925233984824e-09	-5.20925233984824e-09
90.3409999799728	0.1	-0.1	3.71217535743211e-08	8.30347736977287e-09	-8.30347736977287e-09
91.1409999748639	0.7	-0.7	1.97450335645184e-08	4.43169935158115e-09	-4.43169935158115e-09
91.9409999799728	0.1	-0.1	6.34003464498249e-08	1.57559205045927e-08	-1.57559205045927e-08
92.6009999746936	0.56	-0.56	2.84487661718075e-08	8.93615628099423e-09	-8.93615628099423e-09
93.7209999752045	0.56	-0.56	4.02599836414615e-08	9.59404334654686e-09	-9.59404334654686e-09
94.8409999757154	0.56	-0.56	4.94321881267694e-08	1.05678405396027e-08	-1.05678405396027e-08
97.0809999746086	1.68	-1.68	2.88895610735187e-08	7.15954422120995e-09	-7.15954422120995e-09
100.440999975432	1.68	-1.68	3.14328536896758e-08	9.23068821745881e-09	-9.23068821745881e-09
102.680999975034	0.56	-0.56	7.93206486140794e-08	1.91640589737724e-08	-1.91640589737724e-08
107.440999975148	4.2	-4.2	1.88659276362575e-08	4.1082503470285e-09	-4.1082503470285e-09
113.040999975716	1.4	-1.4	7.15319820037316e-09	1.31863492954409e-09	-1.31863492954409e-09
114.620999971231	0.18	-0.18	1.24586687936365e-08	2.35549687705931e-09	-2.35549687705931e-09
114.920999983152	0.12	-0.12	1.32008360231333e-08	2.74747649334612e-09	-2.74747649334612e-09
115.120999966264	0.08	-0.08	1.51704064267192e-08	3.19677372628558e-09	-3.19677372628558e-09
115.260999976794	0.06	-0.06	1.5601711977396e-08	3.57347953164062e-09	-3.57347953164062e-09
115.340999979973	0.02	-0.02	2.52762829114331e-08	5.89458794019265e-09	-5.89458794019265e-09
115.400999982357	0.04	-0.04	8.77146375514617e-09	4.24751723487525e-09	-4.24751723487525e-09
115.460999984741	0.02	-0.02	2.55223995940284e-08	5.67334114518379e-09	-5.67334114518379e-09
115.500999946594	0.02	-0.02	2.8309627858234e-08	6.13462149346689e-09	-6.13462149346689e-09
115.560999978781	0.04	-0.04	1.02904917075091e-08	4.48001860080176e-09	-4.48001860080176e-09
115.620999951363	0.02	-0.02	2.88583809774511e-08	6.81439938258044e-09	-6.81439938258044e-09
115.66099997282	0.02	-0.02	3.19015361630182e-08	6.75907406381357e-09	-6.75907406381357e-09
115.720999975204	0.04	-0.04	1.99589473244813e-08	5.11192157273668e-09	-5.11192157273668e-09
115.820999979178	0.06	-0.06	2.37532185469781e-08	4.91522709057559e-09	-4.91522709057559e-09
115.900999982357	0.02	-0.02	3.95070886451065e-08	8.76565713454727e-09	-8.76565713454727e-09
115.941000003815	0.02	-0.02	1.87339017431856e-08	8.32034675942044e-09	-8.32034675942044e-09
115.980999965668	0.02	-0.02	4.01622303353412e-08	9.46532527102354e-09	-9.46532527102354e-09
116.060999948978	0.02	-0.02	3.9513237831498e-08	9.55126252129561e-09	-9.55126252129561e-09
116.16099997282	0.08	-0.08	1.5741389459344e-08	5.3400706324621e-09	-5.3400706324621e-09
116.280999977589	0.04	-0.04	3.30451540530981e-08	7.82650554179636e-09	-7.82650554179636e-09
116.360999990702	0.04	-0.04	1.92994242783616e-08	8.23240309429173e-09	-8.23240309429173e-09
116.440999974012	0.04	-0.04	3.3424430640199e-08	7.10209310656037e-09	-7.10209310656037e-09
116.520999957323	0.04	-0.04	2.8054249850934e-08	6.5529884153255e-09	-6.5529884153255e-09
116.66099997282	0.1	-0.1	1.81347131221792e-08	3.49469552363962e-09	-3.49469552363962e-09
116.780999977589	0.02	-0.02	2.9487886946628e-08	6.9999216512385e-09	-6.9999216512385e-09
116.820999999046	0.02	-0.02	3.08141187008469e-08	6.8641916621333e-09	-6.8641916621333e-09
116.860999960899	0.02	-0.02	4.53385912729897e-08	8.99723429631564e-09	-8.99723429631564e-09
116.920999993086	0.04	-0.04	5.99178451844511e-08	1.17346037272143e-08	-1.17346037272143e-08
116.980999965668	0.02	-0.02	1.19419934845117e-07	2.95236835180983e-08	-2.95236835180983e-08
117.020999987125	0.02	-0.02	1.58094516028373e-07	4.31982217675651e-08	-4.31982217675651e-08
117.060999948978	0.02	-0.02	3.04054442820349e-07	5.44614528427564e-08	-5.44614528427564e-08
117.100999970436	0.02	-0.02	2.16857701580665e-07	3.97964886383386e-08	-3.97964886383386e-08
117.140999991894	0.02	-0.02	1.14295137205787e-07	2.91915234496664e-08	-2.91915234496664e-08
117.180999953747	0.02	-0.02	1.0112442228648e-07	2.09180755390339e-08	-2.09180755390339e-08
117.220999975204	0.02	-0.02	7.10696405524887e-08	1.74532516674081e-08	-1.74532516674081e-08
117.260999996662	0.02	-0.02	4.2364113942022e-08	1.60746133589726e-08	-1.60746133589726e-08
117.300999958515	0.02	-0.02	6.4346929680099e-08	1.5065748673827e-08	-1.5065748673827e-08
117.340999979973	0.02	-0.02	7.29689283297357e-08	1.40590723917303e-08	-1.40590723917303e-08
117.381000001431	0.02	-0.02	4.03082061070974e-08	1.22542987862546e-08	-1.22542987862546e-08
117.420999963284	0.02	-0.02	6.42168338853602e-08	1.12974184345717e-08	-1.12974184345717e-08
117.460999984741	0.02	-0.02	4.51408967392056e-08	1.04971354033635e-08	-1.04971354033635e-08
117.500999946594	0.02	-0.02	2.7176896122944e-08	8.71425153061377e-09	-8.71425153061377e-09
117.540999968052	0.02	-0.02	4.86042020295183e-08	8.12317866614577e-09	-8.12317866614577e-09
117.58099998951	0.02	-0.02	3.56530945023502e-08	7.59738574916375e-09	-7.59738574916375e-09
117.66099997282	0.06	-0.06	2.72755602852726e-08	6.25130924917191e-09	-6.25130924917191e-09
117.780999977589	0.06	-0.06	3.77024754129777e-08	1.05764404733056e-08	-1.05764404733056e-08
117.860999960899	0.02	-0.02	9.85259852152503e-08	1.79680157352173e-08	-1.79680157352173e-08
117.900999982357	0.02	-0.02	4.37310490197762e-08	1.82341422655511e-08	-1.82341422655511e-08
117.941000003815	0.02	-0.02	8.60823978145193e-08	1.56790931406442e-08	-1.56790931406442e-08
118.000999976397	0.04	-0.04	4.21362465322097e-08	1.01666322624841e-08	-1.01666322624841e-08
118.060999948978	0.02	-0.02	5.7065041143192e-08	1.20914842251746e-08	-1.20914842251746e-08
118.100999970436	0.02	-0.02	3.26486328235352e-08	1.00307338202934e-08	-1.00307338202934e-08
118.140999991894	0.02	-0.02	4.58262937888487e-08	9.20186634068953e-09	-9.20186634068953e-09
118.220999975204	0.06	-0.06	1.65373887983325e-08	3.89096955393079e-09	-3.89096955393079e-09
118.300999958515	0.02	-0.02	3.12705669974681e-08	5.040243518709e-09	-5.040243518709e-09
118.340999979973	0.02	-0.02	1.60686161610514e-08	4.3105598946976e-09	-4.3105598946976e-09
118.381000001431	0.02	-0.02	1.52111297609104e-08	3.48245048623329e-09	-3.48245048623329e-09
118.440999974012	0.04	-0.04	1.23385652503523e-08	2.59048062221933e-09	-2.59048062221933e-09
118.500999946594	0.02	-0.02	1.99382579220677e-08	4.00585457929018e-09	-4.00585457929018e-09
118.540999968052	0.02	-0.02	1.26123444385501e-08	4.04611975642947e-09	-4.04611975642947e-09
118.58099998951	0.02	-0.02	1.87424640609215e-08	4.42972037292173e-09	-4.42972037292173e-09
118.620999951363	0.02	-0.02	2.23381678854061e-08	4.72582386413854e-09	-4.72582386413854e-09
118.66099997282	0.02	-0.02	2.01834414347314e-08	5.03137996384577e-09	-5.03137996384577e-09
118.700999994278	0.02	-0.02	2.23846833879328e-08	5.28921622654066e-09	-5.28921622654066e-09
118.740999956131	0.02	-0.02	1.43895302165186e-08	5.15567394345049e-09	-5.15567394345049e-09
118.780999977589	0.02	-0.02	2.74035283513218e-08	5.63991241353707e-09	-5.63991241353707e-09
118.840999979973	0.04	-0.04	1.86766828187267e-08	4.69384346080326e-09	-4.69384346080326e-09
118.900999982357	0.02	-0.02	2.54580736619301e-08	6.16159946182592e-09	-6.16159946182592e-09
118.941000003815	0.02	-0.02	2.36292891640211e-08	5.78058567928495e-09	-5.78058567928495e-09
119.000999976397	0.04	-0.04	1.21465303675653e-08	3.71240063958078e-09	-3.71240063958078e-09
119.060999948978	0.02	-0.02	2.25778439615749e-08	5.30977006613958e-09	-5.30977006613958e-09
119.140999972026	0.06	-0.06	1.65136942257511e-08	2.73197797604408e-09	-2.73197797604408e-09
119.220999975204	0.02	-0.02	2.45147800997322e-08	4.62897695619804e-09	-4.62897695619804e-09
119.260999996662	0.02	-0.02	1.78884819989462e-08	4.20236519026861e-09	-4.20236519026861e-09
119.300999958515	0.02	-0.02	1.96318352581597e-08	4.06895754096132e-09	-4.06895754096132e-09
119.340999979973	0.02	-0.02	1.07231189041973e-08	3.93524674472051e-09	-3.93524674472051e-09
119.381000001431	0.02	-0.02	1.9949841533742e-08	3.91614211578823e-09	-3.91614211578823e-09
119.420999963284	0.02	-0.02	1.54245572887853e-08	3.69684380518662e-09	-3.69684380518662e-09
119.460999984741	0.02	-0.02	1.44051004853275e-08	3.49450074028354e-09	-3.49450074028354e-09
119.500999946594	0.02	-0.02	1.83637455892931e-08	3.51453184237324e-09	-3.51453184237324e-09
119.540999968052	0.02	-0.02	2.2000428314591e-08	4.6179012619863e-09	-4.6179012619863e-09
119.58099998951	0.02	-0.02	1.71197672687048e-08	7.21842103602804e-09	-7.21842103602804e-09
119.620999951363	0.02	-0.02	7.95699318308111e-08	1.0979951664977e-08	-1.0979951664977e-08
119.66099997282	0.02	-0.02	1.10901583011502e-07	1.67361983739615e-08	-1.67361983739615e-08
119.700999994278	0.02	-0.02	1.37624753139787e-07	2.52047662503873e-08	-2.52047662503873e-08
119.740999956131	0.02	-0.02	1.43929690357521e-07	2.80957881481602e-08	-2.80957881481602e-08
119.780999977589	0.02	-0.02	1.20285245985074e-07	2.75678041315503e-08	-2.75678041315503e-08
119.820999999046	0.02	-0.02	1.97405175298433e-07	2.95683637270329e-08	-2.95683637270329e-08
119.860999960899	0.02	-0.02	1.56403774267995e-07	3.26335157112745e-08	-3.26335157112745e-08
119.900999982357	0.02	-0.02	1.84892290985383e-07	3.69277101193807e-08	-3.69277101193807e-08
119.941000003815	0.02	-0.02	1.66156612010013e-07	4.39665583764202e-08	-4.39665583764202e-08
119.980999965668	0.02	-0.02	2.3628457361081e-07	5.23593777976728e-08	-5.23593777976728e-08
120.060999968847	0.06	-0.06	1.73599005538637e-07	3.33260760310794e-08	-3.33260760310794e-08
120.140999991894	0.02	-0.02	1.35175928912553e-07	3.26090395068167e-08	-3.26090395068167e-08
120.180999953747	0.02	-0.02	1.21829920478354e-07	2.34094084343397e-08	-2.34094084343397e-08
120.240999985933	0.04	-0.04	3.71203062950245e-08	1.04308458000484e-08	-1.04308458000484e-08
120.320999969244	0.04	-0.04	2.57144326207198e-08	5.94221529050901e-09	-5.94221529050901e-09
120.400999982357	0.04	-0.04	1.69225048166053e-08	3.42118434844046e-09	-3.42118434844046e-09
120.480999965668	0.04	-0.04	1.98887271440042e-08	4.78355238027305e-09	-4.78355238027305e-09
120.560999978781	0.04	-0.04	3.66513933625151e-08	7.55318003238935e-09	-7.55318003238935e-09
120.680999968648	0.08	-0.08	5.49135364859298e-08	1.10855703049891e-08	-1.10855703049891e-08
120.800999988317	0.04	-0.04	1.14754468373871e-07	2.83989266639498e-08	-2.83989266639498e-08
120.860999960899	0.02	-0.02	1.49825283047567e-07	3.67728879451976e-08	-3.67728879451976e-08
120.900999982357	0.02	-0.02	1.14594756637505e-07	3.34230713418139e-08	-3.34230713418139e-08
120.941000003815	0.02	-0.02	1.37359660551359e-07	3.00885054634692e-08	-3.00885054634692e-08
121.020999967257	0.06	-0.06	9.5613066976508e-08	1.51294547423303e-08	-1.51294547423303e-08
121.100999970436	0.02	-0.02	1.53180142553851e-07	3.8221687754302e-08	-3.8221687754302e-08
121.16099997282	0.04	-0.04	1.29072086904011e-07	3.51572778417245e-08	-3.51572778417245e-08
121.240999985933	0.04	-0.04	2.83892679560398e-07	5.32526273787936e-08	-5.32526273787936e-08
121.300999958515	0.02	-0.02	4.09746896024097e-07	7.11386582392996e-08	-7.11386582392996e-08
121.340999979973	0.02	-0.02	3.0297922775991e-07	7.51658048022313e-08	-7.51658048022313e-08
121.381000001431	0.02	-0.02	3.13485677737684e-07	7.21128362173034e-08	-7.21128362173034e-08
121.420999963284	0.02	-0.02	4.0004926203169e-07	7.18489482161741e-08	-7.18489482161741e-08
121.460999984741	0.02	-0.02	3.59638649383919e-07	8.69385606099006e-08	-8.69385606099006e-08
121.500999946594	0.02	-0.02	4.13781758574325e-07	1.09975329947659e-07	-1.09975329947659e-07
121.540999968052	0.02	-0.02	6.43445039595551e-07	1.34907328872483e-07	-1.34907328872483e-07
121.58099998951	0.02	-0.02	8.55524551568012e-07	1.66096633214273e-07	-1.66096633214273e-07
121.620999951363	0.02	-0.02	8.73436442637293e-07	1.7194204795374e-07	-1.7194204795374e-07
121.66099997282	0.02	-0.02	5.49148313803659e-07	9.43210880493539e-08	-9.43210880493539e-08
121.700999994278	0.02	-0.02	2.65548919712141e-07	5.35687299962714e-08	-5.35687299962714e-08
121.740999956131	0.02	-0.02	1.32699693277334e-07	3.0157267777716e-08	-3.0157267777716e-08
121.780999977589	0.02	-0.02	7.5069036972439e-08	1.72898252267732e-08	-1.72898252267732e-08
121.820999999046	0.02	-0.02	6.08768957901806e-08	1.27850783781886e-08	-1.27850783781886e-08
121.860999960899	0.02	-0.02	9.65774971253615e-08	1.86371080836933e-08	-1.86371080836933e-08
121.900999982357	0.02	-0.02	1.25477712080187e-07	2.62491831894007e-08	-2.62491831894007e-08
121.941000003815	0.02	-0.02	1.59385007170186e-07	3.51855839185576e-08	-3.51855839185576e-08
121.980999965668	0.02	-0.02	3.24501158439705e-07	5.34831286905958e-08	-5.34831286905958e-08
122.020999987125	0.02	-0.02	1.58338920448195e-07	2.84231624145787e-08	-2.84231624145787e-08
122.060999948978	0.02	-0.02	7.75256747520303e-08	1.41961358786445e-08	-1.41961358786445e-08
122.100999970436	0.02	-0.02	2.78517544651881e-08	6.03797321130321e-09	-6.03797321130321e-09
122.140999991894	0.02	-0.02	4.47003507475237e-08	8.52819089696271e-09	-8.52819089696271e-09
122.180999953747	0.02	-0.02	7.17291848365481e-08	1.51619201408386e-08	-1.51619201408386e-08
122.220999975204	0.02	-0.02	1.06175725682538e-07	2.4875273208622e-08	-2.4875273208622e-08
122.260999996662	0.02	-0.02	1.37302533748196e-07	3.25106530762366e-08	-3.25106530762366e-08
122.300999958515	0.02	-0.02	1.16313917407329e-07	2.92383103882281e-08	-2.92383103882281e-08
122.340999979973	0.02	-0.02	1.56145536532981e-07	2.67290808835476e-08	-2.67290808835476e-08
122.381000001431	0.02	-0.02	1.81605967277973e-07	2.52504471265768e-08	-2.52504471265768e-08
122.420999963284	0.02	-0.02	1.31430717185082e-07	2.14895229760574e-08	-2.14895229760574e-08
122.460999984741	0.02	-0.02	9.51624655081338e-08	2.05567999729633e-08	-2.05567999729633e-08
122.500999946594	0.02	-0.02	9.42096723999677e-08	2.23010759973883e-08	-2.23010759973883e-08
122.540999968052	0.02	-0.02	9.21075251792985e-08	2.49753128367277e-08	-2.49753128367277e-08
122.58099998951	0.02	-0.02	1.33004086264071e-07	2.6524408180266e-08	-2.6524408180266e-08
122.620999951363	0.02	-0.02	1.35209132211387e-07	3.09089369230384e-08	-3.09089369230384e-08
122.66099997282	0.02	-0.02	1.76642659725477e-07	3.73937174476745e-08	-3.73937174476745e-08
122.700999994278	0.02	-0.02	1.38877361451464e-07	3.9519456361464e-08	-3.9519456361464e-08
122.740999956131	0.02	-0.02	1.69324410799117e-07	4.14399776169809e-08	-4.14399776169809e-08
122.780999977589	0.02	-0.02	1.21461911316669e-07	5.00735110801878e-08	-5.00735110801878e-08
122.820999999046	0.02	-0.02	2.06056716219652e-07	5.12572678624076e-08	-5.12572678624076e-08
122.860999960899	0.02	-0.02	1.75145878471135e-07	5.09116805523236e-08	-5.09116805523236e-08
122.900999982357	0.02	-0.02	2.6506629702777e-07	5.32514859946499e-08	-5.32514859946499e-08
122.941000003815	0.02	-0.02	2.19418153741254e-07	4.89326767177414e-08	-4.89326767177414e-08
123.000999976397	0.04	-0.04	1.5231302401023e-07	3.89811254327824e-08	-3.89811254327824e-08
123.060999948978	0.02	-0.02	2.35349642641825e-07	5.81212153065563e-08	-5.81212153065563e-08
123.120999981165	0.04	-0.04	1.96266446578953e-07	4.17247481493856e-08	-4.17247481493856e-08
123.200999964476	0.04	-0.04	2.16775919059295e-07	4.51627067832655e-08	-4.51627067832655e-08
123.280999977589	0.04	-0.04	2.42357405867734e-07	4.67120669988546e-08	-4.67120669988546e-08
123.360999990702	0.04	-0.04	1.18271109649488e-07	3.32807449618781e-08	-3.32807449618781e-08
123.460999964873	0.06	-0.06	6.96855446334971e-08	1.67003873439644e-08	-1.67003873439644e-08
123.540999968052	0.02	-0.02	8.52465587797581e-08	2.08382588122454e-08	-2.08382588122454e-08
123.58099998951	0.02	-0.02	8.73321465205761e-08	1.72750973207698e-08	-1.72750973207698e-08
123.620999951363	0.02	-0.02	5.91406791574718e-08	1.45265451644872e-08	-1.45265451644872e-08
123.66099997282	0.02	-0.02	6.65794222229038e-08	1.37782991214116e-08	-1.37782991214116e-08
123.700999994278	0.02	-0.02	8.06338841353335e-08	1.93611009181494e-08	-1.93611009181494e-08
123.76099996686	0.04	-0.04	9.77036806211075e-08	2.17645043087463e-08	-2.17645043087463e-08
123.820999999046	0.02	-0.02	2.68058973880845e-07	4.67702206514497e-08	-4.67702206514497e-08
123.860999960899	0.02	-0.02	2.5018485750783e-07	6.00132045284751e-08	-6.00132045284751e-08
123.900999982357	0.02	-0.02	2.90549758390361e-07	7.36487252057493e-08	-7.36487252057493e-08
123.941000003815	0.02	-0.02	4.24582658787332e-07	7.96406651397441e-08	-7.96406651397441e-08
123.980999965668	0.02	-0.02	4.20159404770058e-07	8.31852265868912e-08	-8.31852265868912e-08
124.020999987125	0.02	-0.02	2.16725687164165e-07	8.45237383848375e-08	-8.45237383848375e-08
124.060999948978	0.02	-0.02	3.94135755342221e-07	7.54931198572481e-08	-7.54931198572481e-08
124.100999970436	0.02	-0.02	2.28291205764534e-07	5.6710394205248e-08	-5.6710394205248e-08
124.140999991894	0.02	-0.02	1.49075089582505e-07	4.00525251244699e-08	-4.00525251244699e-08
124.180999953747	0.02	-0.02	1.52326346077325e-07	3.08851548818484e-08	-3.08851548818484e-08
124.220999975204	0.02	-0.02	1.00065399742148e-07	2.12431803199069e-08	-2.12431803199069e-08
124.260999996662	0.02	-0.02	7.21322321397136e-08	1.69834738970954e-08	-1.69834738970954e-08
124.300999958515	0.02	-0.02	6.21561997187704e-08	1.33420193368791e-08	-1.33420193368791e-08
124.340999979973	0.02	-0.02	5.60698194429676e-08	1.06667649218723e-08	-1.06667649218723e-08
124.381000001431	0.02	-0.02	5.09126260130884e-08	8.67866796738836e-09	-8.67866796738836e-09
124.420999963284	0.02	-0.02	3.63044503366975e-08	6.21512094201823e-09	-6.21512094201823e-09
124.460999984741	0.02	-0.02	2.73629091779484e-08	4.69428986107984e-09	-4.69428986107984e-09
124.500999946594	0.02	-0.02	2.10720596282739e-08	3.75695327829317e-09	-3.75695327829317e-09
124.540999968052	0.02	-0.02	1.50872853309794e-08	3.41420836848573e-09	-3.41420836848573e-09
124.58099998951	0.02	-0.02	3.12673566083041e-08	5.5822272812789e-09	-5.5822272812789e-09
124.620999951363	0.02	-0.02	5.04549968931845e-08	9.78674336635519e-09	-9.78674336635519e-09
124.66099997282	0.02	-0.02	8.85963188506247e-08	1.57329663916752e-08	-1.57329663916752e-08
124.700999994278	0.02	-0.02	1.23966458451276e-07	2.08127452490184e-08	-2.08127452490184e-08
124.740999956131	0.02	-0.02	7.0604768223299e-08	1.53647274626622e-08	-1.53647274626622e-08
124.780999977589	0.02	-0.02	5.12245386593639e-08	1.19306318796078e-08	-1.19306318796078e-08
124.820999999046	0.02	-0.02	5.89073043490147e-08	9.54685913387724e-09	-9.54685913387724e-09
124.860999960899	0.02	-0.02	4.41638261405149e-08	9.13294289096314e-09	-9.13294289096314e-09
124.900999982357	0.02	-0.02	3.97779534506592e-08	1.20638440762637e-08	-1.20638440762637e-08
124.941000003815	0.02	-0.02	7.78407217460598e-08	1.66767076031349e-08	-1.66767076031349e-08
124.980999965668	0.02	-0.02	1.09392992599724e-07	2.21361051998443e-08	-2.21361051998443e-08
125.020999987125	0.02	-0.02	1.70976378502294e-07	3.19501645884027e-08	-3.19501645884027e-08
125.060999948978	0.02	-0.02	1.75797290074458e-07	3.48501622642467e-08	-3.48501622642467e-08
125.100999970436	0.02	-0.02	1.50542144574752e-07	3.52712043610515e-08	-3.52712043610515e-08
125.140999991894	0.02	-0.02	1.56848973968519e-07	3.32273726733392e-08	-3.32273726733392e-08
125.180999953747	0.02	-0.02	1.90561173111917e-07	3.01124576775188e-08	-3.01124576775188e-08
125.220999975204	0.02	-0.02	1.0526461182132e-07	2.5661073087321e-08	-2.5661073087321e-08
125.260999996662	0.02	-0.02	1.35484640075294e-07	2.67592035887328e-08	-2.67592035887328e-08
125.300999958515	0.02	-0.02	1.08021168446513e-07	2.77565554721551e-08	-2.77565554721551e-08
125.340999979973	0.02	-0.02	1.23096324695684e-07	2.79725977195404e-08	-2.79725977195404e-08
125.381000001431	0.02	-0.02	1.0547823715209e-07	2.8240509514046e-08	-2.8240509514046e-08
125.420999963284	0.02	-0.02	1.6158053843287e-07	2.81485400330585e-08	-2.81485400330585e-08
125.480999965668	0.04	-0.04	7.0454540320194e-08	1.94483790875358e-08	-1.94483790875358e-08
125.540999968052	0.02	-0.02	1.21351995462674e-07	2.59824218997276e-08	-2.59824218997276e-08
125.58099998951	0.02	-0.02	1.07438725850277e-07	2.37101369906286e-08	-2.37101369906286e-08
125.620999951363	0.02	-0.02	1.1575563812484e-07	2.34920548146856e-08	-2.34920548146856e-08
125.66099997282	0.02	-0.02	9.68214614673548e-08	2.18073073383601e-08	-2.18073073383601e-08
125.700999994278	0.02	-0.02	8.66259907309313e-08	2.03761174143289e-08	-2.03761174143289e-08
125.76099996686	0.04	-0.04	6.10061795036768e-08	1.20626508106334e-08	-1.20626508106334e-08
125.840999979973	0.04	-0.04	4.0943066114773e-08	9.05002751109997e-09	-9.05002751109997e-09
125.940999983946	0.06	-0.06	7.35724871457931e-08	1.32646192862221e-08	-1.32646192862221e-08
126.020999987125	0.02	-0.02	3.18981068591668e-07	6.84616522854879e-08	-6.84616522854879e-08
126.080999959707	0.04	-0.04	4.84485484416814e-07	1.14156977180743e-07	-1.14156977180743e-07
126.140999991894	0.02	-0.02	1.35599557317731e-06	2.70527392304743e-07	-2.70527392304743e-07
126.180999953747	0.02	-0.02	3.91500958374126e-07	1.34823763697473e-07	-1.34823763697473e-07
126.220999975204	0.02	-0.02	4.26594350646845e-07	7.68009784145798e-08	-7.68009784145798e-08
126.260999996662	0.02	-0.02	1.46006704116749e-07	3.92521391973514e-08	-3.92521391973514e-08
126.300999958515	0.02	-0.02	1.08842071739538e-07	2.20500438467372e-08	-2.20500438467372e-08
126.340999979973	0.02	-0.02	6.26857922900077e-08	1.2088773983219e-08	-1.2088773983219e-08
126.381000001431	0.02	-0.02	2.44686020429313e-08	7.52230395507365e-09	-7.52230395507365e-09
126.420999963284	0.02	-0.02	3.85636771134801e-08	7.31594525599285e-09	-7.31594525599285e-09
126.480999965668	0.04	-0.04	3.03500733503853e-08	5.46088530275879e-09	-5.46088530275879e-09
126.540999968052	0.02	-0.02	3.65355495782285e-08	8.44203114371633e-09	-8.44203114371633e-09
126.58099998951	0.02	-0.02	3.52007896587876e-08	8.95399057701285e-09	-8.95399057701285e-09
126.620999951363	0.02	-0.02	4.03702102922969e-08	9.42588502974596e-09	-9.42588502974596e-09
126.66099997282	0.02	-0.02	7.28223704426642e-08	1.27482178975198e-08	-1.27482178975198e-08
126.700999994278	0.02	-0.02	4.8403488387039e-08	1.62207085149213e-08	-1.62207085149213e-08
126.740999956131	0.02	-0.02	1.17682425673009e-07	2.28877774545147e-08	-2.28877774545147e-08
126.780999977589	0.02	-0.02	1.50881980121046e-07	2.9124374322666e-08	-2.9124374322666e-08
126.820999999046	0.02	-0.02	1.09734322217553e-07	1.99300736911843e-08	-1.99300736911843e-08
126.860999960899	0.02	-0.02	4.98878448447451e-08	1.16432476238176e-08	-1.16432476238176e-08
126.900999982357	0.02	-0.02	4.73285870579184e-08	7.1411996768684e-09	-7.1411996768684e-09
126.941000003815	0.02	-0.02	5.0574683130113e-08	1.2046481131563e-08	-1.2046481131563e-08
126.980999965668	0.02	-0.02	1.0406597221925e-07	2.36141158653068e-08	-2.36141158653068e-08
127.020999987125	0.02	-0.02	2.9195937057108e-07	5.28171861279932e-08	-5.28171861279932e-08
127.060999948978	0.02	-0.02	1.6417052455836e-07	3.76640553259991e-08	-3.76640553259991e-08
127.100999970436	0.02	-0.02	1.21330822642111e-07	2.37128597021185e-08	-2.37128597021185e-08
127.140999991894	0.02	-0.02	6.47166239144214e-08	1.35850792649614e-08	-1.35850792649614e-08
127.180999953747	0.02	-0.02	6.57288758178897e-08	1.35131835865064e-08	-1.35131835865064e-08
127.220999975204	0.02	-0.02	5.99559363047189e-08	1.49815810815821e-08	-1.49815810815821e-08
127.280999977589	0.04	-0.04	6.00526481939594e-08	1.15160582163898e-08	-1.15160582163898e-08
127.340999979973	0.02	-0.02	8.07479676268974e-08	1.84797364814784e-08	-1.84797364814784e-08
127.381000001431	0.02	-0.02	8.44238804384532e-08	1.97915005767467e-08	-1.97915005767467e-08
127.420999963284	0.02	-0.02	7.74786149616245e-08	2.12315389044948e-08	-2.12315389044948e-08
127.460999984741	0.02	-0.02	1.59806144797298e-07	2.53378376714898e-08	-2.53378376714898e-08
127.500999946594	0.02	-0.02	1.4782802653129e-07	2.52171981546439e-08	-2.52171981546439e-08
127.540999968052	0.02	-0.02	1.57379730535144e-07	3.42983594193512e-08	-3.42983594193512e-08
127.58099998951	0.02	-0.02	2.3635335607258e-07	4.98236787014542e-08	-4.98236787014542e-08
127.620999951363	0.02	-0.02	2.27174440578728e-07	6.55821922822154e-08	-6.55821922822154e-08
127.66099997282	0.02	-0.02	4.59146311169579e-07	8.69413836744767e-08	-8.69413836744767e-08
127.720999975204	0.04	-0.04	2.92964857258934e-07	6.11381056291608e-08	-6.11381056291608e-08
127.780999977589	0.02	-0.02	2.98100603572893e-07	6.25603135379558e-08	-6.25603135379558e-08
127.840999979973	0.04	-0.04	1.10066067261742e-07	3.01156673127938e-08	-3.01156673127938e-08
127.900999982357	0.02	-0.02	1.45181105759174e-07	2.91995017609912e-08	-2.91995017609912e-08
127.941000003815	0.02	-0.02	4.40521455243288e-08	2.13337757467857e-08	-2.13337757467857e-08
127.980999965668	0.02	-0.02	7.81766700279923e-08	1.81447021012984e-08	-1.81447021012984e-08
128.060999968847	0.06	-0.06	2.82839540974569e-08	7.11161866272609e-09	-7.11161866272609e-09
128.140999991894	0.02	-0.02	9.44717200673565e-08	1.56765232925118e-08	-1.56765232925118e-08
128.180999953747	0.02	-0.02	6.63585971444741e-08	1.51992565221058e-08	-1.51992565221058e-08
128.220999975204	0.02	-0.02	8.66679458549498e-08	1.7643220010877e-08	-1.7643220010877e-08
128.260999996662	0.02	-0.02	1.04176650277503e-07	1.97002561747585e-08	-1.97002561747585e-08
128.300999958515	0.02	-0.02	8.79078359880093e-08	2.02422352894921e-08	-2.02422352894921e-08
128.340999979973	0.02	-0.02	1.18350938302665e-07	2.35703861450239e-08	-2.35703861450239e-08
128.381000001431	0.02	-0.02	1.10626198817503e-07	2.50489260909144e-08	-2.50489260909144e-08
128.420999963284	0.02	-0.02	1.43198497353817e-07	2.48040558241126e-08	-2.48040558241126e-08
128.460999984741	0.02	-0.02	1.10273271028025e-07	2.41537378926663e-08	-2.41537378926663e-08
128.500999946594	0.02	-0.02	1.03691639757154e-07	2.15698187139452e-08	-2.15698187139452e-08
128.540999968052	0.02	-0.02	8.41202599720957e-08	2.00921986574773e-08	-2.00921986574773e-08
128.58099998951	0.02	-0.02	1.05361456170529e-07	1.77651391211687e-08	-1.77651391211687e-08
128.620999951363	0.02	-0.02	1.21898182768577e-07	2.05249944818997e-08	-2.05249944818997e-08
128.66099997282	0.02	-0.02	1.92124740087602e-07	2.93886815114818e-08	-2.93886815114818e-08
128.700999994278	0.02	-0.02	1.91800059086242e-07	4.24128969195957e-08	-4.24128969195957e-08
128.740999956131	0.02	-0.02	2.92550121073261e-07	6.64523285026234e-08	-6.64523285026234e-08
128.780999977589	0.02	-0.02	3.85804923090899e-07	9.26080263181474e-08	-9.26080263181474e-08
128.820999999046	0.02	-0.02	4.9989284493361e-07	1.2111865408023e-07	-1.2111865408023e-07
128.860999960899	0.02	-0.02	4.6588004928255e-07	1.24763657671155e-07	-1.24763657671155e-07
128.900999982357	0.02	-0.02	6.22416614065951e-07	1.24205400919184e-07	-1.24205400919184e-07
128.960999984741	0.04	-0.04	4.5039871199632e-07	9.00615591681426e-08	-9.00615591681426e-08
129.080999974608	0.08	-0.08	3.35658138719187e-07	6.62246674930268e-08	-6.62246674930268e-08
129.200999964476	0.04	-0.04	4.54073667306906e-07	9.69784902315461e-08	-9.69784902315461e-08
129.300999978383	0.06	-0.06	4.3414807537717e-07	9.90573594279173e-08	-9.90573594279173e-08
129.440999974012	0.08	-0.08	4.66258678408582e-07	1.11560706814543e-07	-1.11560706814543e-07
129.680999976099	0.16	-0.16	5.26253413967222e-07	1.1230600506375e-07	-1.1230600506375e-07
129.900999982357	0.06	-0.06	3.91879296397876e-07	9.40476630343199e-08	-9.40476630343199e-08
130.040999968052	0.08	-0.08	2.77391319127937e-07	5.22996215891381e-08	-5.22996215891381e-08
130.140999991894	0.02	-0.02	3.42181881383728e-07	7.11939008662464e-08	-7.11939008662464e-08
130.200999964476	0.04	-0.04	1.56379463037908e-07	3.40915167535675e-08	-3.40915167535675e-08
130.260999996662	0.02	-0.02	1.43883996045875e-07	3.47021594848201e-08	-3.47021594848201e-08
130.300999958515	0.02	-0.02	8.69721194350359e-08	2.83956906393933e-08	-2.83956906393933e-08
130.340999979973	0.02	-0.02	1.49092785323062e-07	2.23926840139426e-08	-2.23926840139426e-08
130.381000001431	0.02	-0.02	6.46784356691988e-08	1.75404760862035e-08	-1.75404760862035e-08
130.420999963284	0.02	-0.02	7.01138719692124e-08	1.40408857635613e-08	-1.40408857635613e-08
130.460999984741	0.02	-0.02	9.82995231584214e-08	1.68448469869549e-08	-1.68448469869549e-08
130.500999946594	0.02	-0.02	9.07451680040207e-08	2.1413458784396e-08	-2.1413458784396e-08
130.540999968052	0.02	-0.02	1.20327114746683e-07	2.59793935590878e-08	-2.59793935590878e-08
130.58099998951	0.02	-0.02	1.3367646382061e-07	3.19996868336102e-08	-3.19996868336102e-08
130.620999951363	0.02	-0.02	2.38487697262038e-07	4.00960862849238e-08	-4.00960862849238e-08
130.66099997282	0.02	-0.02	2.0532897122236e-07	2.92993323480081e-08	-2.92993323480081e-08
130.700999994278	0.02	-0.02	7.62083014499013e-08	2.05348230862599e-08	-2.05348230862599e-08
130.740999956131	0.02	-0.02	6.23798654563275e-08	1.44209385920458e-08	-1.44209385920458e-08
130.780999977589	0.02	-0.02	1.5438275490079e-07	2.54788500510276e-08	-2.54788500510276e-08
130.820999999046	0.02	-0.02	2.24804796637396e-07	5.2516791712254e-08	-5.2516791712254e-08
130.860999960899	0.02	-0.02	2.68311668492417e-07	6.33045152733019e-08	-6.33045152733019e-08
130.900999982357	0.02	-0.02	1.69010703747038e-07	3.51096430151034e-08	-3.51096430151034e-08
130.941000003815	0.02	-0.02	3.21537264195123e-08	1.60467636910926e-08	-1.60467636910926e-08
130.980999965668	0.02	-0.02	4.59521902503998e-08	1.12113796877454e-08	-1.12113796877454e-08
131.040999968052	0.04	-0.04	5.19749289808861e-08	1.15087112169061e-08	-1.15087112169061e-08
131.100999970436	0.02	-0.02	1.24162659569616e-07	2.31492997111445e-08	-2.31492997111445e-08
131.140999991894	0.02	-0.02	1.31815186087611e-07	2.94446192124467e-08	-2.94446192124467e-08
131.180999953747	0.02	-0.02	1.35509740402616e-07	3.02301683215569e-08	-3.02301683215569e-08
131.220999975204	0.02	-0.02	1.59170730043403e-07	3.0284873175355e-08	-3.0284873175355e-08
131.260999996662	0.02	-0.02	1.30770330511869e-07	3.22456616454764e-08	-3.22456616454764e-08
131.300999958515	0.02	-0.02	1.52418424167349e-07	3.17004806910799e-08	-3.17004806910799e-08
131.340999979973	0.02	-0.02	2.73435421052985e-07	5.1143788504294e-08	-5.1143788504294e-08
131.381000001431	0.02	-0.02	4.1188224861135e-07	8.80115880980188e-08	-8.80115880980188e-08
131.420999963284	0.02	-0.02	5.58262351787013e-07	1.63346486085835e-07	-1.63346486085835e-07
131.460999984741	0.02	-0.02	5.64028724079049e-07	9.91478941219738e-08	-9.91478941219738e-08
131.500999946594	0.02	-0.02	2.51088590001123e-07	4.83836751427546e-08	-4.83836751427546e-08
131.540999968052	0.02	-0.02	1.45551846494267e-07	2.47407523504309e-08	-2.47407523504309e-08
131.58099998951	0.02	-0.02	1.62125578499508e-07	2.85560894595113e-08	-2.85560894595113e-08
131.620999951363	0.02	-0.02	1.65606314948488e-07	4.03522368385072e-08	-4.03522368385072e-08
131.66099997282	0.02	-0.02	1.94156235028672e-07	5.51655186125819e-08	-5.51655186125819e-08
131.700999994278	0.02	-0.02	3.21722706304536e-07	7.27256497164354e-08	-7.27256497164354e-08
131.740999956131	0.02	-0.02	4.1262779872189e-07	8.10553783951335e-08	-8.10553783951335e-08
131.780999977589	0.02	-0.02	5.75185434599159e-07	8.88899360235862e-08	-8.88899360235862e-08
131.820999999046	0.02	-0.02	2.55721920243922e-07	8.95901578307225e-08	-8.95901578307225e-08
131.860999960899	0.02	-0.02	3.79656449485808e-07	8.20037118258109e-08	-8.20037118258109e-08
131.900999982357	0.02	-0.02	2.54600050439295e-07	5.47618046846597e-08	-5.47618046846597e-08
131.960999984741	0.04	-0.04	1.01639029170368e-07	2.22705358953411e-08	-2.22705358953411e-08
132.020999987125	0.02	-0.02	8.55282967923315e-08	1.84150097160448e-08	-1.84150097160448e-08
132.060999948978	0.02	-0.02	7.19456613562819e-08	1.45112841369362e-08	-1.45112841369362e-08
132.100999970436	0.02	-0.02	4.85276034168566e-08	1.12766884791242e-08	-1.12766884791242e-08
132.140999991894	0.02	-0.02	4.15904746794513e-08	8.76141540168647e-09	-8.76141540168647e-09
132.180999953747	0.02	-0.02	2.86549939715491e-08	6.46351562797513e-09	-6.46351562797513e-09
132.220999975204	0.02	-0.02	2.52208882915977e-08	6.09402204263736e-09	-6.09402204263736e-09
132.260999996662	0.02	-0.02	4.45944884157772e-08	9.92662955612736e-09	-9.92662955612736e-09
132.300999958515	0.02	-0.02	9.88452598558496e-08	1.67828787393878e-08	-1.67828787393878e-08
132.340999979973	0.02	-0.02	1.78779693688956e-07	2.95520729086675e-08	-2.95520729086675e-08
132.381000001431	0.02	-0.02	1.74944734614841e-07	4.31028956512109e-08	-4.31028956512109e-08
132.420999963284	0.02	-0.02	1.59616558498308e-07	3.76035533995048e-08	-3.76035533995048e-08
132.460999984741	0.02	-0.02	1.8080345276266e-07	2.93380061362015e-08	-2.93380061362015e-08
132.500999946594	0.02	-0.02	1.44486567065415e-07	2.22263937140337e-08	-2.22263937140337e-08
132.540999968052	0.02	-0.02	8.00222700359252e-08	1.86201372603722e-08	-1.86201372603722e-08
132.58099998951	0.02	-0.02	7.08891849051033e-08	1.48007562186226e-08	-1.48007562186226e-08
132.620999951363	0.02	-0.02	5.88966714016867e-08	1.19568592666145e-08	-1.19568592666145e-08
132.66099997282	0.02	-0.02	5.45966594654962e-08	9.41951811360673e-09	-9.41951811360673e-09
132.700999994278	0.02	-0.02	4.2695285408534e-08	7.77192931185578e-09	-7.77192931185578e-09
132.740999956131	0.02	-0.02	2.58355323054124e-08	6.27766280490868e-09	-6.27766280490868e-09
132.780999977589	0.02	-0.02	2.86739873063012e-08	7.67960249201311e-09	-7.67960249201311e-09
132.820999999046	0.02	-0.02	5.46295004460231e-08	1.06413806402335e-08	-1.06413806402335e-08
132.860999960899	0.02	-0.02	6.82674655823582e-08	1.35411458335873e-08	-1.35411458335873e-08
132.900999982357	0.02	-0.02	1.1730998552864e-07	1.77830382799332e-08	-1.77830382799332e-08
132.941000003815	0.02	-0.02	1.37417805401714e-07	2.2796396089459e-08	-2.2796396089459e-08
132.980999965668	0.02	-0.02	1.70584870808391e-07	2.99742707338457e-08	-2.99742707338457e-08
133.020999987125	0.02	-0.02	1.16845203360762e-07	2.10171586508657e-08	-2.10171586508657e-08
133.060999948978	0.02	-0.02	6.01346539619438e-08	1.24634940043502e-08	-1.24634940043502e-08
133.100999970436	0.02	-0.02	5.47938544426857e-08	7.67818608032756e-09	-7.67818608032756e-09
133.140999991894	0.02	-0.02	2.24823834672989e-08	5.18283815977121e-09	-5.18283815977121e-09
133.180999953747	0.02	-0.02	2.5623728474032e-08	4.73239555568133e-09	-4.73239555568133e-09
133.220999975204	0.02	-0.02	2.45189450648748e-08	4.29649095212666e-09	-4.29649095212666e-09
133.260999996662	0.02	-0.02	1.5034202757296e-08	3.81356977807027e-09	-3.81356977807027e-09
133.300999958515	0.02	-0.02	1.63753361811355e-08	3.29429968083632e-09	-3.29429968083632e-09
133.340999979973	0.02	-0.02	2.49195356797729e-08	3.33163531967243e-09	-3.33163531967243e-09
133.381000001431	0.02	-0.02	1.8800363178579e-08	3.14835652408126e-09	-3.14835652408126e-09
133.460999964873	0.06	-0.06	1.01554984564658e-08	1.61151644345205e-09	-1.61151644345205e-09
133.540999968052	0.02	-0.02	1.44078803382779e-08	2.65281083016658e-09	-2.65281083016658e-09
133.58099998951	0.02	-0.02	1.7206383670818e-08	3.05417901394713e-09	-3.05417901394713e-09
133.620999951363	0.02	-0.02	1.09599329503781e-08	3.60445630434919e-09	-3.60445630434919e-09
133.66099997282	0.02	-0.02	1.75001404028295e-08	4.20004762653375e-09	-4.20004762653375e-09
133.700999994278	0.02	-0.02	1.79274142442008e-08	4.33537575815458e-09	-4.33537575815458e-09
133.76099996686	0.04	-0.04	1.56466819879335e-08	3.742992141991e-09	-3.742992141991e-09
133.820999999046	0.02	-0.02	2.67375676585873e-08	6.37326908450722e-09	-6.37326908450722e-09
133.860999960899	0.02	-0.02	3.95005558179195e-08	7.83289971490826e-09	-7.83289971490826e-09
133.900999982357	0.02	-0.02	4.23638980137639e-08	1.19438240139939e-08	-1.19438240139939e-08
133.941000003815	0.02	-0.02	1.28901927563976e-07	1.82346144826763e-08	-1.82346144826763e-08
133.980999965668	0.02	-0.02	1.3818980702411e-07	2.78308650542246e-08	-2.78308650542246e-08
134.020999987125	0.02	-0.02	1.90344191330995e-07	4.53474743302928e-08	-4.53474743302928e-08
134.060999948978	0.02	-0.02	2.88084028461369e-07	5.31868614282599e-08	-5.31868614282599e-08
134.100999970436	0.02	-0.02	1.8163660492434e-07	4.99807512649684e-08	-4.99807512649684e-08
134.140999991894	0.02	-0.02	1.75953629182348e-07	4.2661894616848e-08	-4.2661894616848e-08
134.220999975204	0.06	-0.06	9.80565969756769e-08	1.8107313187894e-08	-1.8107313187894e-08
134.300999958515	0.02	-0.02	1.28868796647049e-07	2.29598025688911e-08	-2.29598025688911e-08
134.360999990702	0.04	-0.04	8.05948907608882e-08	1.51373635363769e-08	-1.51373635363769e-08
134.440999974012	0.04	-0.04	5.62716907517919e-08	1.26247548233253e-08	-1.26247548233253e-08
134.520999957323	0.04	-0.04	5.02897901460199e-08	1.05440686571958e-08	-1.05440686571958e-08
134.600999970436	0.04	-0.04	3.30312390258877e-08	8.73507497011072e-09	-8.73507497011072e-09
134.66099997282	0.02	-0.02	5.14512629007915e-08	9.9829777921907e-09	-9.9829777921907e-09
134.720999975204	0.04	-0.04	2.55893487038844e-08	5.91559659610922e-09	-5.91559659610922e-09
134.780999977589	0.02	-0.02	3.09708438624523e-08	6.80061997695642e-09	-6.80061997695642e-09
134.820999999046	0.02	-0.02	3.19341697167371e-08	8.95761804685255e-09	-8.95761804685255e-09
134.860999960899	0.02	-0.02	6.53185735128038e-08	1.39193137261012e-08	-1.39193137261012e-08
134.900999982357	0.02	-0.02	9.37670247145318e-08	2.04911078287379e-08	-2.04911078287379e-08
134.960999984741	0.04	-0.04	1.48541910191135e-07	2.79181255044352e-08	-2.79181255044352e-08
135.020999987125	0.02	-0.02	1.78200206285306e-07	3.42515903570592e-08	-3.42515903570592e-08
135.060999948978	0.02	-0.02	1.08426800951917e-07	2.58114097403128e-08	-2.58114097403128e-08
135.100999970436	0.02	-0.02	1.32056917192173e-07	2.36925025742261e-08	-2.36925025742261e-08
135.140999991894	0.02	-0.02	8.54855682584068e-08	1.95107187267289e-08	-1.95107187267289e-08
135.200999964476	0.04	-0.04	7.49631356421009e-08	1.68596454436691e-08	-1.68596454436691e-08
135.280999977589	0.04	-0.04	2.10418717714548e-07	4.53053111624292e-08	-4.53053111624292e-08
135.360999990702	0.04	-0.04	5.39650562418967e-07	1.1054067722822e-07	-1.1054067722822e-07
135.440999974012	0.04	-0.04	5.46405801591467e-07	1.04946107889621e-07	-1.04946107889621e-07
135.500999946594	0.02	-0.02	2.05325204732266e-07	4.62423097745254e-08	-4.62423097745254e-08
135.540999968052	0.02	-0.02	9.08780335748857e-08	2.11991945146071e-08	-2.11991945146071e-08
135.600999970436	0.04	-0.04	2.15305430625404e-08	4.99489519790935e-09	-4.99489519790935e-09
135.70099997441	0.06	-0.06	9.76571974646111e-09	1.86261683039068e-09	-1.86261683039068e-09
135.780999977589	0.02	-0.02	1.99914648759976e-08	4.08541006380622e-09	-4.08541006380622e-09
135.820999999046	0.02	-0.02	1.8968073161571e-08	4.43760732690266e-09	-4.43760732690266e-09
135.860999960899	0.02	-0.02	3.11743618748983e-08	5.13557670544719e-09	-5.13557670544719e-09
135.900999982357	0.02	-0.02	2.06084949322473e-08	5.9472086495941e-09	-5.9472086495941e-09
135.941000003815	0.02	-0.02	4.54842647518322e-08	7.19021710391862e-09	-7.19021710391862e-09
135.980999965668	0.02	-0.02	3.45067861833678e-08	9.22315838705957e-09	-9.22315838705957e-09
136.020999987125	0.02	-0.02	6.67795619554596e-08	1.2142310439359e-08	-1.2142310439359e-08
136.100999970436	0.06	-0.06	6.89256605771272e-08	1.09189411903241e-08	-1.09189411903241e-08
136.180999953747	0.02	-0.02	1.26675445107458e-07	2.59613273600458e-08	-2.59613273600458e-08
136.240999985933	0.04	-0.04	1.16726731581987e-07	2.43460475512594e-08	-2.43460475512594e-08
136.340999979973	0.06	-0.06	1.36224652166634e-07	2.83566645698629e-08	-2.83566645698629e-08
136.580999969641	0.18	-0.18	1.03604405074027e-07	2.39036765020031e-08	-2.39036765020031e-08
136.800999988317	0.04	-0.04	3.38275775057046e-07	8.03185978569973e-08	-8.03185978569973e-08
137.02099997388	0.18	-0.18	2.39993623048139e-07	5.339159963178e-08	-5.339159963178e-08
137.300999982357	0.1	-0.1	2.81069688999318e-07	6.59386520053392e-08	-6.59386520053392e-08
137.420999963284	0.02	-0.02	5.61579911967996e-07	1.35609306627527e-07	-1.35609306627527e-07
137.520999972224	0.08	-0.08	2.384138969956e-07	5.71381867060337e-08	-5.71381867060337e-08
137.680999968648	0.08	-0.08	1.1621320538666e-07	4.84519582379759e-08	-4.84519582379759e-08
137.840999979973	0.08	-0.08	1.74824383711941e-07	4.1415568895689e-08	-4.1415568895689e-08
138.000999976397	0.08	-0.08	1.0342027682206e-07	3.29761661632412e-08	-3.29761661632412e-08
138.180999977589	0.1	-0.1	1.13505729092563e-07	2.48833797830559e-08	-2.48833797830559e-08
138.380999977589	0.1	-0.1	9.51594298373569e-08	1.98620644528586e-08	-1.98620644528586e-08
138.520999957323	0.04	-0.04	1.23565352518458e-07	3.01707346606061e-08	-3.01707346606061e-08
138.680999973615	0.12	-0.12	6.85960374435188e-08	1.55522076496267e-08	-1.55522076496267e-08
138.920999983152	0.12	-0.12	5.39791108837171e-08	1.44858995987996e-08	-1.44858995987996e-08
139.060999948978	0.02	-0.02	1.41592422958348e-07	3.40035140154727e-08	-3.40035140154727e-08
139.120999981165	0.04	-0.04	8.96253650589039e-08	2.31055995566736e-08	-2.31055995566736e-08
139.200999964476	0.04	-0.04	8.9932808523207e-08	2.23779236894037e-08	-2.23779236894037e-08
139.360999980768	0.12	-0.12	4.28800935665676e-08	1.06274532052577e-08	-1.06274532052577e-08
139.500999946594	0.02	-0.02	8.9033991749886e-08	1.94306948667351e-08	-1.94306948667351e-08
139.560999978781	0.04	-0.04	6.24037919144407e-08	1.20047486669188e-08	-1.20047486669188e-08
139.640999962091	0.04	-0.04	4.69154103596275e-08	9.98184914173564e-09	-9.98184914173564e-09
139.720999975204	0.04	-0.04	3.95570634529242e-08	1.06845560946565e-08	-1.06845560946565e-08
139.780999977589	0.02	-0.02	6.8649414257377e-08	1.68104727065135e-08	-1.68104727065135e-08
139.840999979973	0.04	-0.04	6.20971906524655e-08	1.31356846310168e-08	-1.31356846310168e-08
139.920999993086	0.04	-0.04	7.42829944125064e-08	2.0208771604141e-08	-2.0208771604141e-08
140.000999976397	0.04	-0.04	2.86199637079536e-07	5.41745342809172e-08	-5.41745342809172e-08
140.100999970436	0.06	-0.06	8.12027970233707e-07	1.49152531864652e-07	-1.49152531864652e-07
140.180999953747	0.02	-0.02	2.29879175392124e-06	5.01961546888924e-07	-5.01961546888924e-07
140.220999975204	0.02	-0.02	1.51603084275276e-06	3.75682843460865e-07	-3.75682843460865e-07
140.260999996662	0.02	-0.02	6.82390522451454e-07	2.60339493422896e-07	-2.60339493422896e-07
140.300999958515	0.02	-0.02	7.81026648799023e-07	1.89778198948775e-07	-1.89778198948775e-07
140.340999979973	0.02	-0.02	5.67389498906632e-07	1.37365769172606e-07	-1.37365769172606e-07
140.400999982357	0.04	-0.04	2.04671875352886e-07	6.25618883347684e-08	-6.25618883347684e-08
140.480999965668	0.04	-0.04	1.29404704072675e-07	3.2007808167727e-08	-3.2007808167727e-08
140.600999970436	0.08	-0.08	9.64960778664253e-08	1.81417394442121e-08	-1.81417394442121e-08
140.700999994278	0.02	-0.02	1.98048079806433e-07	3.79025480390034e-08	-3.79025480390034e-08
140.76099996686	0.04	-0.04	1.15843225393787e-07	2.76889691016603e-08	-2.76889691016603e-08
141.000999976397	0.2	-0.2	5.38098906784541e-08	1.32403695025783e-08	-1.32403695025783e-08
141.940999974818	0.74	-0.74	4.83621279764541e-08	9.65563998846498e-09	-9.65563998846498e-09
143.420999976171	0.74	-0.74	3.8650023627733e-08	7.56110886316606e-09	-7.56110886316606e-09
144.320999976695	0.16	-0.16	4.39001001666163e-08	1.02336445776401e-08	-1.02336445776401e-08
144.520999957323	0.04	-0.04	8.40935436793758e-08	1.86490250576583e-08	-1.86490250576583e-08
144.58099998951	0.02	-0.02	1.04501214531839e-07	2.39558130892433e-08	-2.39558130892433e-08
144.620999951363	0.02	-0.02	8.21554981267881e-08	2.50089723156079e-08	-2.50089723156079e-08
144.66099997282	0.02	-0.02	1.05131363558186e-07	2.46976286676331e-08	-2.46976286676331e-08
144.740999975999	0.06	-0.06	8.41096866474612e-08	1.3313283038783e-08	-1.3313283038783e-08
144.820999999046	0.02	-0.02	8.95956421498325e-08	2.22863636025483e-08	-2.22863636025483e-08
144.880999971628	0.04	-0.04	5.50570211890414e-08	1.47173533946811e-08	-1.47173533946811e-08
144.960999984741	0.04	-0.04	5.65421210262173e-08	1.32979985913674e-08	-1.32979985913674e-08
145.040999968052	0.04	-0.04	5.47572411659237e-08	1.23740264495282e-08	-1.23740264495282e-08
145.120999981165	0.04	-0.04	5.32258553944926e-08	1.11506977729595e-08	-1.11506977729595e-08
145.200999964476	0.04	-0.04	4.98334515799374e-08	1.14781395433238e-08	-1.14781395433238e-08
145.280999977589	0.04	-0.04	9.62890999357362e-08	2.18453102939155e-08	-2.18453102939155e-08
145.340999979973	0.02	-0.02	2.15356352606982e-07	5.12935940675904e-08	-5.12935940675904e-08
145.381000001431	0.02	-0.02	2.91740186847999e-07	7.04294824788809e-08	-7.04294824788809e-08
145.440999974012	0.04	-0.04	3.4373880859282e-07	8.42630761799585e-08	-8.42630761799585e-08
145.520999957323	0.04	-0.04	4.06276339104938e-07	1.6585175395173e-07	-1.6585175395173e-07
145.600999970436	0.04	-0.04	8.86909916629609e-07	1.92753661094714e-07	-1.92753661094714e-07
145.720999975204	0.08	-0.08	5.77894195866583e-07	1.30217491953946e-07	-1.30217491953946e-07
145.880999986529	0.08	-0.08	5.62551426473816e-07	1.17687184761897e-07	-1.17687184761897e-07
146.020999967257	0.06	-0.06	5.68686186015089e-07	1.02545833087708e-07	-1.02545833087708e-07
146.100999970436	0.02	-0.02	5.64121788821793e-07	1.32111957867122e-07	-1.32111957867122e-07
146.16099997282	0.04	-0.04	3.04575577737996e-07	6.7080339583051e-08	-6.7080339583051e-08
146.240999985933	0.04	-0.04	1.87068554161366e-07	4.58430058437384e-08	-4.58430058437384e-08
146.320999969244	0.04	-0.04	1.50905379786679e-07	3.4564852038177e-08	-3.4564852038177e-08
146.381000001431	0.02	-0.02	1.8331078157439e-07	3.8498845338768e-08	-3.8498845338768e-08
146.460999964873	0.06	-0.06	7.79292517347241e-08	1.71500259257796e-08	-1.71500259257796e-08
146.640999972026	0.12	-0.12	8.82748655116006e-08	2.03819080188556e-08	-2.03819080188556e-08
146.820999979178	0.06	-0.06	5.27657455054119e-07	1.0325928005688e-07	-1.0325928005688e-07
146.940999983947	0.06	-0.06	4.99006282498724e-07	1.20494515964159e-07	-1.20494515964159e-07
147.060999968847	0.06	-0.06	5.14719389696494e-07	1.1725421195099e-07	-1.1725421195099e-07
147.180999973615	0.06	-0.06	4.13634076825841e-07	1.05499684049253e-07	-1.05499684049253e-07
147.340999979973	0.1	-0.1	3.7580718648482e-07	7.90559454315807e-08	-7.90559454315807e-08
147.480999965668	0.04	-0.04	5.19635608891761e-07	1.12909631212487e-07	-1.12909631212487e-07
147.600999970436	0.08	-0.08	3.6374132546195e-07	7.91243459911617e-08	-7.91243459911617e-08
147.720999975204	0.04	-0.04	4.39754373854418e-07	1.05818754545457e-07	-1.05818754545457e-07
147.800999988317	0.04	-0.04	3.8078408575262e-07	1.0007489846998e-07	-1.0007489846998e-07
147.880999971628	0.04	-0.04	4.1878208522643e-07	9.46122244651337e-08	-9.46122244651337e-08
148.000999976397	0.08	-0.08	2.8046011513688e-07	6.44994222066726e-08	-6.44994222066726e-08
148.16099997282	0.08	-0.08	1.69798997589133e-07	4.06112974843479e-08	-4.06112974843479e-08
148.300999978383	0.06	-0.06	1.46238749804849e-07	2.87343342696496e-08	-2.87343342696496e-08
148.381000001431	0.02	-0.02	1.67862277936549e-07	3.6942422577216e-08	-3.6942422577216e-08
148.440999974012	0.04	-0.04	1.11528905933793e-07	3.81353274715313e-08	-3.81353274715313e-08
148.540999968052	0.06	-0.06	6.73201634150424e-07	1.34021329439166e-07	-1.34021329439166e-07
148.620999951363	0.02	-0.02	2.79188062090278e-06	6.78539746583255e-07	-6.78539746583255e-07
148.720999975204	0.08	-0.08	1.5711786046155e-06	3.43597342477773e-07	-3.43597342477773e-07
148.820999999046	0.02	-0.02	1.53295120791244e-06	3.79879275887773e-07	-3.79879275887773e-07
148.900999982357	0.06	-0.06	5.21453202419491e-07	1.49513991686818e-07	-1.49513991686818e-07
148.980999965668	0.02	-0.02	7.07039742569985e-07	1.59980137651487e-07	-1.59980137651487e-07
149.020999987125	0.02	-0.02	3.9699450217052e-07	1.40167185935811e-07	-1.40167185935811e-07
149.060999948978	0.02	-0.02	5.38214802170906e-07	1.06683887244733e-07	-1.06683887244733e-07
149.100999970436	0.02	-0.02	3.56348337872903e-07	8.0381758402674e-08	-8.0381758402674e-08
149.16099997282	0.04	-0.04	1.28711468613669e-07	4.262413769178e-08	-4.262413769178e-08
149.240999985933	0.04	-0.04	1.37685850498364e-07	2.83772191177668e-08	-2.83772191177668e-08
149.300999958515	0.02	-0.02	1.28807852729414e-07	3.18778973153424e-08	-3.18778973153424e-08
149.360999990702	0.04	-0.04	8.62161876440421e-08	1.76028450576276e-08	-1.76028450576276e-08
149.440999974012	0.04	-0.04	6.19995589042694e-08	1.51979168516848e-08	-1.51979168516848e-08
149.520999957323	0.04	-0.04	1.46258602944667e-07	3.57534585129616e-08	-3.57534585129616e-08
149.66099997282	0.1	-0.1	5.19293346447552e-07	1.06697626712052e-07	-1.06697626712052e-07
149.780999977589	0.02	-0.02	2.88812522314066e-06	7.17010697175676e-07	-7.17010697175676e-07
149.840999979973	0.04	-0.04	1.32329847056347e-06	4.5096009637353e-07	-4.5096009637353e-07
149.920999993086	0.04	-0.04	1.47928070114377e-06	3.66498923466848e-07	-3.66498923466848e-07
150.000999976397	0.04	-0.04	1.3216277617179e-06	3.17766246505353e-07	-3.17766246505353e-07
150.220999975204	0.02	-0.02	1.09349944088893e-06	2.54293097239101e-07	-2.54293097239101e-07
150.320999984145	0.08	-0.08	5.6841301894583e-07	1.2096059899886e-07	-1.2096059899886e-07
150.480999965668	0.08	-0.08	4.6187229934644e-07	1.0323777532539e-07	-1.0323777532539e-07
150.58099998951	0.02	-0.02	8.61344724889867e-07	1.905050131955e-07	-1.905050131955e-07
150.680999968648	0.08	-0.08	4.15521944693289e-07	9.82039197265594e-08	-9.82039197265594e-08
150.860999984741	0.1	-0.1	2.4043553239307e-07	8.91388409949593e-08	-8.91388409949593e-08
151.06099997282	0.1	-0.1	3.90409405590135e-07	9.39845378435035e-08	-9.39845378435035e-08
151.52099997388	0.36	-0.36	1.91440151646982e-07	5.22384631061953e-08	-5.22384631061953e-08
152.000999976397	0.12	-0.12	4.34649651776102e-07	1.06092589378383e-07	-1.06092589378383e-07
152.400999973842	0.28	-0.28	4.11472015553119e-07	8.65044999935158e-08	-8.65044999935158e-08
152.760999981761	0.08	-0.08	8.35054211922946e-07	1.85313040391244e-07	-1.85313040391244e-07
153.000999976397	0.16	-0.16	4.42505694867e-07	1.48702812577008e-07	-1.48702812577008e-07
153.26099997282	0.1	-0.1	1.16239281668878e-06	2.66329183458038e-07	-2.66329183458038e-07
153.46099997282	0.1	-0.1	1.79326510779559e-06	3.79676095671155e-07	-3.79676095671155e-07
153.600999970436	0.04	-0.04	3.43677483377673e-06	7.7158649220773e-07	-7.7158649220773e-07
153.680999983549	0.04	-0.04	4.24155067315464e-06	8.88920873697255e-07	-8.88920873697255e-07
153.840999979973	0.12	-0.12	3.45988333962597e-06	6.83068603449955e-07	-6.83068603449955e-07
154.020999967257	0.06	-0.06	5.77482277306455e-06	1.30488422891028e-06	-1.30488422891028e-06
154.240999978483	0.16	-0.16	2.15208799169481e-06	4.6286138085653e-07	-4.6286138085653e-07
154.420999963284	0.02	-0.02	4.03431761977792e-06	7.85777811786417e-07	-7.85777811786417e-07
154.540999968052	0.1	-0.1	8.81930579047566e-07	2.3833252698214e-07	-2.3833252698214e-07
154.740999979973	0.1	-0.1	5.33066196192189e-07	1.33009599901513e-07	-1.33009599901513e-07
154.940999979973	0.1	-0.1	2.74426986155693e-07	7.01364482860805e-08	-7.01364482860805e-08
155.100999970436	0.06	-0.06	3.16089405713577e-07	7.88261286160235e-08	-7.88261286160235e-08
155.280999977589	0.12	-0.12	2.47166339827034e-07	5.84008728878091e-08	-5.84008728878091e-08
155.460999964873	0.06	-0.06	3.79551170083682e-07	8.94993872916777e-08	-8.94993872916777e-08
157.260999975424	1.74	-1.74	1.74048719903388e-07	3.59521002680771e-08	-3.59521002680771e-08
159.64099997513	0.64	-0.64	2.19359206888231e-07	4.76346332422497e-08	-4.76346332422497e-08
160.420999971798	0.14	-0.14	3.79321993208102e-07	8.40640527378097e-08	-8.40640527378097e-08
160.680999973615	0.12	-0.12	3.56838205932362e-07	8.55723848753142e-08	-8.55723848753142e-08
161.060999976488	0.26	-0.26	2.38838192967345e-07	5.85397921268322e-08	-5.85397921268322e-08
161.420999975204	0.1	-0.1	3.9999580504029e-07	9.94223297941478e-08	-9.94223297941478e-08
161.820999979178	0.06	-0.06	5.86410105211408e-07	1.36089622159989e-07	-1.36089622159989e-07
162.720999975205	0.84	-0.84	1.63707106268501e-07	3.98176699042522e-08	-3.98176699042522e-08
163.700999977248	0.14	-0.14	4.82101957510095e-07	1.1067144318274e-07	-1.1067144318274e-07
169.700999975155	5.85999999999996	-5.85999999999996	1.92573085657384e-07	4.16254681632094e-08	-4.16254681632094e-08
181.440999975228	5.87999999999996	-5.87999999999996	7.50767857311002e-07	2.34869425157798e-07	-2.34869425157798e-07
187.380999981562	0.06	-0.06	2.26972570916418e-05	5.3094532063621e-06	-5.3094532063621e-06
209.28099997546	0.56	-0.56	2.75265746080476e-06	6.70974977749577e-07	-6.70974977749577e-07
211.180999975098	1.34	-1.34	1.92350822111754e-06	3.98672018571687e-07	-3.98672018571687e-07
212.780999977589	0.26	-0.26	3.55797159497798e-06	8.72758433183704e-07	-8.72758433183704e-07
213.140999968052	0.1	-0.1	6.26614087496922e-06	1.35806204578192e-06	-1.35806204578192e-06
213.360999980768	0.12	-0.12	4.04898233828443e-06	1.27447598193742e-06	-1.27447598193742e-06
213.520999957323	0.04	-0.04	9.80885505024298e-06	2.1185599395268e-06	-2.1185599395268e-06
213.640999976993	0.08	-0.08	7.30012551526202e-06	1.48926588557633e-06	-1.48926588557633e-06
213.800999973416	0.08	-0.08	4.72728232774871e-06	1.51672059020819e-06	-1.51672059020819e-06
213.920999993086	0.04	-0.04	9.79398206565057e-06	2.02864634768916e-06	-2.02864634768916e-06
214.06099997282	0.1	-0.1	5.82516759334624e-06	1.33697346277494e-06	-1.33697346277494e-06
214.500999974643	0.34	-0.34	1.14522954748857e-06	2.83248731599522e-07	-2.83248731599522e-07
214.880999971628	0.04	-0.04	1.43920829516234e-06	3.17481713060329e-07	-3.17481713060329e-07
215.000999976397	0.08	-0.08	7.07547159589543e-07	1.59649082893452e-07	-1.59649082893452e-07
215.180999977589	0.1	-0.1	4.59616528781925e-07	9.38019916068685e-08	-9.38019916068685e-08
215.340999979973	0.06	-0.06	3.53846963191894e-07	8.12734752078142e-08	-8.12734752078142e-08
215.540999968052	0.14	-0.14	1.57690159473455e-07	3.67741691535501e-08	-3.67741691535501e-08
216.24099997529	0.56	-0.56	9.90448430674789e-08	1.93799299156843e-08	-1.93799299156843e-08
218.000999975403	1.2	-1.2	6.40284680591712e-08	1.57317633474236e-08	-1.57317633474236e-08
221.600999975403	2.4	-2.4	3.986831704038e-08	1.63349368102877e-08	-1.63349368102877e-08
225.200999975403	1.2	-1.2	1.42119957776633e-07	3.44872819524468e-08	-3.44872819524468e-08

## XRT - xrtwtflux
84.822	0.632	-0.544	1.40828556759619e-08	1.83476349213594e-09	-1.74817395640398e-09
85.994	0.558	-0.54	1.56837330260185e-08	1.97104998919439e-09	-1.91907123471167e-09
86.999	0.496	-0.447	1.79795905908711e-08	2.37846267019913e-09	-2.31707262591647e-09
87.841	0.410	-0.346	2.28821171821165e-08	3.14270103528332e-09	-2.94832498427776e-09
88.572	0.263	-0.321	3.07847343767683e-08	4.46396078782938e-09	-3.86516505566937e-09
89.170	0.328	-0.336	2.7725201927385e-08	3.79632426536885e-09	-3.4403009502639e-09
89.863	0.350	-0.365	2.59242188575566e-08	3.32316745279277e-09	-3.21992475191218e-09
90.567	0.363	-0.354	2.56039851224723e-08	3.22111994840694e-09	-3.17443415068484e-09
91.303	0.428	-0.373	2.22468791200024e-08	2.92177351458883e-09	-2.83649134295352e-09
92.043	0.320	-0.312	2.84738961953801e-08	3.83094739378284e-09	-3.55595188261421e-09
92.745	0.346	-0.382	2.39850458692869e-08	3.20281192359111e-09	-3.06129355876544e-09
93.465	0.419	-0.375	2.22180844375801e-08	2.78374777217299e-09	-2.7192317980306e-09
94.241	0.349	-0.357	2.39634563298516e-08	3.05435146084319e-09	-3.00834052295487e-09
95.045	0.390	-0.455	1.95492368923548e-08	2.52992077976319e-09	-2.43041362261248e-09
95.989	0.520	-0.553	1.48428615451227e-08	1.97654089417104e-09	-1.87099626186155e-09
97.079	0.507	-0.571	1.47896201367772e-08	1.85632705837776e-09	-1.80960765157812e-09
98.094	0.508	-0.508	1.54332677916512e-08	1.92898088430373e-09	-1.88915427569517e-09
99.283	0.634	-0.681	1.10547110016991e-08	1.55959176613258e-09	-1.47068750357473e-09
100.560	0.722	-0.643	1.12549631652556e-08	1.44891630981776e-09	-1.39647773238665e-09
102.096	0.621	-0.815	1.08611699550105e-08	1.35779788152648e-09	-1.32945206395164e-09
103.328	0.540	-0.611	1.35664258212331e-08	1.74813599608284e-09	-1.66681847317948e-09
104.567	0.820	-0.699	1.01379405811033e-08	1.33199538802841e-09	-1.26098577018332e-09
105.922	0.555	-0.534	1.42260798277752e-08	1.80822588304093e-09	-1.76228600143157e-09
107.174	0.780	-0.697	1.06000485371028e-08	1.32742181045068e-09	-1.2956953766129e-09
108.458	0.484	-0.505	1.57429973392998e-08	2.03796683365524e-09	-1.95263835148927e-09
109.699	0.594	-0.756	1.15834379719575e-08	1.55246527796699e-09	-1.44230065849208e-09
111.112	0.823	-0.82	9.32578193976485e-09	1.29001057985909e-09	-1.22201619024342e-09
112.610	0.611	-0.675	1.28158548776884e-08	1.65782949169274e-09	-1.57176037024882e-09
114.038	0.660	-0.816	1.11912308210182e-08	1.43441520704627e-09	-1.40387683437146e-09
115.261	0.623	-0.563	1.47027706813621e-08	1.87139939466544e-09	-1.82101898705311e-09
116.297	0.379	-0.413	2.29964205675841e-08	2.91419770468643e-09	-2.81336737719393e-09
117.053	0.289	-0.377	2.80096871564904e-08	3.65309083892947e-09	-3.49347186895569e-09
117.725	0.351	-0.384	2.60114853672319e-08	3.42547627810981e-09	-3.23188086009816e-09
118.535	0.514	-0.459	2.06742876119623e-08	2.70431077094228e-09	-2.54943837627207e-09
119.418	0.443	-0.369	2.50754989242599e-08	3.2470774184522e-09	-3.07397485684033e-09
120.329	0.544	-0.469	1.98218569923808e-08	2.6851431730529e-09	-2.52999348305687e-09
121.190	0.320	-0.317	3.23034946959411e-08	4.22073625823859e-09	-4.06096121409783e-09
121.894	0.309	-0.384	2.9495763839447e-08	3.92421636380782e-09	-3.80361139299601e-09
122.521	0.293	-0.319	3.37169363015812e-08	4.44745546897496e-09	-4.34409273623238e-09
123.207	0.383	-0.393	2.7037651587731e-08	3.53480642614979e-09	-3.43906182769786e-09
123.871	0.276	-0.281	3.83263539182599e-08	4.86111040681816e-09	-4.7464367920059e-09
124.452	0.325	-0.305	3.31458869711251e-08	4.31182968754851e-09	-4.21395535985536e-09
125.082	0.325	-0.305	3.42431214612693e-08	4.33977189435078e-09	-4.21136235779575e-09
125.800	0.359	-0.393	2.78792485705832e-08	3.58418257117718e-09	-3.49835421394364e-09
126.412	0.325	-0.253	3.62040859227906e-08	4.62552502355534e-09	-4.54079145069688e-09
127.042	0.300	-0.305	3.31797003580751e-08	4.28612800892105e-09	-4.21623854425073e-09
127.613	0.238	-0.271	3.75322110565539e-08	4.86643593709715e-09	-4.77037000375306e-09
128.196	0.327	-0.345	2.64717253816511e-08	3.54323519047672e-09	-3.45693576622518e-09
128.801	0.244	-0.277	3.34348052894519e-08	4.28464812417229e-09	-4.19436209966075e-09
129.290	0.258	-0.245	3.52327909636338e-08	4.36561175303917e-09	-4.28615780513536e-09
129.849	0.298	-0.301	2.86626852417056e-08	3.59582756027649e-09	-3.52181360230538e-09
130.448	0.206	-0.301	3.33439544189934e-08	4.27764061874915e-09	-4.18331796316105e-09
130.967	0.307	-0.312	2.72371706456599e-08	3.56397154419488e-09	-3.46403345969941e-09
131.550	0.280	-0.277	3.02806318735488e-08	4.07103352495443e-09	-3.9550909263328e-09
132.124	0.282	-0.293	3.12291376948546e-08	4.15468956011008e-09	-3.97748917953336e-09
132.690	0.297	-0.285	3.24685929686616e-08	4.21247333052025e-09	-4.07681258074956e-09
133.289	0.300	-0.301	3.28053713345825e-08	4.26020287505935e-09	-4.11946488945509e-09
133.891	0.257	-0.302	3.68799547841205e-08	4.80791453541253e-09	-4.6327758952768e-09
134.499	0.377	-0.352	4.56646634369908e-08	6.0375662644526e-09	-5.92744946882004e-09
135.344	0.522	-0.467	3.67318826305301e-08	4.57725415861409e-09	-4.49053591086584e-09
136.374	0.396	-0.508	3.84162143139267e-08	4.84799111099644e-09	-4.8073370314183e-09
137.249	0.439	-0.479	3.66222654376165e-08	4.69315432058177e-09	-4.63891980030047e-09
138.095	0.408	-0.407	4.11088980702305e-08	5.17761490526486e-09	-5.08543358107897e-09
138.911	0.479	-0.409	3.72794744530932e-08	4.59909746567564e-09	-4.55624899652442e-09
139.836	0.341	-0.446	3.83895203076195e-08	5.07629204457147e-09	-5.04064347537021e-09
140.595	0.413	-0.418	3.62064499717809e-08	4.63253766311997e-09	-4.58576156235152e-09
141.462	0.551	-0.454	2.94021912663928e-08	3.67759105642823e-09	-3.63663190908295e-09
142.475	0.440	-0.462	3.1136853612029e-08	3.92330342573144e-09	-3.8960457255182e-09
143.546	0.447	-0.631	2.52949761194562e-08	3.30247383114175e-09	-3.28106436917019e-09
144.502	0.585	-0.509	2.68763881300071e-08	3.40002641965882e-09	-3.37641184238089e-09
145.646	0.533	-0.559	2.73872162986374e-08	3.57585914922379e-09	-3.55243102865783e-09
146.585	0.397	-0.405	3.76978551492804e-08	5.11845391319443e-09	-5.07294073729043e-09
147.321	0.371	-0.339	4.67705237136712e-08	5.83591962701097e-09	-5.78353622346934e-09
148.027	0.304	-0.335	5.28175810176551e-08	6.60609274806852e-09	-6.55789220549251e-09
148.638	0.361	-0.308	4.872310563692e-08	6.36208811741302e-09	-6.32001990083663e-09
149.475	0.430	-0.476	3.60733820855428e-08	4.76798676646923e-09	-4.73641712218486e-09
150.195	0.277	-0.291	5.98097787380347e-08	7.6294078863008e-09	-7.57361483300227e-09
150.835	0.273	-0.363	5.37459124351638e-08	6.96924871014019e-09	-6.91439236007024e-09
151.449	0.311	-0.341	5.47704650773816e-08	6.70064660995902e-09	-6.64418571907669e-09
152.043	0.333	-0.283	5.56140405258177e-08	7.09863978993113e-09	-7.04246101225953e-09
152.833	0.378	-0.457	4.09533878757915e-08	5.24922574803622e-09	-5.18661559105428e-09
153.500	0.333	-0.29	5.5812058375383e-08	6.9974083229817e-09	-6.90242704141541e-09
154.168	0.331	-0.334	5.16740941218502e-08	6.59805042634612e-09	-6.46706121693929e-09
154.768	0.234	-0.269	7.64291456957554e-08	9.15270323668092e-09	-9.01814340506445e-09
155.258	0.269	-0.256	7.05033941732989e-08	8.63065038214923e-09	-8.52902003277556e-09
155.810	0.261	-0.284	6.33377446947973e-08	8.05984142955964e-09	-7.92658991606195e-09
156.424	0.339	-0.353	5.02211764506077e-08	6.42587667373939e-09	-6.20992311538436e-09
157.097	0.278	-0.334	5.65411115695049e-08	7.40845890011052e-09	-6.99000081403033e-09
157.688	0.300	-0.312	5.52971244519814e-08	7.33765595233142e-09	-7.00118007735992e-09
158.323	0.292	-0.336	5.425051915274e-08	7.03384481399439e-09	-6.70726420108482e-09
158.932	0.301	-0.316	5.3508287426365e-08	7.08890591418665e-09	-6.7751630233306e-09
159.488	0.259	-0.255	6.46983997819171e-08	8.34794791620406e-09	-8.00021253871321e-09
160.030	0.276	-0.283	5.67445146648599e-08	7.69165024477128e-09	-7.35990750234232e-09
160.634	0.268	-0.328	5.25367362437383e-08	7.06904868774996e-09	-6.81508082420728e-09
161.244	0.360	-0.343	4.30637929288667e-08	5.83309149474435e-09	-5.72641538402201e-09
161.913	0.289	-0.308	5.06863592126794e-08	6.68904553322524e-09	-6.57911202463355e-09
162.449	0.255	-0.247	6.1789320397582e-08	7.86590622248104e-09	-7.64331411797268e-09
162.979	0.227	-0.275	6.36789491965103e-08	7.96293951515451e-09	-7.70189784622637e-09
163.489	0.334	-0.283	4.61782659227381e-08	6.29163227250667e-09	-6.13967653475512e-09
164.164	0.330	-0.341	4.22583800740674e-08	5.66730896284238e-09	-5.61849055885427e-09
164.784	0.254	-0.29	5.33310391145537e-08	6.87768578662378e-09	-6.83555818776278e-09
165.320	0.251	-0.282	5.57125735795606e-08	6.94552621745401e-09	-6.89055606388184e-09
165.900	0.353	-0.328	4.26677674301831e-08	5.44217564807075e-09	-5.40384705707975e-09
166.702	0.426	-0.449	3.35607531815736e-08	4.23825447863814e-09	-4.20050985568333e-09
167.457	0.383	-0.328	3.99369679863231e-08	5.32235941264773e-09	-5.24742925791448e-09
168.151	0.281	-0.311	4.86285363811399e-08	6.39025840190106e-09	-6.31142297410245e-09
168.900	0.462	-0.467	3.11592098213604e-08	4.08127670229222e-09	-4.0432057905652e-09
169.694	0.389	-0.333	4.12172710273193e-08	5.20242021347691e-09	-5.15878239897087e-09
170.339	0.265	-0.256	5.65550770347935e-08	7.22433561562126e-09	-7.16346748681957e-09
170.962	0.362	-0.357	4.13773447004349e-08	5.21444158410018e-09	-5.17815337127807e-09
171.672	0.355	-0.348	4.22959494994435e-08	5.33816110830212e-09	-5.29309211074683e-09
172.298	0.231	-0.271	6.06802749205513e-08	7.56203101888382e-09	-7.47810703351454e-09
172.918	0.412	-0.39	3.65162915662873e-08	4.61619092802213e-09	-4.57046643706078e-09
173.715	0.327	-0.385	4.07344319003055e-08	5.14879295283385e-09	-5.09872504681196e-09
174.443	0.380	-0.401	3.64190025832015e-08	4.65810317124257e-09	-4.6123907155537e-09
175.198	0.409	-0.375	3.529974274483e-08	4.56224087144444e-09	-4.52449755726081e-09
176.078	0.519	-0.47	2.80458103909783e-08	3.50203518522344e-09	-3.46846518265944e-09
177.068	0.532	-0.471	2.64957211304036e-08	3.38948778304559e-09	-3.35563636145292e-09
178.038	0.351	-0.437	3.41970866252753e-08	4.24184480248478e-09	-4.1973311270358e-09
178.929	0.532	-0.541	2.5127230696812e-08	3.13738343639757e-09	-3.08415965249018e-09
180.026	0.688	-0.565	2.0820811006249e-08	2.67749838748298e-09	-2.63709246279221e-09
181.359	0.708	-0.646	1.97527887696866e-08	2.50609228907597e-09	-2.41383498343824e-09
182.808	0.712	-0.74	1.76369226505834e-08	2.34513166746785e-09	-2.26021247918876e-09
184.324	0.610	-0.805	1.41970477765104e-08	1.82909795877797e-09	-1.738714003658e-09
185.575	0.439	-0.641	1.42045414274358e-08	1.9338234508169e-09	-1.85860064950311e-09
186.343	0.393	-0.329	2.27698243696033e-08	3.02097291473023e-09	-2.83295457176265e-09
187.082	0.359	-0.346	2.40134352437313e-08	3.24298143735165e-09	-2.99295366850981e-09
187.783	0.311	-0.342	2.64257457792856e-08	3.45630195308681e-09	-3.24475824778512e-09
188.480	0.402	-0.387	2.04869689170815e-08	2.80555731659518e-09	-2.64976924479256e-09
189.332	0.471	-0.45	1.76546181784886e-08	2.32502560058106e-09	-2.1692668871228e-09
190.256	0.444	-0.453	1.68396249094051e-08	2.33585255163973e-09	-2.18031022310267e-09
191.096	0.478	-0.396	1.81026957904221e-08	2.41052212958725e-09	-2.22682631374076e-09
192.189	0.418	-0.616	1.52233090924734e-08	2.04017133044074e-09	-1.91766958101708e-09
192.909	0.268	-0.302	2.79094829845291e-08	3.60957550728069e-09	-3.50324986797162e-09
193.589	0.339	-0.412	2.08012675328444e-08	2.76711060946955e-09	-2.64909883900331e-09
194.315	0.331	-0.388	2.14382367123007e-08	2.85785390924682e-09	-2.73076313069349e-09
194.983	0.356	-0.337	2.266010882751e-08	2.8993900420879e-09	-2.77442695720929e-09
195.780	0.350	-0.442	1.92246349318979e-08	2.54081261773321e-09	-2.44678035189957e-09
196.608	0.376	-0.478	1.81489031211998e-08	2.36413450642844e-09	-2.27932806515955e-09
197.339	0.388	-0.356	2.14086453852366e-08	2.72371621428322e-09	-2.619846174558e-09
198.080	0.427	-0.353	2.02205793694121e-08	2.5957311807689e-09	-2.50611102600421e-09
198.995	0.392	-0.488	1.79125866086031e-08	2.25537177813107e-09	-2.19028597545273e-09
199.725	0.385	-0.338	2.12652962654705e-08	2.74144412432467e-09	-2.66863840620818e-09
200.459	0.287	-0.35	2.40210877915368e-08	3.10614538897403e-09	-3.0151070719663e-09
201.166	0.338	-0.42	2.03357826066812e-08	2.56623611609329e-09	-2.51758739323033e-09
201.884	0.290	-0.379	2.2764660755213e-08	2.91043655651037e-09	-2.85541975992413e-09
202.557	0.334	-0.383	2.12885293599531e-08	2.73803178101971e-09	-2.67115129075283e-09
203.228	0.456	-0.338	2.39940939667378e-08	3.02833550656594e-09	-2.96832461174453e-09
204.126	0.428	-0.442	2.99635421974394e-08	3.73958604564956e-09	-3.70690142542907e-09
204.971	0.363	-0.417	3.39819854927107e-08	4.28522138298407e-09	-4.25386485250861e-09
205.837	0.313	-0.504	3.31539931818184e-08	4.23998133991837e-09	-4.2159587063239e-09
206.410	0.290	-0.26	5.02371095561955e-08	6.32452827574809e-09	-6.28796174058474e-09
206.959	0.266	-0.259	5.32819283780334e-08	6.74718359664761e-09	-6.67108374789754e-09
207.464	0.273	-0.239	5.53337134606485e-08	7.11357204061485e-09	-7.06325039758798e-09
207.995	0.278	-0.258	5.95788331212694e-08	7.06519170377723e-09	-7.0045761731625e-09
208.600	0.292	-0.328	6.97129764422607e-08	9.0528258527527e-09	-9.00074648853597e-09
209.177	0.255	-0.286	8.36996681126114e-08	1.03969429284931e-08	-1.03385593009372e-08
209.737	0.261	-0.305	8.12851306881952e-08	9.98517635845723e-09	-9.93400849477771e-09
210.287	0.281	-0.289	7.93408443102853e-08	1.00480839125054e-08	-1.00108257299105e-08
210.867	0.278	-0.3	8.00573948947953e-08	9.92914968939431e-09	-9.88761813393064e-09
211.419	0.249	-0.274	8.78783046833212e-08	1.0895656596099e-08	-1.08529253284986e-08
211.952	0.325	-0.284	7.37310045745384e-08	9.36876446160119e-09	-9.30465558520443e-09
212.625	0.284	-0.348	6.73808753907516e-08	9.02411149522999e-09	-8.98056741696827e-09
213.167	0.257	-0.259	8.55015248279921e-08	1.08508167133892e-08	-1.07898244228858e-08
213.784	0.306	-0.36	9.85228148712003e-08	1.01228831516609e-08	-1.00381358148274e-08
214.399	0.261	-0.309	7.4242666996252e-08	9.34438264821808e-09	-9.29531497665715e-09
214.927	0.279	-0.268	7.22273790331828e-08	9.60429080303281e-09	-9.54365379204318e-09
215.477	0.309	-0.271	7.15706300320345e-08	8.91291815250597e-09	-8.8413312035995e-09
216.095	0.331	-0.309	6.42647481278712e-08	8.40602160581966e-09	-8.37694554584837e-09
216.752	0.341	-0.326	9.86976812308591e-08	1.02397423688179e-08	-1.01779772366863e-08
217.365	0.255	-0.271	8.99780231034432e-08	1.11368943575757e-08	-1.10918824022053e-08
217.931	0.256	-0.311	7.79337218334886e-08	1.0088689714288e-08	-1.00492307698944e-08
218.446	0.306	-0.258	8.97714819971195e-08	1.06547172028387e-08	-1.05962640832828e-08
219.075	0.262	-0.324	7.43626761895731e-08	9.51836919856054e-09	-9.48501390869251e-09
219.603	0.280	-0.266	7.87974485830156e-08	1.00900241444419e-08	-1.00510050355829e-08
220.152	0.298	-0.27	7.61624140599992e-08	9.56948449542052e-09	-9.50890132290716e-09
220.785	0.316	-0.335	8.60811175389807e-08	9.39275674649178e-09	-9.32901991084829e-09
221.409	0.319	-0.307	6.61978873456893e-08	8.38822744240388e-09	-8.35285352871579e-09
222.056	0.291	-0.328	6.52668321851989e-08	8.35540183886379e-09	-8.32501357070873e-09
222.697	0.375	-0.35	5.59238192928462e-08	7.0125533034254e-09	-6.98149037429905e-09
223.487	0.401	-0.414	4.99678579866103e-08	6.14244380938823e-09	-6.10685431549804e-09
224.363	0.451	-0.476	4.11126645834635e-08	5.39055248502368e-09	-5.36014328156898e-09
225.304	0.501	-0.49	3.89338519468462e-08	5.00540413691746e-09	-4.96706536665928e-09
226.217	0.321	-0.412	5.39880205925405e-08	6.74633730502996e-09	-6.6702509815709e-09
227.018	0.470	-0.48	4.06074081755714e-08	5.21138616541339e-09	-5.18018635049614e-09
227.994	0.651	-0.505	3.42193925206091e-08	4.26130468597426e-09	-4.22722387653589e-09
229.294	0.613	-0.648	3.08282740227606e-08	3.91295320243011e-09	-3.89037779944904e-09
230.290	0.332	-0.384	3.6023659334242e-08	4.66008672532338e-09	-4.61638768218453e-09
230.911	0.337	-0.29	2.6421186196689e-08	3.33685231771657e-09	-3.23293199551269e-09
231.673	0.433	-0.425	2.03650886498739e-08	2.64480829497608e-09	-2.49945560496653e-09
232.517	0.377	-0.412	2.09594533814752e-08	2.68128311814206e-09	-2.56871599956449e-09
233.274	0.356	-0.38	2.06495069054965e-08	2.70699543506879e-09	-2.62758479110644e-09
234.006	0.260	-0.375	2.32628402987012e-08	3.10125966320685e-09	-3.03707914299995e-09
234.581	0.385	-0.316	2.18992157869712e-08	2.8085459943611e-09	-2.74732471179426e-09
235.290	0.358	-0.323	2.23518908959604e-08	2.96251591372311e-09	-2.91691035095919e-09
236.035	0.352	-0.388	2.29848866146679e-08	2.90290815672286e-09	-2.84585007119437e-09
236.869	0.408	-0.482	1.96761514312697e-08	2.54355700394647e-09	-2.50056441184231e-09
237.992	0.652	-0.715	1.23358612345392e-08	1.58392855108598e-09	-1.54793825176119e-09
239.131	0.493	-0.487	1.66884887278418e-08	2.12361682139205e-09	-2.06764878533716e-09
240.179	0.489	-0.555	1.35882102117062e-08	1.71702889982276e-09	-1.66257682492588e-09
241.168	0.539	-0.5	1.10424811992587e-08	1.42796216391978e-09	-1.38831751336996e-09
242.156	0.444	-0.449	1.37121437027624e-08	1.71634141803749e-09	-1.6764188880009e-09
243.147	0.484	-0.546	1.30508554316181e-08	1.63563483373388e-09	-1.60460501967688e-09
244.268	0.681	-0.637	1.18659992250681e-08	1.50964947476597e-09	-1.47121621703317e-09
245.441	0.460	-0.492	1.06430650453896e-08	1.69595108100475e-09	-1.65577894774622e-09
246.378	0.318	-0.477	1.14066578774803e-08	1.3892824112104e-09	-1.38370681318454e-09
247.037	0.335	-0.341	1.04508719656822e-08	1.27678045556792e-09	-1.27678045556792e-09
247.711	0.257	-0.339	1.20615081365737e-08	1.51721456522082e-09	-1.51721456522082e-09
248.292	0.357	-0.324	1.02683315720991e-08	1.27287365722673e-09	-1.27287365722673e-09
248.944	0.300	-0.295	1.27867102506302e-08	1.58505540280313e-09	-1.58505540280313e-09
249.583	0.321	-0.34	9.92163093183267e-09	1.47760582604111e-09	-1.47760582604111e-09
250.235	0.322	-0.331	1.52090803905875e-08	1.88533477240129e-09	-1.88533618566394e-09
250.847	0.238	-0.29	9.85242353158964e-09	1.46871511381961e-09	-1.46871511381961e-09
251.323	0.266	-0.238	9.15467729036245e-09	1.34978645979433e-09	-1.34978645979433e-09
251.940	0.260	-0.352	7.57854555518113e-09	1.1297448279029e-09	-1.1297448279029e-09
252.422	0.280	-0.221	9.95880036433413e-09	1.45264298096536e-09	-1.45264298096536e-09
253.030	0.241	-0.328	9.06585134197716e-09	1.35145946045696e-09	-1.35145946045696e-09
253.571	0.256	-0.299	9.93406548792072e-09	1.48088527634027e-09	-1.48088527634027e-09
254.175	0.317	-0.348	8.75581987795433e-09	1.30524334623525e-09	-1.30524334623525e-09
254.779	0.253	-0.287	1.14171120939276e-08	1.70196523700348e-09	-1.70196523700348e-09
255.370	0.400	-0.339	7.96624141436744e-09	1.24047096153829e-09	-1.24047096153829e-09
256.157	0.331	-0.387	7.97127939835959e-09	1.18829041100325e-09	-1.18829041100325e-09
256.773	0.288	-0.285	9.56844080683627e-09	1.45767909585229e-09	-1.45767909585229e-09
257.450	0.329	-0.388	7.84411796163839e-09	1.19499186678933e-09	-1.19499198660201e-09
258.148	0.349	-0.37	8.16505368804103e-09	1.21717666714309e-09	-1.21717666714309e-09
258.845	0.282	-0.348	8.6703733380694e-09	1.29250561624691e-09	-1.29250561624691e-09
259.526	0.394	-0.399	6.10978187103418e-09	9.51390577538143e-10	-9.51390577538143e-10
260.257	0.393	-0.336	7.03801170502679e-09	1.04916682571345e-09	-1.04916693333924e-09
260.984	0.204	-0.335	1.04064535396164e-08	1.58534412817734e-09	-1.58534412817734e-09
261.469	0.328	-0.28	9.34650826185527e-09	1.42386966695347e-09	-1.42386966695347e-09
262.094	0.322	-0.297	7.70768416240733e-09	1.17420753378996e-09	-1.17420753378996e-09
262.706	0.327	-0.29	6.61778602636889e-09	9.8652282623004e-10	-9.8652282623004e-10
263.315	0.300	-0.282	6.64541483930512e-09	1.05793279151484e-09	-1.05793279151484e-09
263.945	0.291	-0.33	6.44341823335895e-09	9.81605447400154e-10	-9.81605447400154e-10
264.564	0.364	-0.328	8.77939747874029e-09	1.07257661919312e-09	-1.07257661919312e-09
265.240	0.318	-0.311	9.71195271322268e-09	1.18650715021433e-09	-1.18650715021433e-09
265.851	0.276	-0.293	1.05651689582498e-08	1.30966987673866e-09	-1.30966987673866e-09
266.421	0.212	-0.294	1.31905677332528e-08	1.53260132472777e-09	-1.53260215989098e-09
266.896	0.238	-0.264	1.40510281382796e-08	1.57023653515213e-09	-1.57023735333437e-09
267.376	0.317	-0.241	1.88144126579054e-08	2.37077562808898e-09	-2.35941641960979e-09
268.224	0.537	-0.531	1.41332000905595e-08	1.78112189025835e-09	-1.74963504626076e-09
269.091	0.363	-0.331	2.20110724464325e-08	2.745858964027e-09	-2.68994719831735e-09
269.852	0.322	-0.397	2.06932009331487e-08	2.68251385898695e-09	-2.63010039757101e-09
270.528	0.323	-0.354	2.22270004205337e-08	2.83505927352717e-09	-2.78769187875283e-09
271.136	0.341	-0.285	2.4595991602361e-08	3.06291667838506e-09	-3.00559572416554e-09
271.810	0.290	-0.332	2.42900950812391e-08	3.11207123229237e-09	-3.04708763804303e-09
272.394	0.245	-0.294	2.78153935467019e-08	3.60261907330846e-09	-3.53525194485806e-09
272.992	0.320	-0.353	2.27667112727232e-08	2.87386551911405e-09	-2.81860246121265e-09
273.692	0.360	-0.38	1.99489819286313e-08	2.62989616060538e-09	-2.56986646718563e-09
274.356	0.340	-0.304	2.37159901159311e-08	2.96908471943301e-09	-2.89885407168249e-09
275.121	0.418	-0.426	1.75005909727545e-08	2.27868980193124e-09	-2.22487712488607e-09
275.928	0.393	-0.389	1.95246599780992e-08	2.50388254883519e-09	-2.43156532655858e-09
276.751	0.409	-0.431	1.80268381963766e-08	2.31385632849812e-09	-2.26162061389079e-09
277.577	0.426	-0.417	1.82881775779495e-08	2.34446627938624e-09	-2.29424507547453e-09
278.520	0.450	-0.517	1.66140828579821e-08	2.16156446602385e-09	-2.08637730456526e-09
279.478	0.566	-0.509	1.5445432685956e-08	1.99894429913661e-09	-1.93881812723096e-09
280.569	0.539	-0.525	1.59753033343224e-08	2.05319225031221e-09	-2.00439185770135e-09
281.728	0.511	-0.621	1.60925044249989e-08	2.05365912752709e-09	-1.96983854261834e-09
282.774	0.511	-0.535	1.92790693069795e-08	2.47208437576672e-09	-2.37261132995276e-09
283.916	0.497	-0.631	1.5160999608188e-08	1.94235412667527e-09	-1.90279405221717e-09
284.655	0.294	-0.242	1.34491244451408e-08	1.69176328765414e-09	-1.69176328765414e-09
285.270	0.299	-0.322	1.1696782481628e-08	1.42899306717753e-09	-1.42899306717753e-09
285.834	0.278	-0.265	1.34928736392783e-08	1.67259154042927e-09	-1.67259258267355e-09
286.460	0.266	-0.347	1.3410373001569e-08	1.63834158016219e-09	-1.63834158016219e-09
287.021	0.216	-0.295	1.24450916360862e-08	1.83493146877119e-09	-1.83493146877119e-09
287.607	0.309	-0.371	1.03835039678319e-08	1.30613885568376e-09	-1.30613885568376e-09
288.156	0.262	-0.24	1.31001341628094e-08	1.56576978566884e-09	-1.56576978566884e-09
288.668	0.264	-0.25	9.93159577981206e-09	1.49328947978016e-09	-1.49328947978016e-09
289.250	0.286	-0.317	1.07438311997752e-08	1.43570808480711e-09	-1.43570808480711e-09
289.878	0.263	-0.342	7.70675776756835e-09	1.18581431942068e-09	-1.18581431942068e-09
290.417	0.264	-0.277	9.26450884933558e-09	1.38107433292662e-09	-1.38107433292662e-09
291.060	0.360	-0.379	8.55372813701356e-09	1.30309545985785e-09	-1.30309559442273e-09
291.762	0.259	-0.343	1.34783875522682e-08	2.00924332704222e-09	-2.00924332704222e-09
292.283	0.252	-0.262	1.41432562629324e-08	2.10835563555372e-09	-2.10835563555372e-09
292.759	0.284	-0.225	1.29456119416679e-08	1.92982140186214e-09	-1.92982140186214e-09
293.357	0.357	-0.313	1.1941724906318e-08	1.58060709785965e-09	-1.58060709785965e-09
294.098	0.284	-0.383	9.87543024531493e-09	1.47214445850776e-09	-1.47214445850776e-09
294.772	0.505	-0.39	7.79813668366849e-09	1.16247957149723e-09	-1.162479717823e-09
295.592	0.262	-0.316	1.24696808703094e-08	1.85887397323267e-09	-1.85887397323267e-09
296.242	0.390	-0.387	9.33859570060038e-09	1.42266386550236e-09	-1.42266402023251e-09
296.981	0.332	-0.349	1.15112296659433e-08	1.69724060626287e-09	-1.69724060626287e-09
297.908	0.576	-0.594	7.33186807905622e-09	1.14168869697034e-09	-1.14168888290055e-09
298.864	0.362	-0.38	1.38619345123682e-08	2.06641865151476e-09	-2.06641886719949e-09
299.788	0.552	-0.562	1.06537448959706e-08	1.58816925709826e-09	-1.58816950594683e-09
300.858	0.443	-0.518	1.28369100148642e-08	1.9136168567047e-09	-1.91361711535791e-09
301.849	0.613	-0.549	1.07111136421554e-08	1.596721331742e-09	-1.59672159272273e-09
303.048	0.654	-0.586	9.98261384695642e-09	1.52077513669082e-09	-1.52077540050525e-09
304.443	0.838	-0.741	8.07136806789428e-09	1.20321071644654e-09	-1.20321071644654e-09
305.976	0.943	-0.696	6.97446170032671e-09	1.06250624710336e-09	-1.06250649063374e-09
307.717	0.725	-0.798	6.70803815549608e-09	1.02191857123862e-09	-1.02191878890578e-09
309.273	1.036	-0.831	5.03403763283969e-09	7.5043133886201e-10	-7.50431535853226e-10
311.518	1.085	-1.21	3.53087117321788e-09	5.26352056012209e-10	-5.26352056012209e-10
314.060	1.250	-1.456	2.48003242920521e-09	3.77813994051256e-10	-3.77814137043457e-10
316.731	1.610	-1.421	1.84949684580482e-09	2.81756836952444e-10	-2.81756836952444e-10
319.645	1.378	-1.304	2.33689765132435e-09	3.63892362000619e-10	-3.63892362000619e-10
322.629	1.882	-1.605	1.5227166505139e-09	2.91438360709421e-10	-2.91438360709421e-10
326.431	1.873	-1.92	2.50459630637251e-09	3.85374523250707e-10	-3.85374523250707e-10
330.343	1.945	-2.039	1.30142876419504e-09	2.37607642290925e-10	-2.37607642290925e-10
334.272	1.997	-1.985	1.56040083710801e-09	2.37715227153893e-10	-2.37715227153893e-10
338.073	2.180	-1.804	1.19064040535693e-09	2.00981409986556e-10	-2.00981409986556e-10
342.286	1.583	-2.034	1.0742474342378e-09	1.96130121786562e-10	-1.96130121786562e-10
346.099	2.403	-2.23	7.92065256479885e-10	1.54433761878928e-10	-1.54433761878928e-10
350.975	2.938	-2.472	6.45605453755944e-10	1.34693031048077e-10	-1.34693031048077e-10

## XRT - xrtpcflux
368.194	8.427	-9.124	3.88913043489975e-10	8.76019810303865e-11	-8.76019810303865e-11
391.544	15.165	-14.922	2.10825631209291e-10	4.73144509678296e-11	-4.73144509678296e-11
422.818	13.979	-16.109	2.03932541896863e-10	4.46566968776238e-11	-4.46566968776238e-11
455.087	19.319	-18.291	1.40507525809376e-10	3.16490810321359e-11	-3.16490810321359e-11
499.715	29.852	-25.308	9.63479035260067e-11	2.17022052195556e-11	-2.17022052195556e-11
566.807	45.502	-37.239	6.41474756013898e-11	1.45023237675018e-11	-1.45023237675018e-11
652.071	55.515	-39.762	5.46020543708307e-11	1.24590136795866e-11	-1.24590136795866e-11
769.708	45.693	-62.121	4.82128980641159e-11	1.08399782496817e-11	-1.08399782496817e-11
922.057	141.564	-106.657	3.97354833162233e-11	6.51465453837944e-12	-6.51465453837944e-12
4506.564	44.713	-55.58	2.34602287319467e-11	5.26644611037441e-12	-5.26644611037441e-12
4621.929	34.654	-70.653	2.28391461879262e-11	5.1337367788874e-12	-5.1337367788874e-12
4686.250	43.046	-29.666	3.38062041122221e-11	7.5790429574659e-12	-7.5790429574659e-12
4798.326	68.872	-69.03	1.78488213168946e-11	3.99111695814564e-12	-3.99111695814564e-12
4921.544	35.917	-54.346	2.53925582211265e-11	5.71516901024675e-12	-5.71516901024675e-12
5028.058	79.843	-70.596	1.46822572117999e-11	3.30891190019515e-12	-3.30891190019515e-12
5159.096	41.575	-51.195	2.44030038199942e-11	5.49244822473756e-12	-5.49244822473756e-12
5253.971	59.529	-53.3	2.0330229865057e-11	4.58178258078545e-12	-4.58178258078545e-12
5373.128	45.679	-59.628	2.36846163091463e-11	5.33075863725395e-12	-5.33075863725395e-12
5473.625	58.011	-54.818	2.32595920370687e-11	5.25576522720526e-12	-5.25576522720526e-12
5580.952	45.962	-49.316	2.40095363204522e-11	5.38975703610979e-12	-5.38975703610979e-12
5672.267	44.911	-45.352	2.39051755292361e-11	5.24255057715528e-12	-5.24255057715528e-12
5745.737	31.616	-28.56	3.42381143293181e-11	7.67587225520572e-12	-7.67587225520572e-12
5827.426	47.712	-50.073	2.12778706047941e-11	4.75787530147237e-12	-4.75787530147237e-12
5944.236	48.745	-69.099	1.75790256282217e-11	3.96175062782205e-12	-3.96175062782205e-12
6046.350	49.431	-53.369	2.1498661658368e-11	4.61632827626419e-12	-4.61632827626419e-12
6137.483	38.532	-41.702	2.54071621947315e-11	5.68862396107446e-12	-5.68862396107446e-12
6237.936	55.923	-61.921	2.08500958351665e-11	4.56685889691909e-12	-4.56685889691909e-12
6334.924	49.198	-41.065	2.9090286674118e-11	6.53030445056019e-12	-6.53030445056019e-12
6442.948	41.466	-58.827	2.89994178886872e-11	6.13010632101689e-12	-6.13010632101689e-12
6532.367	49.832	-47.953	2.40148831478135e-11	5.37689506225321e-12	-5.37689506225321e-12
6644.448	38.044	-62.249	2.07513596533221e-11	4.67669401492139e-12	-4.67669401492139e-12
6781.011	59.430	-98.519	1.7869922320344e-11	3.46245183387311e-12	-3.46245183387311e-12
21991.599	101.669	-149.062	1.06497261775505e-11	2.77398682518241e-12	-2.77398682518241e-12
22207.058	134.433	-113.79	1.08879909204317e-11	2.83604817111672e-12	-2.83604817111672e-12
22482.376	99.817	-140.885	9.75567657929454e-12	2.54672057565936e-12	-2.54672057565936e-12
22713.541	106.847	-131.348	9.03197508462528e-12	2.27195296312948e-12	-2.27195296312948e-12
22935.899	85.074	-115.511	8.68595589239715e-12	2.25501985951165e-12	-2.25501985951165e-12
23107.906	111.143	-86.934	1.12171429867292e-11	2.52685830340205e-12	-2.52685830340205e-12
23360.116	114.679	-141.066	6.69765819476546e-12	1.74073605268149e-12	-1.74073605268149e-12
23557.545	122.849	-82.75	8.479952268692e-12	2.20881540859014e-12	-2.20881540859014e-12
23858.938	310.076	-178.544	6.51680290035425e-12	1.30940040744101e-12	-1.30940040744101e-12
46035.927	379.466	-210.922	5.94175118771753e-12	1.54687309291759e-12	-1.54687309291759e-12
46785.248	481.058	-369.855	2.59771517977187e-12	6.6089136462806e-13	-6.6089136462806e-13
51304.402	188.785	-260.025	4.41828116806949e-12	1.15172462976496e-12	-1.15172462976496e-12
51880.452	332.334	-387.265	2.95748573142853e-12	7.48949375066967e-13	-7.48949375066967e-13
52556.249	496.374	-343.463	3.87409997188867e-12	8.25690281199343e-13	-8.25690281199343e-13
57458.797	415.802	-439.192	2.50401246083073e-12	6.60221044903131e-13	-6.60221044903131e-13
58264.772	555.092	-390.174	3.17264247407607e-12	7.27673331534101e-13	-7.27673331534101e-13
62704.434	331.324	-323.086	3.14405530090406e-12	8.24204676622832e-13	-8.24204676622832e-13
63323.175	356.962	-287.417	3.08729999927391e-12	8.09889558133212e-13	-8.09889558133212e-13
64154.236	433.537	-474.098	2.80270165390474e-12	6.39508418834707e-13	-6.39508418834707e-13
68397.845	226.231	-262.696	3.19452505122002e-12	8.35826277838109e-13	-8.35826277838109e-13
69058.120	338.209	-434.044	1.95561983993179e-12	5.14201947152378e-13	-5.14201947152378e-13
69882.995	473.622	-486.666	1.76571035882291e-12	4.40638709419986e-13	-4.40638709419986e-13
105188.399	3523.988	-1949.398	9.65688676362885e-13	2.56641249123535e-13	-2.56641249123535e-13
109713.139	1105.378	-1000.752	1.15122092769191e-12	2.94706240256974e-13	-2.94706240256974e-13
138285.626	6991.177	-5379.626	9.19152014404322e-13	2.24240445836171e-13	-2.24240445836171e-13
166231.094	13727.348	-16065.462	5.90524039817914e-13	1.41995896162153e-13	-1.41995896162153e-13
201288.384	24328.446	-16383.362	3.6366935739282e-13	9.28236193736317e-14	-9.28236193736317e-14
318288.327	39150.122	-59222.047	3.07582760477502e-13	6.89624390490635e-14	-6.89624390490635e-14
