## BAT - batSNR4flux
15.4809999990126	15.4799999999998	-15.4799999999998	3.79113509963117e-09	7.47259508929037e-10	-7.47259508929037e-10
36.1209999989541	5.15999999999998	-5.15999999999998	5.0397350336894e-09	1.11501603879181e-09	-1.11501603879181e-09
135.040999997854	0.4	-0.4	3.2450004810454e-08	7.94312861069149e-09	-7.94312861069149e-09
135.460999984741	0.02	-0.02	1.36474109656123e-07	3.40851210872695e-08	-3.40851210872695e-08
136.140999999119	0.66	-0.66	3.29101566116922e-08	6.25733090139357e-09	-6.25733090139357e-09
137.460999999191	0.66	-0.66	2.35580084043584e-08	5.28121187520646e-09	-5.28121187520646e-09
138.180999993483	0.06	-0.06	6.59717461163081e-08	1.55125689667501e-08	-1.55125689667501e-08
138.361000000636	0.12	-0.12	3.77967647033986e-08	1.07881772444575e-08	-1.07881772444575e-08
138.601000000238	0.12	-0.12	4.6140852120125e-08	1.05553342264785e-08	-1.05553342264785e-08
138.901000002225	0.18	-0.18	2.98481018760952e-08	8.15266904184006e-09	-8.15266904184006e-09
139.260999996662	0.18	-0.18	3.00843974722736e-08	7.48441996983551e-09	-7.48441996983551e-09
139.501000006199	0.06	-0.06	5.00297246127819e-08	1.24756341522064e-08	-1.24756341522064e-08
139.720999997556	0.16	-0.16	2.70369491001243e-08	7.54473949635252e-09	-7.54473949635252e-09
140.040999997854	0.16	-0.16	2.89993864953281e-08	6.97704412857087e-09	-6.97704412857087e-09
140.28099999249	0.08	-0.08	3.94247165878299e-08	9.60984516422318e-09	-9.60984516422318e-09
140.601000000238	0.24	-0.24	1.9901166630774e-08	5.24286180347422e-09	-5.24286180347422e-09
140.921000007987	0.08	-0.08	3.78394384790915e-08	8.72979192253469e-09	-8.72979192253469e-09
141.140999991894	0.14	-0.14	2.91114929500354e-08	6.42461269869501e-09	-6.42461269869501e-09
141.50100000078	0.22	-0.22	1.19870337943676e-08	4.60496467731757e-09	-4.60496467731757e-09
141.940999998396	0.22	-0.22	1.80138730923497e-08	4.36311185362122e-09	-4.36311185362122e-09
142.420999999963	0.26	-0.26	7.78348281954822e-09	3.64108584674693e-09	-3.64108584674693e-09
142.800999998252	0.12	-0.12	2.26650459211961e-08	5.18618415309722e-09	-5.18618415309722e-09
143.160999997656	0.24	-0.24	1.62175361698005e-08	3.33898045276813e-09	-3.33898045276813e-09
143.641000001828	0.24	-0.24	9.37286205919368e-09	3.34287243846955e-09	-3.34287243846955e-09
143.960999999642	0.08	-0.08	3.03046380829377e-08	7.51646995333326e-09	-7.51646995333326e-09
144.180999996322	0.14	-0.14	2.75502175290655e-08	6.7045619348058e-09	-6.7045619348058e-09
144.880999999302	0.56	-0.56	2.35292916891093e-08	5.53485270019096e-09	-5.53485270019096e-09
146.000999999813	0.56	-0.56	5.61765768890054e-08	1.28122668347149e-08	-1.28122668347149e-08
146.740999995867	0.18	-0.18	1.51502497785258e-07	3.51142540134664e-08	-3.51142540134664e-08
147.040999997854	0.12	-0.12	1.93574323921363e-07	4.77636017070214e-08	-4.77636017070214e-08
147.181000013351	0.02	-0.02	5.40895582823368e-07	1.16661022494708e-07	-1.16661022494708e-07
148.100999996927	0.18	-0.18	2.12525106798177e-07	5.28157608050816e-08	-5.28157608050816e-08
148.780999999046	0.5	-0.5	1.84645060729474e-07	3.78549998840567e-08	-3.78549998840567e-08
149.780999999046	0.5	-0.5	1.80965671363481e-07	5.04765003505979e-08	-5.04765003505979e-08
150.421000005858	0.14	-0.14	5.17076812409154e-07	1.16509699064477e-07	-1.16509699064477e-07
152.180999998635	1.62	-1.62	3.48012643833572e-07	6.41755470336188e-08	-6.41755470336188e-08
154.340999999841	0.54	-0.54	1.34512487873392e-06	2.70246285995047e-07	-2.70246285995047e-07
155.420999998605	0.54	-0.54	1.84932287475202e-06	4.10389925852331e-07	-4.10389925852331e-07
156.500999999576	0.54	-0.54	2.5870095734403e-06	6.3755488381888e-07	-6.3755488381888e-07
157.220999995073	0.18	-0.18	6.63297845632823e-06	1.51386289349441e-06	-1.51386289349441e-06
158.400999999047	1	-1	1.93677527544368e-06	5.01842781525095e-07	-5.01842781525095e-07
159.900999999046	0.5	-0.5	1.43017315496467e-06	3.4748501905328e-07	-3.4748501905328e-07
160.920999999963	0.52	-0.52	6.81483386825677e-07	2.11097103231218e-07	-2.11097103231218e-07
161.521000002027	0.08	-0.08	1.80798285602365e-06	4.14886685617243e-07	-4.14886685617243e-07
162.100999994278	0.1	-0.1	1.12971961445241e-06	2.79586610174595e-07	-2.79586610174595e-07
163.280999998561	1.08	-1.08	1.81690165684605e-07	4.86990632792619e-08	-4.86990632792619e-08
164.481000005404	0.12	-0.12	4.12407683872374e-07	1.02210577883292e-07	-1.02210577883292e-07
165.080999999444	0.48	-0.48	2.33018182995862e-07	4.99545748276033e-08	-4.99545748276033e-08
166.100999999135	0.54	-0.54	1.98534086867169e-07	4.80054857139403e-08	-4.80054857139403e-08
169.480999998828	2.84	-2.84	8.16768662068878e-08	2.11793501722937e-08	-2.11793501722937e-08
175.160999999265	2.84	-2.84	1.02074192452861e-07	2.19780568242277e-08	-2.19780568242277e-08
186.60099999899	8.59999999999991	-8.59999999999991	1.6526264959864e-08	5.91068755159418e-09	-5.91068755159418e-09
195.381000001431	0.18	-0.18	1.55146660954757e-08	3.79742462394461e-09	-3.79742462394461e-09
197.080999998921	1.52	-1.52	2.99938761488823e-09	8.06112123856043e-10	-8.06112123856043e-10
198.700999994278	0.1	-0.1	8.51091452752257e-09	2.08899765836884e-09	-2.08899765836884e-09
199.001000000238	0.2	-0.2	4.79753880764712e-09	1.34986090971122e-09	-1.34986090971122e-09
199.300999994278	0.1	-0.1	7.50111099629864e-09	1.79754088177148e-09	-1.79754088177148e-09
199.541000002112	0.14	-0.14	3.90355314101588e-09	1.44671678016379e-09	-1.44671678016379e-09
199.841000002325	0.16	-0.16	5.76393239159318e-09	1.22582523518391e-09	-1.22582523518391e-09
200.120999991099	0.12	-0.12	5.71677537615131e-09	1.35381713866931e-09	-1.35381713866931e-09
200.300999998252	0.06	-0.06	8.39941029424385e-09	1.81862805082916e-09	-1.81862805082916e-09
200.461000008583	0.1	-0.1	3.70678325482862e-09	1.3973895205658e-09	-1.3973895205658e-09
200.660999996662	0.1	-0.1	5.54636220433227e-09	1.31009396957584e-09	-1.31009396957584e-09
200.960999996662	0.2	-0.2	3.30127082197149e-09	9.1491477813524e-10	-9.1491477813524e-10
201.241000000834	0.08	-0.08	1.03270586444617e-08	2.32932287232944e-09	-2.32932287232944e-09
201.561000008583	0.08	-0.08	1.58388503268967e-08	3.9045806535448e-09	-3.9045806535448e-09
201.720999990106	0.08	-0.08	2.20094943520178e-08	5.19324168778139e-09	-5.19324168778139e-09
201.881000001431	0.08	-0.08	2.34161986910223e-08	6.4195586169113e-09	-6.4195586169113e-09
202.060999996662	0.1	-0.1	3.25574169096318e-08	8.09959429615126e-09	-8.09959429615126e-09
202.241000000834	0.08	-0.08	5.71524457998703e-08	1.20522904672206e-08	-1.20522904672206e-08
202.360999990702	0.04	-0.04	8.47688008780882e-08	1.76551527645056e-08	-1.76551527645056e-08
202.641000001828	0.24	-0.24	3.48684748498483e-08	6.36990413090844e-09	-6.36990413090844e-09
203.000999996265	0.12	-0.12	2.88933705818764e-08	7.05793195132751e-09	-7.05793195132751e-09
203.161000002623	0.04	-0.04	5.22395391678907e-08	1.13415611600013e-08	-1.13415611600013e-08
203.300999994278	0.1	-0.1	2.00555626667284e-08	7.04231792538939e-09	-7.04231792538939e-09
203.501000006199	0.1	-0.1	4.13042620003478e-08	8.9165402301673e-09	-8.9165402301673e-09
203.801000000238	0.2	-0.2	2.7033661131695e-08	8.7134888545589e-09	-8.7134888545589e-09
204.020999987125	0.02	-0.02	1.47937119627215e-07	3.25133092196976e-08	-3.25133092196976e-08
204.120999996066	0.08	-0.08	8.33064750749999e-08	1.92103475795072e-08	-1.92103475795072e-08
204.360999998152	0.16	-0.16	6.35263732301373e-08	1.70889566222118e-08	-1.70889566222118e-08
204.601000000238	0.08	-0.08	1.29015569588542e-07	3.21435260537137e-08	-3.21435260537137e-08
204.841000002325	0.16	-0.16	1.14841224512719e-07	2.84684963035503e-08	-2.84684963035503e-08
205.160999995172	0.16	-0.16	1.4071936376249e-07	3.70456296062014e-08	-3.70456296062014e-08
205.360999990702	0.04	-0.04	3.92070854468422e-07	9.29893566604653e-08	-9.29893566604653e-08
205.561000001132	0.16	-0.16	2.47215292506862e-07	5.4622110568462e-08	-5.4622110568462e-08
205.881000001431	0.16	-0.16	3.16566618609231e-07	7.49469585564001e-08	-7.49469585564001e-08
206.160999992689	0.12	-0.12	3.20428542211089e-07	7.85955087789848e-08	-7.85955087789848e-08
206.320999999046	0.04	-0.04	4.74741470509964e-07	1.1284341373021e-07	-1.1284341373021e-07
206.601000000238	0.24	-0.24	1.90803264635582e-07	3.56461882851059e-08	-3.56461882851059e-08
206.901000002225	0.06	-0.06	2.48754498894435e-07	5.40303283845278e-08	-5.40303283845278e-08
207.021000006994	0.06	-0.06	1.78568052332541e-07	4.44127175456837e-08	-4.44127175456837e-08
207.18099998951	0.1	-0.1	7.04043788771277e-08	2.95450516090112e-08	-2.95450516090112e-08
207.30100001812	0.02	-0.02	2.38552881612109e-07	5.88252582750351e-08	-5.88252582750351e-08
207.601000000238	0.28	-0.28	5.78799907177815e-08	1.39234940972882e-08	-1.39234940972882e-08
207.920999993086	0.04	-0.04	1.72987691209027e-07	3.45483040269792e-08	-3.45483040269792e-08
208.080999999444	0.12	-0.12	7.54351040575284e-08	1.75488695620162e-08	-1.75488695620162e-08
208.260999996662	0.06	-0.06	9.37030821017545e-08	2.26029599328755e-08	-2.26029599328755e-08
208.381000001431	0.06	-0.06	1.00806434221799e-07	2.27620445697124e-08	-2.27620445697124e-08
208.580999998025	0.14	-0.14	4.2796846591912e-08	1.37814862719443e-08	-1.37814862719443e-08
208.861000003474	0.14	-0.14	5.03265981810711e-08	1.24035338460808e-08	-1.24035338460808e-08
209.040999997854	0.04	-0.04	8.86543037474807e-08	2.08772761083866e-08	-2.08772761083866e-08
209.18099998951	0.1	-0.1	4.42547336814459e-08	1.40745155119301e-08	-1.40745155119301e-08
209.381000001431	0.1	-0.1	6.45076308036273e-08	1.31312658938078e-08	-1.31312658938078e-08
209.601000000238	0.12	-0.12	4.06254427814506e-08	1.11354496975151e-08	-1.11354496975151e-08
209.801000003219	0.08	-0.08	5.3727865256385e-08	1.32922101047806e-08	-1.32922101047806e-08
210.02099999564	0.14	-0.14	3.16870771081115e-08	9.25358460265797e-09	-9.25358460265797e-09
210.220999995073	0.06	-0.06	5.3335194167567e-08	1.31864010060984e-08	-1.31864010060984e-08
210.481000001431	0.2	-0.2	2.06479223875131e-08	5.80015629352513e-09	-5.80015629352513e-09
210.781000001431	0.1	-0.1	2.79676012968217e-08	6.60609686163706e-09	-6.60609686163706e-09
211.360999998152	0.16	-0.16	1.46700584387688e-08	3.25969228718215e-09	-3.25969228718215e-09
211.701000000901	0.18	-0.18	9.43576320014478e-09	2.53223844075668e-09	-2.53223844075668e-09
211.981000001431	0.1	-0.1	1.08923679872395e-08	2.56715444301892e-09	-2.56715444301892e-09
212.620999997722	0.54	-0.54	4.48483532699467e-09	1.08153788731727e-09	-1.08153788731727e-09
214.240999999179	1.08	-1.08	5.91160144469618e-09	1.24137439810154e-09	-1.24137439810154e-09
215.860999998428	0.54	-0.54	1.25555794605704e-08	2.75700190979167e-09	-2.75700190979167e-09
217.540999999423	1.14	-1.14	1.18545989496957e-08	3.17836561994861e-09	-3.17836561994861e-09
218.721000005007	0.04	-0.04	1.03087168445241e-07	2.36828300854548e-08	-2.36828300854548e-08
220.96099999883	2.2	-2.2	2.61667706240315e-08	4.56635444607452e-09	-4.56635444607452e-09
223.381000001431	0.22	-0.22	6.53894922492639e-08	1.58635521545879e-08	-1.58635521545879e-08
224.140999998517	0.54	-0.54	3.65158800110693e-08	1.05382251149946e-08	-1.05382251149946e-08
225.220999999488	0.54	-0.54	4.44744315546297e-08	1.09197001938954e-08	-1.09197001938954e-08
228.46099999887	2.7	-2.7	1.81021578121795e-08	5.73043229791118e-09	-5.73043229791118e-09
231.700999998693	0.54	-0.54	6.05299548730372e-08	1.49843546205773e-08	-1.49843546205773e-08
237.70099999908	5.45999999999997	-5.45999999999997	2.56477129242716e-08	6.08733258034133e-09	-6.08733258034133e-09
243.361000002623	0.2	-0.2	1.67576247011469e-07	4.14615034452825e-08	-4.14615034452825e-08
268.760999999028	25.1999999999996	-25.1999999999996	1.1424798919386e-08	4.82572082812023e-09	-4.82572082812023e-09
319.160999999031	25.1999999999996	-25.1999999999996	1.36937987971102e-08	6.76979026164183e-09	-6.76979026164183e-09
369.56099999908	25.1999999999996	-25.1999999999996	4.16349834856198e-08	1.10032617313698e-08	-1.10032617313698e-08
395.960999998649	1.2	-1.2	3.52224607266524e-06	7.40895336785162e-07	-7.40895336785162e-07
398.500999999082	1.34	-1.34	2.39221214052451e-06	9.24188975945935e-07	-9.24188975945935e-07
401.200999999538	1.36	-1.36	4.9402345241817e-06	1.20822330267117e-06	-1.20822330267117e-06
403.060999999047	0.5	-0.5	1.05225781166399e-05	2.40098327703542e-06	-2.40098327703542e-06
405.180999998635	1.62	-1.62	3.62941962601303e-06	1.6482360067587e-06	-1.6482360067587e-06
407.340999999841	0.54	-0.54	1.43746525338956e-05	3.57247437831953e-06	-3.57247437831953e-06

## XRT - xrtwtflux
321.322	1.136	-1.293	1.72915747693891e-09	2.62696834103345e-10	-2.62704691532988e-10
323.574	1.282	-1.116	1.71317974815982e-09	2.60268667197094e-10	-2.60275415469908e-10
326.321	1.426	-1.465	1.38411860674813e-09	2.10278716009137e-10	-2.10285704431465e-10
329.174	0.801	-1.427	1.78581592365245e-09	2.66225417733899e-10	-2.66241151306492e-10
331.692	1.233	-1.717	1.35632294088773e-09	2.0220846504872e-10	-2.02229920312445e-10
334.537	1.090	-1.612	1.47692303911397e-09	2.20216901247931e-10	-2.20262123397302e-10
337.229	1.508	-1.602	1.2390897921448e-09	1.91949179543711e-10	-1.9201068344688e-10
339.970	1.510	-1.233	1.43754993622623e-09	2.14454275247724e-10	-2.14566315580719e-10
343.093	1.414	-1.612	1.27666616362808e-09	2.01742847159756e-10	-2.01880764112359e-10
345.724	1.179	-1.218	1.66947125094504e-09	2.49231583621199e-10	-2.49468292422728e-10
348.599	1.998	-1.696	1.08357360576123e-09	1.61850271216446e-10	-1.62061307179957e-10
352.501	1.657	-1.904	1.12482936187724e-09	1.71343615962378e-10	-1.71664037151551e-10
355.766	1.300	-1.607	1.37019505511077e-09	2.12846146838526e-10	-2.13342947607022e-10
357.870	0.900	-0.804	2.49620744706227e-09	3.80610892195388e-10	-3.81674343768926e-10
359.296	0.326	-0.527	5.47292868393306e-09	8.67020027404453e-10	-8.69402641123937e-10
360.091	0.399	-0.469	6.00348282491801e-09	8.98768335970727e-10	-9.01837432670385e-10
360.910	0.331	-0.42	7.33429190567214e-09	1.11860570377071e-09	-1.12205942512885e-09
361.597	0.305	-0.355	1.32253140053874e-08	1.64571620747259e-09	-1.6529629825978e-09
362.224	0.323	-0.322	1.41219883776869e-08	1.73659214160205e-09	-1.74579523410573e-09
362.813	0.298	-0.266	1.6175622924611e-08	2.01461954578282e-09	-2.02549207552989e-09
363.379	0.238	-0.268	2.02458868025479e-08	2.41373108717682e-09	-2.42689551645508e-09
363.870	0.248	-0.253	2.32250797102016e-08	2.6272902116375e-09	-2.64286923186775e-09
364.378	0.254	-0.26	2.6366484000669e-08	2.83294303427873e-09	-2.85072001862316e-09
364.867	0.374	-0.234	2.32073933153273e-08	2.85450457584884e-09	-2.87039272197783e-09
365.876	0.594	-0.635	3.29778192068946e-08	4.96331366670883e-09	-5.46316072497651e-09
367.092	0.659	-0.622	2.86999083917663e-08	4.77780280460131e-09	-5.28136974271005e-09
368.309	0.470	-0.558	3.35568508093423e-08	6.0800132856605e-09	-5.99523479748175e-09
369.331	0.642	-0.551	2.70225030551608e-08	4.49153864119704e-09	-4.94918709169819e-09
370.597	0.568	-0.624	2.67675431214314e-08	4.56984935256441e-09	-4.86470560193632e-09
371.610	0.469	-0.445	3.40740466299918e-08	6.9015991601331e-09	-5.97794639969997e-09
372.874	0.647	-0.794	2.10760474089874e-08	3.99537184950167e-09	-3.82402849443391e-09
373.963	0.447	-0.443	3.54530775126264e-08	5.71124730520414e-09	-6.49684929985829e-09
374.952	0.417	-0.542	3.29345916653842e-08	5.52914634641262e-09	-5.97123753209142e-09
375.985	0.498	-0.616	2.83914935486852e-08	5.27756904932966e-09	-5.00091685341944e-09
377.002	0.454	-0.519	3.2264756935296e-08	5.99786291793222e-09	-5.72200156682412e-09
378.052	0.404	-0.596	3.0529825490177e-08	5.94975909008754e-09	-5.41643269122456e-09
378.844	0.438	-0.388	3.63999358291256e-08	6.82562184662225e-09	-6.48406366332402e-09
379.741	0.433	-0.46	3.35731328972322e-08	5.96257688501728e-09	-5.95167712525891e-09
380.711	0.483	-0.536	2.7836218243675e-08	4.81019537977933e-09	-5.0764270094297e-09
381.758	0.506	-0.564	2.60017733171927e-08	4.30336003000181e-09	-4.76818101806265e-09
382.745	0.415	-0.481	3.02026130457625e-08	4.86476145568931e-09	-5.58263212834591e-09
383.723	0.511	-0.563	2.39302535741438e-08	3.82534920913858e-09	-4.52983022760586e-09
384.660	0.455	-0.425	3.18890752557653e-08	4.98321916186167e-09	-5.92540603615174e-09
385.499	0.313	-0.384	4.48761032229466e-08	7.08600585086452e-09	-7.85585216594347e-09
386.184	0.362	-0.371	4.38445190806249e-08	7.36671976518557e-09	-7.59420100080943e-09
386.998	0.530	-0.452	4.6585367947936e-08	8.08828188323605e-09	-7.47504821976224e-09
387.965	0.610	-0.438	5.72422391583638e-08	7.22244443185652e-09	-7.12900207298994e-09
389.048	0.462	-0.472	6.11440508588826e-08	7.86851428387149e-09	-7.75126442653896e-09
389.923	0.572	-0.413	5.51090013812165e-08	7.29679966174069e-09	-7.17932787581479e-09
390.892	0.469	-0.397	6.24674768782811e-08	8.1439818632244e-09	-7.98788748732196e-09
391.840	0.393	-0.478	6.04140035872873e-08	8.32820063105586e-09	-8.16737177893062e-09
392.612	0.372	-0.378	7.40309125521385e-08	9.84695365312873e-09	-9.64742391252448e-09
393.380	0.323	-0.396	7.72668463247569e-08	1.03378109099583e-08	-1.01547245491547e-08
394.105	0.409	-0.402	1.04158029276043e-07	1.14829050675752e-08	-1.12146949318942e-08
394.913	0.375	-0.399	1.11613934947062e-07	1.19094748815937e-08	-1.16537936471417e-08
395.693	0.472	-0.405	9.89230763730595e-08	1.04119195717187e-08	-1.0211182476289e-08
396.499	0.348	-0.333	1.26502755442828e-07	1.3110851215942e-08	-1.28922336197583e-08
397.259	0.385	-0.412	1.02840776020002e-07	1.11417916978091e-08	-1.10030802811136e-08
397.989	0.352	-0.346	1.15867625271975e-07	1.21587843032543e-08	-1.20237918931085e-08
398.754	0.366	-0.413	9.70839775106802e-08	1.05534478842322e-08	-1.04537364719663e-08
399.483	0.346	-0.362	1.05655832003665e-07	1.12033050287464e-08	-1.11038732942034e-08
400.188	0.389	-0.36	1.01228292213693e-07	1.07918309579434e-08	-1.07076130515292e-08
400.908	0.338	-0.331	1.15601531225959e-07	1.23159923409211e-08	-1.22341554676452e-08
401.646	0.298	-0.399	1.14276713604524e-07	1.20255953313192e-08	-1.19511381769883e-08
402.286	0.407	-0.342	1.23008031840859e-07	1.31412053737287e-08	-1.30561862950775e-08
403.049	0.423	-0.356	1.20424343098829e-07	1.28643285504465e-08	-1.27786280657033e-08
403.891	0.473	-0.419	1.0460582426607e-07	1.1178946068884e-08	-1.11001445801265e-08
404.744	0.442	-0.38	1.13253989671894e-07	1.20370513922041e-08	-1.19466383846333e-08
405.560	0.314	-0.374	1.37074126572847e-07	1.40864085209951e-08	-1.39672181799539e-08
406.278	0.401	-0.404	1.14084260342983e-07	1.17926125114335e-08	-1.16856793975434e-08
406.985	0.357	-0.306	1.28042915580733e-07	1.4214504101759e-08	-1.40885470372554e-08
407.764	0.357	-0.422	1.12925783826545e-07	1.20463032976887e-08	-1.19141857256263e-08
408.506	0.390	-0.385	1.15451732141777e-07	1.21273836988544e-08	-1.19682790620909e-08
409.339	0.407	-0.442	1.06904098232881e-07	1.11514245455515e-08	-1.09553828721985e-08
410.046	0.332	-0.301	1.41077049957588e-07	1.48609240570519e-08	-1.45446422956747e-08
410.781	0.399	-0.402	1.10103149387623e-07	1.17132941894699e-08	-1.14270614830423e-08
411.573	0.389	-0.394	1.10299925155555e-07	1.16935451711904e-08	-1.14483715420076e-08
412.402	0.405	-0.44	9.83790450062336e-08	1.06904045489817e-08	-1.05232240819661e-08
413.222	0.400	-0.415	1.01937956257611e-07	1.104590046401e-08	-1.0909885189468e-08
414.118	0.465	-0.496	8.84249052659457e-08	9.33620397707446e-09	-9.25442462402811e-09
415.074	0.395	-0.491	9.62294266004451e-08	1.01843730178344e-08	-1.01350875575255e-08
415.957	0.483	-0.488	8.80393679875874e-08	9.40466891236637e-09	-9.3910252484938e-09
416.912	0.508	-0.472	8.65333486449481e-08	9.11671927601142e-09	-9.13246854710819e-09
417.833	0.388	-0.413	1.02702240921165e-07	1.09292717665606e-08	-1.09797258714084e-08
418.672	0.487	-0.451	8.84697365385361e-08	9.13774144466149e-09	-9.19379268437052e-09
419.615	0.426	-0.457	9.36916743781689e-08	9.62681196202872e-09	-9.68284732272344e-09
420.542	0.495	-0.501	7.22930068828374e-08	8.22294345528635e-09	-8.25866139856519e-09
421.450	0.443	-0.413	9.81560729299011e-08	1.00405677542186e-08	-1.00902598947569e-08
422.344	0.460	-0.451	8.90108297064038e-08	9.54432712042045e-09	-9.58484995987946e-09
423.300	0.560	-0.495	7.67465389050331e-08	8.18400049787437e-09	-8.21672291457473e-09
424.224	0.407	-0.365	7.07973099524121e-08	9.06991256641034e-09	-9.09313593913443e-09
425.109	0.521	-0.477	8.092105348867e-08	8.73911056156927e-09	-8.76782224154573e-09
426.058	0.317	-0.429	7.30174732716555e-08	9.35994697737925e-09	-9.37962051737029e-09
426.704	0.391	-0.329	7.31412277358721e-08	9.719782605558e-09	-9.73798635912578e-09
427.524	0.394	-0.428	6.37270582897358e-08	8.39136200749487e-09	-8.40650126219046e-09
428.269	0.390	-0.352	7.33947879507866e-08	9.41188938275094e-09	-9.42889869205485e-09
429.156	0.461	-0.496	5.38220780282076e-08	7.55632547128208e-09	-7.56697316461184e-09
430.080	0.474	-0.464	5.73424811957017e-08	7.55378228514211e-09	-7.56497576341507e-09
430.995	0.491	-0.441	5.69312349728547e-08	7.50108948290663e-09	-7.51103887785251e-09
431.878	0.471	-0.392	6.39092857467635e-08	7.99327948462454e-09	-8.00112981092828e-09
432.824	0.465	-0.474	5.5972678476154e-08	7.38501157626086e-09	-7.38288671044264e-09
433.840	0.534	-0.552	5.04381580886457e-08	6.49012168173517e-09	-6.47153659978114e-09
434.828	0.505	-0.454	5.92862049477811e-08	7.57408191863934e-09	-7.53280151351213e-09
435.920	0.566	-0.587	4.96640092366434e-08	6.35573016473735e-09	-6.30425111613978e-09
437.072	0.594	-0.586	4.77297762416747e-08	6.11214631662067e-09	-6.05684942909701e-09
438.419	0.602	-0.754	3.98392990755614e-08	5.28409116206133e-09	-5.23746956646898e-09
439.645	0.520	-0.624	4.26145256744492e-08	5.53807816781983e-09	-5.45400449797667e-09
440.574	0.352	-0.409	3.00767765275859e-08	4.03402776657677e-09	-3.8453066042764e-09
441.256	0.334	-0.33	3.71779510410284e-08	4.79383264737599e-09	-4.5549001221305e-09
441.852	0.243	-0.262	4.81193945512303e-08	6.50956171542996e-09	-6.21909516770224e-09
442.457	0.332	-0.362	3.59543690990917e-08	4.76691557975882e-09	-4.54776640878157e-09
443.174	0.335	-0.385	3.42774689293932e-08	4.63262069231164e-09	-4.43020713482016e-09
443.858	0.351	-0.349	3.45388133662922e-08	4.57444061450422e-09	-4.36880812752973e-09
444.546	0.352	-0.337	3.37056587481145e-08	4.46194606958207e-09	-4.2634641306052e-09
445.265	0.342	-0.368	3.52857603880101e-08	4.668543058581e-09	-4.46338335275826e-09
445.901	0.288	-0.294	4.62505159971899e-08	6.17989822259699e-09	-5.91356030366292e-09
446.556	0.379	-0.367	3.73471687390527e-08	4.82231397675021e-09	-4.57550775815289e-09
447.317	0.384	-0.383	3.36946662229113e-08	4.47163571774033e-09	-4.21579427164716e-09
448.194	0.424	-0.493	2.66468457128858e-08	3.56934739783757e-09	-3.3334630581251e-09
449.084	0.503	-0.467	2.44096115770022e-08	3.30337503918523e-09	-3.05310363384705e-09
449.984	0.383	-0.397	3.03747683262367e-08	4.12122523177773e-09	-3.7583935907608e-09
450.735	0.446	-0.369	3.13536906475627e-08	4.25237217958338e-09	-3.83826251989722e-09
451.557	0.303	-0.376	3.98153978868434e-08	5.50839365516199e-09	-5.03267152970624e-09
452.352	0.357	-0.491	3.17498044361915e-08	4.24437911687473e-09	-3.92937531038338e-09
453.141	0.482	-0.432	2.8820136910408e-08	3.79356458365756e-09	-3.56770128770713e-09
454.054	0.366	-0.43	3.33186402441147e-08	4.4409365256589e-09	-4.2603180476362e-09
454.923	0.528	-0.504	2.80656753427906e-08	3.58345210784795e-09	-3.47653202139881e-09
456.103	0.575	-0.652	2.47762353942008e-08	3.18761561005746e-09	-3.13627129972683e-09
457.135	0.502	-0.457	2.92600453205939e-08	3.88384018335333e-09	-3.82581888541526e-09
458.240	0.623	-0.602	2.28308528302265e-08	2.89764533129584e-09	-2.84533149557303e-09
459.333	0.585	-0.47	2.65800811113685e-08	3.36040297492915e-09	-3.29343690756885e-09
460.580	0.669	-0.662	2.14567330512917e-08	2.77820279832348e-09	-2.71361869746734e-09
462.024	0.799	-0.775	1.5096490742176e-08	1.97107409712365e-09	-1.90812431860905e-09
463.583	0.719	-0.759	1.55021420541319e-08	2.04208499564132e-09	-1.98817760848845e-09
465.219	0.730	-0.917	1.34375730484748e-08	1.72175155415316e-09	-1.67921891556187e-09
466.665	0.830	-0.716	1.40131960755025e-08	1.76001470630766e-09	-1.7122659108666e-09
468.302	0.529	-0.807	1.51432437442934e-08	1.98578414935831e-09	-1.91408397062706e-09
469.547	0.721	-0.715	1.44536362868964e-08	1.89684584134863e-09	-1.80646542235134e-09
471.155	0.671	-0.888	1.49046582517427e-08	1.9556109918585e-09	-1.84208844690058e-09
472.167	0.310	-0.341	1.83960923818603e-08	2.2612450820181e-09	-2.2511943351365e-09
472.808	0.331	-0.331	1.21031133830688e-08	1.48049722428729e-09	-1.48179687700236e-09
473.471	0.318	-0.332	1.12933322379616e-08	1.39899355443701e-09	-1.40015990967838e-09
474.151	0.281	-0.363	1.1110182371394e-08	1.35893433188497e-09	-1.36006627165853e-09
474.679	0.269	-0.247	1.02930976144622e-08	1.51883992408153e-09	-1.51969124250812e-09
475.299	0.320	-0.35	1.2635818994874e-08	1.54543859303238e-09	-1.54666584550843e-09
475.879	0.283	-0.26	1.50512383283395e-08	1.86427598658322e-09	-1.86569198187464e-09
476.467	0.303	-0.305	1.23245611489825e-08	1.50732484141549e-09	-1.50849592369369e-09
477.072	0.223	-0.302	9.65544406963503e-09	1.4404157830599e-09	-1.44117579679851e-09
477.642	0.361	-0.347	1.16514755503435e-08	1.42503960148668e-09	-1.42616737954139e-09
478.337	0.394	-0.334	1.22501986289758e-08	1.51739028205146e-09	-1.51857554451204e-09
478.966	0.290	-0.235	1.23865871137009e-08	1.82773773906042e-09	-1.82875298177097e-09
479.574	0.345	-0.318	1.46981456845814e-08	1.84400066962794e-09	-1.84543126255516e-09
480.267	0.290	-0.347	1.64028994931563e-08	2.00628610322007e-09	-2.00794304451119e-09
480.811	0.293	-0.255	1.40926703222102e-08	2.08641553915907e-09	-2.08760307839483e-09
481.440	0.290	-0.336	1.7901368638145e-08	2.21752160814652e-09	-2.21933671730044e-09
481.983	0.264	-0.252	1.46588662027804e-08	2.22869965761154e-09	-2.22991523979636e-09
482.576	0.361	-0.329	1.58166218837455e-08	1.95929930426126e-09	-1.96091501715165e-09
483.220	0.225	-0.284	1.4012112563329e-08	2.09050781384015e-09	-2.09170090656219e-09
483.746	0.269	-0.301	1.19719640646427e-08	1.82021112367328e-09	-1.82121712214923e-09
484.318	0.343	-0.303	1.36428518881828e-08	1.84676756336717e-09	-1.84805860544882e-09
484.968	0.377	-0.308	1.25436499181282e-08	1.75662475855786e-09	-1.75777857141721e-09
485.648	0.331	-0.302	1.15582369636872e-08	1.72443612649052e-09	-1.72543797006586e-09
486.396	0.351	-0.417	9.70031160602691e-09	1.44724660969909e-09	-1.44809071747844e-09
487.098	0.416	-0.35	9.59512772608985e-09	1.4869439993683e-09	-1.48774852243171e-09
487.839	0.300	-0.325	1.23308242716603e-08	1.83971221063447e-09	-1.84078767298941e-09
488.518	0.358	-0.379	1.04640636754395e-08	1.56119966266994e-09	-1.5621134863821e-09
489.218	0.302	-0.343	1.15924575302028e-08	1.72955479850607e-09	-1.73056752206438e-09
489.966	0.434	-0.447	8.07761159943351e-09	1.2281419851836e-09	-1.22883534165553e-09
490.894	0.559	-0.494	6.56957504528283e-09	9.80159663081252e-10	-9.8073477320944e-10
491.902	0.375	-0.449	8.19023323674e-09	1.29389199962516e-09	-1.29456818823273e-09
492.624	0.302	-0.347	1.0930341111858e-08	1.66187530550219e-09	-1.66281153740976e-09
493.386	0.464	-0.459	7.97632103390285e-09	1.19003618439866e-09	-1.19073121046669e-09
494.265	0.508	-0.415	7.70214090026806e-09	1.14912737383601e-09	-1.14979719791668e-09
495.124	0.350	-0.351	9.07947299230501e-09	1.35461697197732e-09	-1.35540487367682e-09
495.908	0.479	-0.434	6.30250390289725e-09	9.40303319622394e-10	-9.40849150354227e-10
496.944	0.587	-0.557	4.88876115951307e-09	7.43289037330071e-10	-7.43702001380191e-10
497.815	0.233	-0.285	1.32133963974713e-08	1.97135019654817e-09	-1.97248074740049e-09
498.466	0.282	-0.417	1.09291742509661e-08	1.69364309255335e-09	-1.69453771546433e-09
499.167	0.368	-0.419	1.16236696229882e-08	1.73415760196638e-09	-1.73514197403521e-09
499.990	0.430	-0.456	1.02109155421694e-08	1.52337681832769e-09	-1.52423619577117e-09
500.987	0.556	-0.567	7.47212505285737e-09	1.11476886509891e-09	-1.11539480924248e-09
501.942	0.414	-0.399	9.5981663981691e-09	1.43196855371684e-09	-1.43278115651333e-09
502.802	0.400	-0.446	8.70029832082251e-09	1.29802976954146e-09	-1.29877578352218e-09
503.624	0.469	-0.421	8.350413792637e-09	1.29404821366248e-09	-1.29474607805203e-09
504.521	0.459	-0.429	8.71778097680398e-09	1.35099580428219e-09	-1.35173446794401e-09
505.732	0.595	-0.752	6.0722399641024e-09	9.41030948514184e-10	-9.41554047352622e-10
506.914	0.464	-0.588	8.33775419870668e-09	1.24399299200901e-09	-1.24473831886205e-09
508.099	0.497	-0.72	7.27005274957959e-09	1.10537134253565e-09	-1.1060028499903e-09
509.222	0.668	-0.627	6.6808083801938e-09	1.07613745668305e-09	-1.07668002089068e-09
510.542	0.622	-0.652	7.39409587910066e-09	1.1031651750473e-09	-1.10380650556361e-09
511.744	0.566	-0.58	8.18077349739496e-09	1.2205285983757e-09	-1.22123503336954e-09
512.903	0.670	-0.593	7.06008840668233e-09	1.05332856944288e-09	-1.05393831906028e-09
514.205	0.692	-0.632	6.19023683513924e-09	9.59285491998015e-10	-9.59800447244748e-10
515.571	0.639	-0.674	5.97634225569043e-09	9.08649159710939e-10	-9.09156195990333e-10
516.856	0.554	-0.647	6.51635663657558e-09	9.79543615124314e-10	-9.80105919698561e-10
518.223	0.999	-0.812	4.36845113128591e-09	6.51760393895697e-10	-6.52143635843035e-10
520.167	0.881	-0.945	4.32512158210381e-09	6.7027115404823e-10	-6.70641292979911e-10
521.752	0.690	-0.705	5.95460314832266e-09	8.8843068573127e-10	-8.88965326338498e-10
523.328	0.943	-0.886	4.22935934289014e-09	6.55442190525278e-10	-6.55810921279087e-10
524.968	0.746	-0.697	5.09970728003522e-09	7.60893722819022e-10	-7.61359535239179e-10
526.630	0.772	-0.916	4.0292450303147e-09	6.0118867019556e-10	-6.01563502225507e-10
528.302	0.714	-0.9	3.86766412716416e-09	5.99424241762495e-10	-5.99782172157998e-10
529.872	0.825	-0.856	4.04564281863692e-09	6.15191190574631e-10	-6.15585326925128e-10
532.010	1.315	-1.313	2.8520626483359e-09	4.3369573757172e-10	-4.33975796158381e-10
534.560	1.029	-1.235	3.71296963965719e-09	5.6458758781477e-10	-5.64939824138229e-10
536.904	1.218	-1.314	3.31755095907346e-09	5.14168040727205e-10	-5.14476293700994e-10
539.361	1.195	-1.239	3.23026578478981e-09	5.00668108782621e-10	-5.00984491963297e-10
541.746	1.355	-1.191	2.98147971676663e-09	4.44924910819887e-10	-4.45242810090885e-10
544.877	1.317	-1.776	2.16111747067657e-09	3.41496376252334e-10	-3.4172353170109e-10
547.453	1.384	-1.26	2.38849067479372e-09	3.70231813952945e-10	-3.7048508472483e-10
549.871	1.265	-1.034	2.64423512808868e-09	3.94592137597921e-10	-3.94870724287332e-10
552.586	1.332	-1.45	2.02707100332288e-09	3.02494435642502e-10	-3.02708046395085e-10
555.756	2.300	-1.838	1.34164733130722e-09	2.0796329764105e-10	-2.08104984502123e-10
560.004	1.795	-1.948	1.60483251638259e-09	2.44061056606352e-10	-2.44232490242555e-10
563.640	1.987	-1.84	1.58800054264573e-09	2.46155895343231e-10	-2.46327356040329e-10
568.033	2.353	-2.406	1.22958609206908e-09	1.86990946348014e-10	-1.87120700080508e-10
572.386	2.124	-2	8.92071273616147e-10	1.67675495892592e-10	-1.67747107196404e-10
576.631	2.150	-2.122	1.19227929342565e-09	1.81322588031959e-10	-1.81451228109745e-10
580.905	3.181	-2.124	5.22049626948717e-10	1.10393176802796e-10	-1.10430875980433e-10
586.045	1.709	-1.958	7.58458297687248e-10	1.42561639375299e-10	-1.42622706540543e-10
589.548	1.741	-1.794	8.30668270344906e-10	1.56132458454243e-10	-1.56198341888785e-10
593.215	1.536	-1.926	9.17564932538108e-10	1.6764432944311e-10	-1.6772536015239e-10
596.988	1.673	-2.238	7.71168932094307e-10	1.44965448690372e-10	-1.45036275547604e-10
602.027	3.767	-3.366	4.08092787039211e-10	7.45586036900247e-11	-7.45933558104685e-11
607.951	2.165	-2.157	6.07027807998601e-10	1.14106680889538e-10	-1.14160392025165e-10
613.532	2.535	-3.416	4.52213054119164e-10	8.50027159897036e-11	-8.50412908541895e-11

## XRT - xrtpcflux
633.480	7.717	-9.834	4.23298800048696e-10	9.25879450351223e-11	-9.25879450351223e-11
655.819	17.972	-14.623	2.18457940342283e-10	4.9089780654962e-11	-4.9089780654962e-11
687.171	14.201	-13.38	2.73269048435735e-10	5.98421310931592e-11	-5.98421310931592e-11
714.873	14.080	-13.5	2.61782359355707e-10	5.8752724128427e-11	-5.8752724128427e-11
746.910	22.159	-17.958	1.80183038568229e-10	4.04889996239647e-11	-4.04889996239647e-11
799.456	19.760	-30.387	1.61383050382748e-10	3.45225890006458e-11	-3.45225890006458e-11
854.093	35.328	-34.877	1.04791994245689e-10	2.35188273070676e-11	-2.35188273070676e-11
916.279	43.346	-26.859	1.09760527135654e-10	2.45733720209328e-11	-2.45733720209328e-11
993.078	46.781	-33.453	1.00647194149177e-10	2.25886008759519e-11	-2.25886008759519e-11
1078.679	48.936	-38.82	9.13311842298655e-11	2.04977807796827e-11	-2.04977807796827e-11
1189.406	46.023	-61.791	6.94376141029796e-11	1.56807334150398e-11	-1.56807334150398e-11
1312.907	45.381	-77.477	5.89138725612126e-11	1.32877421991655e-11	-1.32877421991655e-11
1441.486	39.660	-83.198	4.46801784925228e-11	9.57930999986141e-12	-9.57930999986141e-12
1518.517	30.326	-37.371	2.68059442099781e-11	5.99399087009971e-12	-5.99399087009971e-12
1588.338	25.695	-39.495	2.77695219406895e-11	6.23436320637232e-12	-6.23436320637232e-12
1654.264	27.466	-40.231	2.93546067418512e-11	6.27361641653693e-12	-6.27361641653693e-12
1715.738	31.182	-34.007	2.76907198563277e-11	6.20837048402507e-12	-6.20837048402507e-12
1797.245	59.996	-50.325	2.42368368121996e-11	5.45533963821182e-12	-5.45533963821182e-12
1909.716	42.804	-52.474	3.70783633146513e-11	8.33433858868195e-12	-8.33433858868195e-12
2004.248	48.563	-51.729	3.73248871106189e-11	8.38975024473193e-12	-8.38975024473193e-12
2097.217	28.307	-44.405	3.72221951916906e-11	8.32313635150115e-12	-8.32313635150115e-12
2202.680	40.687	-77.156	1.61341245466239e-11	3.6221726369668e-12	-3.6221726369668e-12
2293.671	52.495	-50.304	1.77416283669513e-11	3.98306331425948e-12	-3.98306331425948e-12
2397.146	46.805	-50.98	1.84506672647212e-11	4.13671438738817e-12	-4.13671438738817e-12
2496.490	50.261	-52.539	1.73666879484297e-11	3.89888756245053e-12	-3.89888756245053e-12
2611.078	48.502	-64.327	1.59851256874747e-11	3.58392896140406e-12	-3.58392896140406e-12
2686.117	28.624	-26.537	3.2634030364986e-11	7.32646456917561e-12	-7.32646456917561e-12
2755.210	34.750	-40.469	2.52653863443686e-11	5.52738178817346e-12	-5.52738178817346e-12
2873.053	102.445	-83.093	1.01884786878653e-11	2.24898030011411e-12	-2.24898030011411e-12
6243.849	88.173	-77.31	1.10803484601081e-11	2.49981128919195e-12	-2.49981128919195e-12
6424.604	72.901	-92.582	1.09972193275696e-11	2.48847788864542e-12	-2.48847788864542e-12
6625.933	89.708	-128.428	6.07567149040279e-12	1.60672289022439e-12	-1.60672289022439e-12
6814.840	83.836	-99.198	9.6623138354186e-12	2.17989299246946e-12	-2.17989299246946e-12
7004.269	54.874	-105.594	1.09660216358764e-11	2.48141932232421e-12	-2.48141932232421e-12
7156.376	120.903	-97.233	5.93958216662065e-12	1.58029832345645e-12	-1.58029832345645e-12
7357.199	88.069	-79.92	7.70942993410057e-12	2.02650786464981e-12	-2.02650786464981e-12
7554.515	108.890	-109.246	7.71823241918182e-12	1.7703248534945e-12	-1.7703248534945e-12
7753.619	85.298	-90.214	7.14213497880371e-12	1.89256996197508e-12	-1.89256996197508e-12
7925.047	106.932	-86.131	6.63473822569917e-12	1.74052223929142e-12	-1.74052223929142e-12
8124.330	85.668	-92.351	9.71850710098488e-12	2.2090391207434e-12	-2.2090391207434e-12
8296.596	78.884	-86.598	1.05394178760594e-11	2.40647789208982e-12	-2.40647789208982e-12
8474.116	86.905	-98.636	9.46349528839803e-12	2.15107403142568e-12	-2.15107403142568e-12
8646.995	109.585	-85.973	7.17861997236118e-12	1.82843449312339e-12	-1.82843449312339e-12
12148.030	119.776	-103.375	6.2334001514943e-12	1.63271300116719e-12	-1.63271300116719e-12
12457.585	163.753	-189.779	3.82253339685092e-12	1.02089834464247e-12	-1.02089834464247e-12
12757.258	127.348	-135.92	5.10250547941753e-12	1.34622248075756e-12	-1.34622248075756e-12
13016.810	85.931	-132.205	6.12328070064501e-12	1.60001636025795e-12	-1.60001636025795e-12
13185.023	103.259	-82.282	7.64855475142877e-12	1.92715156588811e-12	-1.92715156588811e-12
13391.840	89.505	-103.558	6.79837319983974e-12	1.79801350521117e-12	-1.79801350521117e-12
13576.118	78.231	-94.773	7.69267608292063e-12	2.01494096213019e-12	-2.01494096213019e-12
13743.378	96.513	-89.028	7.21304558707063e-12	1.89615999131154e-12	-1.89615999131154e-12
13988.016	195.376	-148.125	3.89239470781195e-12	1.02944856537546e-12	-1.02944856537546e-12
15512.471	2734.194	-1329.079	7.35661220169861e-12	1.17762913575957e-12	-1.17762913575957e-12
25615.788	480.093	-294.721	4.34136118316687e-12	8.12707627529255e-13	-8.12707627529255e-13
31462.391	411.244	-322.738	3.06020222135565e-12	7.67028167112451e-13	-7.67028167112451e-13
37289.928	357.797	-384.363	3.93496966305639e-12	8.69255579706661e-13	-8.69255579706661e-13
43103.701	316.864	-2191.2	2.75505911405313e-12	5.86385834407105e-13	-5.86385834407105e-13
51075.145	3903.553	-2531.431	2.16895157910848e-12	4.73878876866054e-13	-4.73878876866054e-13
62511.114	2226.240	-2441.45	2.03177795161236e-12	4.11732663985221e-13	-4.11732663985221e-13
66177.910	387.086	-415.25	2.32722504238932e-12	5.98259388135586e-13	-5.98259388135586e-13
70497.405	1060.301	-740.916	2.52229452326814e-12	4.92698039580003e-13	-4.92698039580003e-13
146194.101	1304.031	-1346.185	9.87964319086592e-13	2.23655195962948e-13	-2.23655195962948e-13
151746.136	1225.792	-1116.026	1.24803776516322e-12	2.92373922724954e-13	-2.92373922724954e-13
245028.346	70029.258	-13420.591	5.30757789906776e-13	1.17329074513079e-13	-1.17329074513079e-13
567878.836	29358.877	-18073.048	3.9207275842723e-13	8.8799238947887e-14	-8.8799238947887e-14
683300.495	6757.131	-6393.954	3.54876420777146e-13	8.92461064365019e-14	-8.92461064365019e-14
699776.209	12781.295	-5590.071	6.13256195904079e-13	1.34115878515446e-13	-1.34115878515446e-13
861399.676	14299.487	-63085.549	2.42213435233561e-13	6.05969298613795e-14	-6.05969298613795e-14
957913.578	66283.353	-72057.965	1.34567112799136e-13	3.16869586854831e-14	-3.16869586854831e-14
1231178.002	164360.159	-142060.694	5.83519863696956e-14	1.72321915051932e-14	-1.72321915051932e-14
1489225.184	74192.358	-76761.699	3.31292458839525e-14	1.86651967212783e-14	-1.41681949592173e-14
