## BAT - batSNR4flux
0.0209999871253967	0.02	-0.02	1.20328614874777e-08	1.3040799372236e-09	-1.3040799372236e-09
0.0610000085830689	0.02	-0.02	1.1453756326069e-08	1.20561130703187e-09	-1.20561130703187e-09
0.101000030040741	0.02	-0.02	2.40930419422293e-08	2.20888098190927e-09	-2.20888098190927e-09
0.140999991893768	0.02	-0.02	4.96520778741448e-08	3.87479089592271e-09	-3.87479089592271e-09
0.18100001335144	0.02	-0.02	4.62751977196014e-08	3.6844781417869e-09	-3.6844781417869e-09
0.221000034809113	0.02	-0.02	2.87571882096819e-08	2.45511887868234e-09	-2.45511887868234e-09
0.26099999666214	0.02	-0.02	2.01764085949427e-08	2.10955517789828e-09	-2.10955517789828e-09
0.301000018119812	0.02	-0.02	3.03056707385876e-08	2.4669047908327e-09	-2.4669047908327e-09
0.340999979972839	0.02	-0.02	2.97345744651945e-08	2.93440543511784e-09	-2.93440543511784e-09
0.381000001430511	0.02	-0.02	4.25258553648683e-08	4.67641368348969e-09	-4.67641368348969e-09
0.421000022888184	0.02	-0.02	4.44282965737725e-08	6.99758713408183e-09	-6.99758713408183e-09
0.460999984741211	0.02	-0.02	1.35013734620778e-07	1.41858843351716e-08	-1.41858843351716e-08
0.501000006198883	0.02	-0.02	2.45510196564747e-07	2.38576709318644e-08	-2.38576709318644e-08
0.541000027656555	0.02	-0.02	1.19114437719817e-07	1.41170943921432e-08	-1.41170943921432e-08
0.580999989509583	0.02	-0.02	4.51181358260551e-08	5.06730893809997e-09	-5.06730893809997e-09
0.621000010967255	0.02	-0.02	2.29237234102455e-08	2.28178617185369e-09	-2.28178617185369e-09
0.661000032424927	0.02	-0.02	5.45388895323994e-08	4.85954568322489e-09	-4.85954568322489e-09
0.700999994277954	0.02	-0.02	1.24690740560276e-07	1.14732638686986e-08	-1.14732638686986e-08
0.741000015735626	0.02	-0.02	3.36081128341114e-07	4.36319932953968e-08	-4.36319932953968e-08
0.780999977588654	0.02	-0.02	2.54537662596439e-07	3.86358394775071e-08	-3.86358394775071e-08
0.820999999046326	0.02	-0.02	9.39745898886064e-08	1.35962556214646e-08	-1.35962556214646e-08
0.861000020503998	0.02	-0.02	3.76504948435952e-08	5.638406366418e-09	-5.638406366418e-09
0.900999982357025	0.02	-0.02	5.01794731069469e-08	8.74946370941282e-09	-8.74946370941282e-09
0.941000003814697	0.02	-0.02	6.43469458125851e-08	1.44148291226552e-08	-1.44148291226552e-08
0.981000025272369	0.02	-0.02	1.45660432268189e-07	2.38338737628512e-08	-2.38338737628512e-08
1.0209999871254	0.02	-0.02	1.4678378623524e-07	2.48788639270357e-08	-2.48788639270357e-08
1.06100000858307	0.02	-0.02	1.17166866387012e-07	2.09307006520703e-08	-2.09307006520703e-08
1.12100001096725	0.04	-0.04	4.86237809976491e-08	1.04561268630508e-08	-1.04561268630508e-08
1.20100002408028	0.04	-0.04	3.73857327072084e-08	8.11172555529447e-09	-8.11172555529447e-09
1.26099999666214	0.02	-0.02	4.60303459887156e-08	9.05463340351043e-09	-9.05463340351043e-09
1.30100001811981	0.02	-0.02	2.86918322765064e-08	7.46042979774974e-09	-7.46042979774974e-09
1.34099997997284	0.02	-0.02	3.36449673113918e-08	8.17303418923893e-09	-8.17303418923893e-09
1.38100000143051	0.02	-0.02	2.93073659712521e-08	9.61914953597411e-09	-9.61914953597411e-09
1.42100002288818	0.02	-0.02	5.20811809044434e-08	1.19514768827288e-08	-1.19514768827288e-08
1.48099999547005	0.04	-0.04	4.62233312470022e-08	1.17668218256257e-08	-1.17668218256257e-08
1.54100002765656	0.02	-0.02	9.12274036102262e-08	2.04487420221507e-08	-2.04487420221507e-08
1.60100000023842	0.04	-0.04	1.06608324908592e-07	2.23532962668046e-08	-2.23532962668046e-08
1.70100001414617	0.06	-0.06	1.92704305409897e-07	3.4004440993403e-08	-3.4004440993403e-08
1.78099997758865	0.02	-0.02	1.72663386483654e-07	3.41593980821395e-08	-3.41593980821395e-08
1.82099999904633	0.02	-0.02	1.34618879193815e-07	2.354377287235e-08	-2.354377287235e-08
1.861000020504	0.02	-0.02	1.18197819045198e-07	1.59427595944665e-08	-1.59427595944665e-08
1.90099998235703	0.02	-0.02	5.83247505616664e-08	1.11100270214784e-08	-1.11100270214784e-08
1.9410000038147	0.02	-0.02	4.76608512769353e-08	7.35013178580677e-09	-7.35013178580677e-09
1.98100002527237	0.02	-0.02	3.58345195849995e-08	5.49721984106047e-09	-5.49721984106047e-09
2.0209999871254	0.02	-0.02	2.67780554431835e-08	5.19320719674155e-09	-5.19320719674155e-09
2.06100000858307	0.02	-0.02	3.24644944511931e-08	5.12994152503397e-09	-5.12994152503397e-09
2.10100003004074	0.02	-0.02	2.32581375977289e-08	5.06080613590361e-09	-5.06080613590361e-09
2.14099999189377	0.02	-0.02	2.72551309804994e-08	5.04588514246743e-09	-5.04588514246743e-09
2.2210000149409	0.06	-0.06	1.39285850795669e-08	2.91721650416428e-09	-2.91721650416428e-09
2.70100000563122	0.42	-0.42	6.01794798350084e-09	1.33241933481825e-09	-1.33241933481825e-09
3.18100001335144	0.06	-0.06	1.52392510959259e-08	3.71738363913021e-09	-3.71738363913021e-09
3.3410000038147	0.1	-0.1	1.75663659299421e-08	2.90770483575571e-09	-2.90770483575571e-09
3.50100000619888	0.06	-0.06	2.21798476790561e-08	3.95169153801232e-09	-3.95169153801232e-09
3.58099998950958	0.02	-0.02	3.67635835078404e-08	6.6372145924385e-09	-6.6372145924385e-09
3.62100001096725	0.02	-0.02	3.66300182731842e-08	6.77072145942202e-09	-6.77072145942202e-09
3.66100003242493	0.02	-0.02	3.94909417931183e-08	7.29680650747679e-09	-7.29680650747679e-09
3.74099999586741	0.06	-0.06	1.25503106022534e-08	3.805935607033e-09	-3.805935607033e-09
3.82099999904633	0.02	-0.02	3.15424880503012e-08	6.6914111016771e-09	-6.6914111016771e-09

## XRT - xrtwtflux
91.360	2.576	-3.18	3.99854510376567e-10	7.30031926218961e-11	-7.30036956724031e-11
98.053	3.842	-4.118	2.69402607493417e-10	5.39718399522195e-11	-5.39720819874098e-11
648.793	15.260	-14.722	8.12693097223425e-11	3.1099219878763e-11	-2.97909214460786e-11
676.669	13.020	-12.616	8.47318801765707e-11	3.2292596468717e-11	-3.07888033507594e-11
693.907	2.245	-4.219	1.31621175082403e-10	5.58846554776e-11	-5.000394187928e-11
700.447	3.741	-4.295	1.50647481357153e-10	6.15678279623612e-11	-5.6879472561658e-11
705.598	2.472	-1.41	2.75288715274789e-10	9.97558898553555e-11	-9.97559425514897e-11
709.708	1.817	-1.638	4.97622969321694e-10	1.19704158462409e-10	-1.19704368328781e-10
714.511	2.614	-2.986	1.6464155550426e-10	6.71454079222089e-11	-6.0502519745532e-11
718.637	1.706	-1.511	3.65394141515314e-10	1.0353714121025e-10	-1.03537245365448e-10
728.523	6.892	-8.181	9.3923267433921e-11	3.71907494008059e-11	-3.47571930571513e-11
737.919	2.716	-2.504	1.64872296728215e-10	6.59812287575792e-11	-6.59812800596851e-11
751.003	7.640	-10.368	8.44388367517399e-11	3.32181446230673e-11	-3.12158862551593e-11
763.826	4.750	-5.183	1.11475409963732e-10	4.44980816820114e-11	-4.08851887956085e-11
772.908	2.639	-4.332	1.24862673620306e-10	5.26106946457791e-11	-4.74691323874177e-11
789.703	12.830	-14.156	6.27941461770287e-11	2.45573653224422e-11	-2.32361361571178e-11
804.572	1.485	-2.039	4.04878834133956e-10	1.15078959704128e-10	-1.15079110298647e-10
810.532	3.894	-4.475	1.03693206704934e-10	4.26205635530422e-11	-3.83540650657286e-11
833.243	17.441	-18.817	4.92290465039615e-11	1.87943532015047e-11	-1.78158810512593e-11
864.081	9.501	-13.396	5.20627817335212e-11	2.07786155391504e-11	-1.92303481835737e-11
881.666	10.439	-8.084	4.01246130179986e-11	1.74749179024846e-11	-1.5558769557996e-11
897.296	5.805	-5.191	1.15274545365272e-10	2.81987607560242e-11	-2.8198805572247e-11
910.350	5.331	-7.249	5.91154888636586e-11	2.49570725136497e-11	-2.2133036412978e-11
918.778	4.039	-3.097	1.83083194609448e-10	4.32534871218561e-11	-4.32535669599172e-11

## XRT - xrtpcflux
114.506	6.740	-10.811	2.15501791898637e-10	4.84966807791331e-11	-4.84966807791331e-11
126.504	7.279	-5.258	3.11027750912048e-10	6.82861991964545e-11	-6.82861991964545e-11
139.991	8.836	-6.208	2.43317450012976e-10	5.45813346228718e-11	-5.45813346228718e-11
163.558	12.849	-14.731	1.4218375373632e-10	3.04902882694094e-11	-3.04902882694094e-11
190.943	10.537	-14.536	1.65296699968915e-10	3.4658778774063e-11	-3.4658778774063e-11
214.577	16.991	-13.097	1.27636930849057e-10	2.78526585626473e-11	-2.78526585626473e-11
242.362	14.279	-10.794	1.50357374456604e-10	3.3836522686616e-11	-3.3836522686616e-11
268.612	8.087	-11.971	1.82008818306977e-10	4.07633460727321e-11	-4.07633460727321e-11
289.260	10.005	-12.561	1.52582554725245e-10	3.41729299966261e-11	-3.41729299966261e-11
307.860	11.464	-8.595	1.78752293510474e-10	3.81653847731086e-11	-3.81653847731086e-11
333.321	8.568	-13.997	1.58024859529191e-10	3.55051109185406e-11	-3.55051109185406e-11
358.292	13.685	-16.402	1.40165707958054e-10	3.00575385301699e-11	-3.00575385301699e-11
387.440	14.625	-15.463	1.223898784798e-10	2.76757802509932e-11	-2.76757802509932e-11
417.750	16.911	-15.685	1.06527105071009e-10	2.42057078802556e-11	-2.42057078802556e-11
452.010	15.245	-17.35	1.06945956743017e-10	2.41445920276697e-11	-2.41445920276697e-11
486.288	26.099	-19.033	8.62009645125266e-11	1.86481223604908e-11	-1.86481223604908e-11
527.210	15.265	-14.823	1.19754485311491e-10	2.7478041814055e-11	-2.7478041814055e-11
566.068	34.072	-23.593	7.48673321170129e-11	1.5634963328357e-11	-1.5634963328357e-11
948.379	11.190	-13.884	9.22211507856247e-11	2.0756680369357e-11	-2.0756680369357e-11
978.548	16.123	-18.979	6.71053822016678e-11	1.46892248178696e-11	-1.46892248178696e-11
1018.069	19.226	-23.398	5.02116448831203e-11	1.09912211466445e-11	-1.09912211466445e-11
1059.464	25.470	-22.169	4.23789896626507e-11	9.26223943014711e-12	-9.26223943014711e-12
1107.791	27.290	-22.857	4.08129588164968e-11	8.97582164506861e-12	-8.97582164506861e-12
1150.973	11.688	-15.892	7.31015083228841e-11	1.63459939326327e-11	-1.63459939326327e-11
1188.032	14.746	-25.371	5.68384078312749e-11	1.22084941375836e-11	-1.22084941375836e-11
1221.633	21.262	-18.855	5.40857670725845e-11	1.21933706411727e-11	-1.21933706411727e-11
1277.106	33.487	-34.21	3.48696979472404e-11	7.84829594444179e-12	-7.84829594444179e-12
1334.949	20.776	-24.356	5.17298180635573e-11	1.13235495729485e-11	-1.13235495729485e-11
1395.502	22.906	-39.777	3.2549013410654e-11	7.30199893215567e-12	-7.30199893215567e-12
1442.861	30.707	-24.454	3.78400235249029e-11	8.34812812802535e-12	-8.34812812802535e-12
1510.155	31.111	-36.586	2.95738219288511e-11	6.6563287633884e-12	-6.6563287633884e-12
1578.134	30.830	-36.868	2.9343798161641e-11	6.59373328796507e-12	-6.59373328796507e-12
1640.095	31.551	-31.132	3.20252448774129e-11	7.16106427297356e-12	-7.16106427297356e-12
1713.345	25.999	-41.699	3.35913125164021e-11	7.04423056362081e-12	-7.04423056362081e-12
1766.825	35.202	-27.481	3.16052183822733e-11	7.09026788888708e-12	-7.09026788888708e-12
1839.156	35.583	-37.129	2.78516313078112e-11	6.2584324701642e-12	-6.2584324701642e-12
1919.744	47.766	-45.005	2.3942096665251e-11	5.24087419100403e-12	-5.24087419100403e-12
2002.874	32.334	-35.364	3.50231844129582e-11	7.66650329617476e-12	-7.66650329617476e-12
2074.815	48.149	-39.607	2.78719677921507e-11	6.26300418456105e-12	-6.26300418456105e-12
2166.851	28.825	-43.887	2.71701965203765e-11	5.9569251324132e-12	-5.9569251324132e-12
2238.315	32.581	-42.639	1.91843928748234e-11	4.32558464480612e-12	-4.32558464480612e-12
2323.912	59.811	-53.017	2.04572569774621e-11	3.64276476542989e-12	-3.64276476542989e-12
5737.171	113.868	-131.848	5.87623228262109e-12	1.28726837382719e-12	-1.28726837382719e-12
5955.952	115.731	-104.912	6.1667769435527e-12	1.3883135092423e-12	-1.3883135092423e-12
6206.711	105.671	-135.028	4.22327295322556e-12	1.10135758051743e-12	-1.10135758051743e-12
12314.386	81.478	-149.196	4.26928549347039e-12	1.11062020603303e-12	-1.11062020603303e-12
14433.198	3277.610	-2037.335	1.64337290354054e-12	2.8282833933541e-13	-2.8282833933541e-13
24343.482	5076.398	-1426.38	1.32469924245227e-12	3.4835349854933e-13	-3.4835349854933e-13
29795.096	336.857	-375.216	1.64382907822617e-12	4.04968264265163e-13	-4.04968264265163e-13
39620.248	2152.447	-3455.868	7.82900851638063e-13	1.91946506515894e-13	-1.91946506515894e-13
55201.984	9550.302	-3460.237	4.47550032878978e-13	9.83627923058262e-14	-9.83627923058262e-14
163499.039	84912.287	-42351.412	1.51183181037589e-13	3.46083775570429e-14	-3.46083775570429e-14
