## BAT - batSNR4flux
0.0209999871253967	0.02	-0.02	1.47487872613295e-07	2.51367545484388e-08	-2.51367545484388e-08
0.0610000085830689	0.02	-0.02	7.80997419190518e-08	9.62928820175108e-09	-9.62928820175108e-09
0.100999970436096	0.02	-0.02	6.03178127755809e-08	7.40498236267124e-09	-7.40498236267124e-09
0.140999991893768	0.02	-0.02	6.05590919922011e-08	6.8591578906586e-09	-6.8591578906586e-09
0.18100001335144	0.02	-0.02	5.56429106146957e-08	6.91173980038387e-09	-6.91173980038387e-09
0.220999975204468	0.02	-0.02	6.96862289776961e-08	7.3372481640878e-09	-7.3372481640878e-09
0.26099999666214	0.02	-0.02	5.40870672808044e-08	7.84262765102256e-09	-7.84262765102256e-09
0.301000018119812	0.02	-0.02	6.70571187485779e-08	8.21576601583473e-09	-8.21576601583473e-09
0.340999979972839	0.02	-0.02	8.11815307672885e-08	1.05254392443469e-08	-1.05254392443469e-08
0.381000001430511	0.02	-0.02	8.86492261976253e-08	1.21928586026993e-08	-1.21928586026993e-08
0.421000022888184	0.02	-0.02	1.05406192030509e-07	1.32644930741626e-08	-1.32644930741626e-08
0.460999984741211	0.02	-0.02	1.29764400185281e-07	1.54603560825996e-08	-1.54603560825996e-08
0.501000006198883	0.02	-0.02	2.49980511638735e-07	2.62245750136111e-08	-2.62245750136111e-08
0.541000027656555	0.02	-0.02	3.63565506218472e-07	4.51618729097295e-08	-4.51618729097295e-08
0.580999989509583	0.02	-0.02	5.85391153766383e-07	8.13349301638473e-08	-8.13349301638473e-08
0.621000010967255	0.02	-0.02	1.22185438686355e-06	1.53192984431511e-07	-1.53192984431511e-07
0.660999972820282	0.02	-0.02	2.95482390608658e-07	4.05652675652518e-08	-4.05652675652518e-08
0.700999994277954	0.02	-0.02	4.08953386216359e-08	8.69635857420542e-09	-8.69635857420542e-09
0.741000015735626	0.02	-0.02	1.41045564832509e-07	1.83881010593807e-08	-1.83881010593807e-08
0.780999977588654	0.02	-0.02	3.41433544592084e-07	4.88811504839332e-08	-4.88811504839332e-08
0.820999999046326	0.02	-0.02	4.87305653025998e-07	6.61218516599136e-08	-6.61218516599136e-08
0.861000020503998	0.02	-0.02	2.56239734791487e-07	3.61897697353829e-08	-3.61897697353829e-08
0.900999982357025	0.02	-0.02	2.13894579374208e-07	2.50766613013648e-08	-2.50766613013648e-08
0.941000003814697	0.02	-0.02	1.95241412653627e-07	2.50436464061133e-08	-2.50436464061133e-08
0.981000025272369	0.02	-0.02	5.3183574184994e-07	6.91555284195881e-08	-6.91555284195881e-08
1.0209999871254	0.02	-0.02	1.48979471631175e-06	2.0557693322048e-07	-2.0557693322048e-07
1.06100000858307	0.02	-0.02	1.16107355571633e-06	2.21305906358446e-07	-2.21305906358446e-07
1.1009999704361	0.02	-0.02	4.32808428408724e-07	6.56051910718383e-08	-6.56051910718383e-08
1.14099999189377	0.02	-0.02	1.01849500563445e-07	1.76229686178834e-08	-1.76229686178834e-08
1.18100001335144	0.02	-0.02	6.27260371798671e-08	1.16787614240251e-08	-1.16787614240251e-08
1.22099997520447	0.02	-0.02	1.14203671070005e-07	2.46801407850431e-08	-2.46801407850431e-08
1.26099999666214	0.02	-0.02	3.11630785294722e-07	5.17469844621332e-08	-5.17469844621332e-08
1.30100001811981	0.02	-0.02	3.59092405835258e-07	6.38310831581829e-08	-6.38310831581829e-08
1.34099997997284	0.02	-0.02	2.04445071535979e-07	4.31048278839091e-08	-4.31048278839091e-08
1.38100000143051	0.02	-0.02	1.50243407337742e-07	2.83387613286183e-08	-2.83387613286183e-08
1.42100002288818	0.02	-0.02	1.09346529127195e-07	1.68124172457804e-08	-1.68124172457804e-08
1.46099998474121	0.02	-0.02	7.08642893008864e-08	1.07959496367841e-08	-1.07959496367841e-08
1.50100000619888	0.02	-0.02	4.25129055375943e-08	6.75876423757123e-09	-6.75876423757123e-09
1.54100002765656	0.02	-0.02	4.87864161693297e-08	6.68123115544824e-09	-6.68123115544824e-09
1.58099998950958	0.02	-0.02	5.26640951502021e-08	8.7216176820749e-09	-8.7216176820749e-09
1.62100001096725	0.02	-0.02	6.22129755192749e-08	1.32288038747381e-08	-1.32288038747381e-08
1.66099997282028	0.02	-0.02	8.86810385550673e-08	1.91226276135939e-08	-1.91226276135939e-08
1.70099999427795	0.02	-0.02	1.30315645142073e-07	2.85050188525452e-08	-2.85050188525452e-08
1.74100001573563	0.02	-0.02	1.34668907407971e-07	2.49882913492647e-08	-2.49882913492647e-08
1.78099997758865	0.02	-0.02	9.86127175553446e-08	2.14774978830462e-08	-2.14774978830462e-08
1.82099999904633	0.02	-0.02	1.11574000222891e-07	2.13788142045297e-08	-2.13788142045297e-08
1.861000020504	0.02	-0.02	7.75869300121237e-08	1.91721940502549e-08	-1.91721940502549e-08
1.90099998235703	0.02	-0.02	7.17208234606057e-08	1.48135394200806e-08	-1.48135394200806e-08
1.9410000038147	0.02	-0.02	6.10482089261899e-08	1.01815104401527e-08	-1.01815104401527e-08
1.98100002527237	0.02	-0.02	2.75670681062341e-08	6.35091120695456e-09	-6.35091120695456e-09
2.0209999871254	0.02	-0.02	3.1634214123571e-08	7.05738395718995e-09	-7.05738395718995e-09
2.06100000858307	0.02	-0.02	7.9986467921726e-08	1.70232037075653e-08	-1.70232037075653e-08
2.1009999704361	0.02	-0.02	2.00086000025925e-07	3.83064373618109e-08	-3.83064373618109e-08
2.14099999189377	0.02	-0.02	2.81377599104596e-07	7.08134053306934e-08	-7.08134053306934e-08
2.18100001335144	0.02	-0.02	6.33842914235055e-07	1.22908989365262e-07	-1.22908989365262e-07
2.22099997520447	0.02	-0.02	1.00667228723198e-06	1.99444920219346e-07	-1.99444920219346e-07
2.26099999666214	0.02	-0.02	1.42552803789526e-06	3.45875050057684e-07	-3.45875050057684e-07
2.32099999904633	0.04	-0.04	7.81826501730953e-07	1.78168704048558e-07	-1.78168704048558e-07
2.38100000143051	0.02	-0.02	5.90480209241349e-07	9.61905477021601e-08	-9.61905477021601e-08
2.46100000460943	0.06	-0.06	9.01323781221601e-08	1.63386478067221e-08	-1.63386478067221e-08
2.54100002765656	0.02	-0.02	8.78295855467243e-08	2.1519914591987e-08	-2.1519914591987e-08
2.58099998950958	0.02	-0.02	8.95004100133063e-08	2.22764388396538e-08	-2.22764388396538e-08
2.62100001096725	0.02	-0.02	7.88040590201865e-08	2.188120832529e-08	-2.188120832529e-08
2.66099997282028	0.02	-0.02	1.14544141932448e-07	2.54373480904638e-08	-2.54373480904638e-08
2.70099999427795	0.02	-0.02	8.8479252402289e-08	2.52945574062743e-08	-2.52945574062743e-08
2.74100001573563	0.02	-0.02	1.28150263277525e-07	2.80925976751694e-08	-2.80925976751694e-08
2.80099998831749	0.04	-0.04	8.52810987355986e-08	2.0107596553126e-08	-2.0107596553126e-08
2.861000020504	0.02	-0.02	1.4005921726541e-07	3.19904762451619e-08	-3.19904762451619e-08
2.9410000038147	0.06	-0.06	1.08195642443637e-07	2.03351892029221e-08	-2.03351892029221e-08
3.0209999871254	0.02	-0.02	2.02684213417007e-07	4.22149193073782e-08	-4.22149193073782e-08
3.08099998950958	0.04	-0.04	1.72522124676375e-07	3.61291483206869e-08	-3.61291483206869e-08
3.1610000026226	0.04	-0.04	1.65708419087034e-07	4.48625346373228e-08	-4.48625346373228e-08
3.22099997520447	0.02	-0.02	3.16448283304162e-07	7.68799893490781e-08	-7.68799893490781e-08
3.3009999982516	0.06	-0.06	1.97687427841348e-07	4.23753530468903e-08	-4.23753530468903e-08
3.38100000143051	0.02	-0.02	2.67454979571967e-07	6.19178518400546e-08	-6.19178518400546e-08
3.4410000038147	0.04	-0.04	1.94344580741826e-07	4.16438178976482e-08	-4.16438178976482e-08
3.52100001692772	0.04	-0.04	1.40753748104658e-07	3.67675837004194e-08	-3.67675837004194e-08
3.60100000023842	0.04	-0.04	1.92328137076957e-07	4.60179433444307e-08	-4.60179433444307e-08
3.70099999427795	0.06	-0.06	1.95416533212477e-07	5.66119011259867e-08	-5.66119011259867e-08
3.78099997758865	0.02	-0.02	5.59886666154758e-07	1.29299693062824e-07	-1.29299693062824e-07
3.84100000977516	0.04	-0.04	3.6657652088823e-07	9.09429216868339e-08	-9.09429216868339e-08
3.9410000038147	0.06	-0.06	9.19800446864173e-08	2.68249854579099e-08	-2.68249854579099e-08
4.06099998871485	0.06	-0.06	3.7175761400808e-08	7.99632822588085e-09	-7.99632822588085e-09
4.18099999348323	0.06	-0.06	2.04617311591145e-08	5.0253373314228e-09	-5.0253373314228e-09
4.3009999982516	0.06	-0.06	6.38596056832302e-08	1.70873926062827e-08	-1.70873926062827e-08
4.42100000301997	0.06	-0.06	2.58714048560453e-07	5.95304750555624e-08	-5.95304750555624e-08
4.54100000778834	0.06	-0.06	4.53569937556338e-07	8.96502312762669e-08	-8.96502312762669e-08
4.72099999507268	0.12	-0.12	3.06604839901688e-07	6.53063472258464e-08	-6.53063472258464e-08
4.96100000460943	0.12	-0.12	2.627221384963e-07	6.23497765863402e-08	-6.23497765863402e-08
5.16099998772144	0.08	-0.08	2.97926621960058e-07	7.31880490126998e-08	-7.31880490126998e-08
5.40100000470877	0.16	-0.16	1.87085552726846e-07	5.19189683622692e-08	-5.19189683622692e-08
5.60100000023842	0.04	-0.04	5.15774928924648e-07	1.0453222718333e-07	-1.0453222718333e-07
5.84100000977516	0.04	-0.04	3.87185464562933e-07	9.52914979096236e-08	-9.52914979096236e-08
6.14099999647874	0.26	-0.26	1.72117840525718e-07	3.57352430511738e-08	-3.57352430511738e-08
6.68100000057901	0.28	-0.28	1.17863247852653e-07	3.20781187797124e-08	-3.20781187797124e-08
7.02100000699361	0.06	-0.06	2.75993302224604e-07	6.66246548847011e-08	-6.66246548847011e-08
7.36099999921662	0.28	-0.28	1.16606553233415e-07	2.88253744240878e-08	-2.88253744240878e-08
7.92099999734333	0.28	-0.28	6.45892863723744e-08	2.67751297787474e-08	-2.67751297787474e-08
8.28099999248981	0.08	-0.08	2.01346991025256e-07	4.88727014196954e-08	-4.88727014196954e-08
8.84099999984106	0.48	-0.48	4.88018465911135e-08	1.76759354115212e-08	-1.76759354115212e-08

## XRT - xrtwtflux

## XRT - xrtpcflux
84.072	31.914	-13.218	1.32660349529993e-10	2.97218729406599e-11	-2.97218729406599e-11
161.458	47.298	-45.473	3.76476536360459e-11	8.45196790731671e-12	-8.45196790731671e-12
264.517	49.546	-55.762	1.69013993293824e-11	3.81023098408379e-12	-3.81023098408379e-12
363.238	38.580	-49.175	1.94255861058581e-11	4.24311494086997e-12	-4.24311494086997e-12
473.998	53.187	-72.179	1.58328552549917e-11	3.55477830541602e-12	-3.55477830541602e-12
563.663	36.233	-36.479	3.20117321916039e-11	7.15804207626409e-12	-7.15804207626409e-12
630.956	21.594	-31.059	4.58728926118743e-11	1.02993388476409e-11	-1.02993388476409e-11
709.634	50.731	-57.084	1.9579373716343e-11	4.41394926734681e-12	-4.41394926734681e-12
815.992	44.665	-55.628	1.79914404651602e-11	4.02709806704701e-12	-4.02709806704701e-12
915.636	55.342	-54.98	1.49254754227801e-11	3.36133828697114e-12	-3.36133828697114e-12
1007.238	31.438	-36.259	2.54830723664731e-11	5.57704857581982e-12	-5.57704857581982e-12
1089.049	44.905	-50.373	1.708695626035e-11	3.85601075367207e-12	-3.85601075367207e-12
1181.122	60.647	-47.168	1.55543879106215e-11	3.49225651340873e-12	-3.49225651340873e-12
1299.350	77.813	-57.582	1.32530590651785e-11	2.98164619276052e-12	-2.98164619276052e-12
1420.469	31.914	-43.306	2.55995642807456e-11	5.73589009635387e-12	-5.73589009635387e-12
1500.216	67.496	-47.833	2.06483178721143e-11	4.14651258439307e-12	-4.14651258439307e-12
4947.046	96.327	-91.721	9.18277353084629e-12	2.06775688986129e-12	-2.06775688986129e-12
5144.477	99.481	-101.104	8.36323172685435e-12	1.88321399271467e-12	-1.88321399271467e-12
5345.831	123.784	-101.874	7.06531453366932e-12	1.63154425820747e-12	-1.63154425820747e-12
5584.258	113.523	-114.642	5.49936510847413e-12	1.42582493273289e-12	-1.42582493273289e-12
5835.095	133.470	-137.314	6.16660391809774e-12	1.38858178688954e-12	-1.38858178688954e-12
6290.678	122.136	-134.638	7.90781225824775e-12	1.783447389747e-12	-1.783447389747e-12
6503.673	109.726	-90.859	6.65669542925258e-12	1.67553815271101e-12	-1.67553815271101e-12
6699.686	129.343	-86.286	7.77641123899356e-12	1.74834589459795e-12	-1.74834589459795e-12
7022.848	282.564	-193.819	5.22436544892991e-12	9.61285862312835e-13	-9.61285862312835e-13
10731.016	173.845	-134.554	4.80770556557142e-12	1.25082930119645e-12	-1.25082930119645e-12
11106.240	187.254	-201.379	3.84287985281614e-12	9.9922167305769e-13	-9.9922167305769e-13
11541.986	177.750	-248.492	3.67988810111227e-12	9.28092470088521e-13	-9.28092470088521e-13
11851.008	121.967	-131.271	7.82819121605659e-12	1.75735529397937e-12	-1.75735529397937e-12
12199.616	154.471	-226.641	3.91205565492695e-12	1.02020495331545e-12	-1.02020495331545e-12
12661.985	381.601	-307.899	3.45789169836827e-12	7.12856040074562e-13	-7.12856040074562e-13
16529.033	150.209	-195.8	4.08142390159571e-12	1.02401634868709e-12	-1.02401634868709e-12
16840.171	74.758	-160.929	5.61962204392693e-12	1.45892722664855e-12	-1.45892722664855e-12
17125.182	198.439	-210.252	3.2265344318295e-12	8.41799854727534e-13	-8.41799854727534e-13
17565.462	171.865	-241.841	3.22272701805019e-12	8.36204325628801e-13	-8.36204325628801e-13
18343.417	431.926	-606.09	2.22339005406192e-12	4.41874706670332e-13	-4.41874706670332e-13
22795.806	81.251	-134.378	6.70285575945997e-12	1.73367980415662e-12	-1.73367980415662e-12
23066.526	111.408	-189.469	4.75301761307579e-12	1.24014279796392e-12	-1.24014279796392e-12
23379.558	134.355	-201.624	4.26387827035015e-12	1.11382047072591e-12	-1.11382047072591e-12
23728.480	164.038	-214.566	4.04445224254671e-12	1.0171836711589e-12	-1.0171836711589e-12
24158.933	346.879	-266.416	3.3410962509465e-12	8.02205215256189e-13	-8.02205215256189e-13
28142.790	188.901	-242.357	3.04639866889513e-12	7.93625338242336e-13	-7.93625338242336e-13
28587.782	135.049	-256.091	3.35696942709606e-12	8.72968158305635e-13	-8.72968158305635e-13
28917.038	154.310	-194.206	3.73237377446339e-12	9.72329898006891e-13	-9.72329898006891e-13
29349.302	318.778	-277.955	2.30621994288026e-12	5.81721310914847e-13	-5.81721310914847e-13
104546.487	10907.877	-11990.439	8.73113836122823e-13	2.34913429562194e-13	-2.34913429562194e-13
141510.834	14021.737	-20662.199	4.0790585961939e-13	9.24595490255087e-14	-9.24595490255087e-14
279019.995	49012.708	-60851.369	1.94743251592907e-13	5.32175755859037e-14	-5.32175755859037e-14
