## BAT - batSNR4flux
0.0209999871253967	0.02	-0.02	1.48929790532147e-07	3.40228628281211e-08	-3.40228628281211e-08
0.0610000085830689	0.02	-0.02	9.63175211387734e-08	3.35491227473934e-08	-3.35491227473934e-08
0.100999970436096	0.02	-0.02	1.8684804088116e-07	3.34705888897847e-08	-3.34705888897847e-08
0.140999991893768	0.02	-0.02	2.47509996658808e-07	3.60257080240934e-08	-3.60257080240934e-08
0.18100001335144	0.02	-0.02	1.96346062891716e-07	3.52423493374994e-08	-3.52423493374994e-08
0.220999975204468	0.02	-0.02	1.85366364382048e-07	3.65507383521319e-08	-3.65507383521319e-08
0.26099999666214	0.02	-0.02	1.50590155427792e-07	3.30470393388376e-08	-3.30470393388376e-08
0.300999958515167	0.02	-0.02	1.57426480766104e-07	3.33822742456792e-08	-3.33822742456792e-08
0.340999979972839	0.02	-0.02	8.20764060735388e-08	2.64119986068491e-08	-2.64119986068491e-08
0.381000001430511	0.02	-0.02	1.3806310215186e-07	3.09079408398255e-08	-3.09079408398255e-08
0.420999963283539	0.02	-0.02	8.35112293891777e-08	3.04032300801516e-08	-3.04032300801516e-08
0.460999984741211	0.02	-0.02	1.54620026236602e-07	3.15259574492631e-08	-3.15259574492631e-08
0.520999987125397	0.04	-0.04	8.08785814352739e-08	2.31347467730385e-08	-2.31347467730385e-08
0.62099999109904	0.06	-0.06	8.27933317597587e-08	1.81693935469603e-08	-1.81693935469603e-08
0.700999994277954	0.02	-0.02	1.96851864544779e-07	4.0667514589826e-08	-4.0667514589826e-08
0.741000015735626	0.02	-0.02	2.58056068360551e-07	4.78479746369747e-08	-4.78479746369747e-08
0.780999977588654	0.02	-0.02	2.91798945701307e-07	5.16341136890607e-08	-5.16341136890607e-08
0.820999999046326	0.02	-0.02	3.23071774718958e-07	5.83759515089563e-08	-5.83759515089563e-08
0.860999960899353	0.02	-0.02	5.27530000730024e-07	9.10892856605781e-08	-9.10892856605781e-08
0.900999982357025	0.02	-0.02	3.837660460573e-07	9.53905359102413e-08	-9.53905359102413e-08
0.941000003814697	0.02	-0.02	6.16605043801017e-07	1.30873862317866e-07	-1.30873862317866e-07
1.0209999871254	0.06	-0.06	5.85853993750676e-07	1.0205029943472e-07	-1.0205029943472e-07
1.1009999704361	0.02	-0.02	9.27144157426087e-07	2.17827988227993e-07	-2.17827988227993e-07
1.14099999189377	0.02	-0.02	8.09776526749612e-07	1.94586147268304e-07	-1.94586147268304e-07
1.26099998474121	0.1	-0.1	3.54970779573434e-07	7.85207547573123e-08	-7.85207547573123e-08
1.38100000143051	0.02	-0.02	1.09591606097178e-06	1.73126966999191e-07	-1.73126966999191e-07
1.44099997401237	0.04	-0.04	5.32371111490339e-07	1.14402116504486e-07	-1.14402116504486e-07
1.5209999871254	0.04	-0.04	3.87333154561265e-07	1.13764835761916e-07	-1.13764835761916e-07
1.60100000023842	0.04	-0.04	5.27835555854852e-07	1.19682996556135e-07	-1.19682996556135e-07
55.900999982357	0.1	-0.1	5.53520398476966e-09	1.34444413745336e-09	-1.34444413745336e-09
56.120999991099	0.12	-0.12	5.77316623585895e-09	1.28610026288329e-09	-1.28610026288329e-09
56.500999987859	0.26	-0.26	2.61234950384872e-09	9.71750892511695e-10	-9.71750892511695e-10
57.0209999871254	0.26	-0.26	4.73361165623514e-09	1.07112965613518e-09	-1.07112965613518e-09
57.5409999863918	0.26	-0.26	3.43200678314792e-09	1.23100145773896e-09	-1.23100145773896e-09
57.8609999807676	0.06	-0.06	1.2324363460826e-08	2.86350289774406e-09	-2.86350289774406e-09
58.0609999915532	0.14	-0.14	8.24154659941276e-09	1.93834026722149e-09	-1.93834026722149e-09
58.3609999832511	0.16	-0.16	5.99433634360476e-09	1.95666162615204e-09	-1.95666162615204e-09
58.5609999787807	0.04	-0.04	1.81026215234757e-08	4.17680313807358e-09	-4.17680313807358e-09
58.7809999974569	0.06	-0.06	1.50348871847326e-08	3.47381893427936e-09	-3.47381893427936e-09
58.9209999781847	0.08	-0.08	9.91454191760645e-09	3.1703137812761e-09	-3.1703137812761e-09
59.0409999978542	0.04	-0.04	2.05914390098882e-08	4.65020445711085e-09	-4.65020445711085e-09
59.2809999835491	0.2	-0.2	9.87719540628066e-09	2.16338871683037e-09	-2.16338871683037e-09
59.7009999888593	0.22	-0.22	7.34115755278274e-09	2.2952104344807e-09	-2.2952104344807e-09
59.9809999855359	0.06	-0.06	1.97316970004157e-08	4.71188491160189e-09	-4.71188491160189e-09
60.2409999859333	0.2	-0.2	8.84961027449477e-09	2.7279689109359e-09	-2.7279689109359e-09
60.5409999918938	0.1	-0.1	1.73316531165765e-08	4.32970968600703e-09	-4.32970968600703e-09
60.7809999861036	0.14	-0.14	1.64622021322328e-08	3.82746938025178e-09	-3.82746938025178e-09
61.1809999858416	0.26	-0.26	1.21251756407964e-08	3.15418773998445e-09	-3.15418773998445e-09
61.700999989693	0.26	-0.26	1.62401225691625e-08	3.71009303331367e-09	-3.71009303331367e-09
62.2409999859333	0.28	-0.28	1.31307559819758e-08	4.23368924138123e-09	-4.23368924138123e-09
62.8009999883175	0.28	-0.28	2.26770189520922e-08	4.98332515708472e-09	-4.98332515708472e-09
63.2609999834167	0.18	-0.18	3.22455906146765e-08	7.12626942445629e-09	-7.12626942445629e-09
65.9609999871067	2.52	-2.52	2.26975776878556e-08	4.45732678942096e-09	-4.45732678942096e-09
83.6009999871494	15.1199999999998	-15.1199999999998	2.45401558997305e-07	6.20673999212205e-08	-6.20673999212205e-08
100.060999987232	1.34	-1.34	1.72715496913344e-07	4.25956053679058e-08	-4.25956053679058e-08
101.660999986575	0.26	-0.26	3.31785029837206e-07	8.26859642543501e-08	-8.26859642543501e-08
102.280999987523	0.36	-0.36	1.94606263836629e-07	6.6030699866453e-08	-6.6030699866453e-08
102.760999986728	0.12	-0.12	4.51886869268856e-07	1.12875218338787e-07	-1.12875218338787e-07
106.080999987275	3.2	-3.2	1.03599745133073e-07	2.22405410663625e-08	-2.22405410663625e-08

## XRT - xrtwtflux
104.556	0.340	-0.361	3.72272668283466e-08	4.77226401445976e-09	-1.33697847606614e-08
105.223	0.297	-0.327	4.42410686293646e-08	5.81238573443576e-09	-1.58504466828913e-08
105.928	0.358	-0.408	3.66037994291822e-08	5.8225958661496e-09	-1.23739094629069e-08
106.651	0.346	-0.364	4.27848645231348e-08	7.79237483186066e-09	-1.0972502647217e-08
107.359	0.300	-0.362	4.78345262125283e-08	8.61076088478251e-09	-1.37025593630664e-08
107.974	0.240	-0.315	5.89300784027971e-08	1.11073321347384e-08	-1.27865287518296e-08
108.527	0.228	-0.313	6.01195303216987e-08	1.10517102707648e-08	-1.39251852059464e-08
109.043	0.288	-0.289	6.44567186669227e-08	1.0780294509315e-08	-1.48724404995131e-08
109.845	0.590	-0.514	7.57979647741671e-08	8.78360592068772e-09	-8.73953130913881e-09
111.019	0.591	-0.583	8.07640090162592e-08	8.67685885854804e-09	-8.6405258108857e-09
112.020	0.424	-0.41	7.86547797629192e-08	1.01761537150183e-08	-1.01459334778621e-08
112.937	0.526	-0.492	9.87458572005809e-08	1.06106091340096e-08	-1.05692757035742e-08
113.867	0.479	-0.405	1.09795594820034e-07	1.17946982326072e-08	-1.17464971997325e-08
114.790	0.486	-0.443	9.91962783062519e-08	1.08610743162616e-08	-1.08120887655527e-08
115.792	0.616	-0.517	7.93080617754658e-08	8.52659562360077e-09	-8.48485910174597e-09
116.833	0.429	-0.425	1.04346360159631e-07	1.10705828805766e-08	-1.1027011186905e-08
117.729	0.577	-0.467	8.35850655405627e-08	8.90752596617857e-09	-8.88755631321335e-09
118.837	0.564	-0.53	7.71566087439272e-08	8.17527769602016e-09	-8.158356757874e-09
119.888	0.481	-0.487	7.8738647881155e-08	8.60214732753662e-09	-8.58231720570944e-09
120.917	0.432	-0.548	7.41158633186642e-08	7.99539994824958e-09	-7.97865103626599e-09
121.818	0.480	-0.469	7.7362031739782e-08	8.29723288313279e-09	-8.27682285076956e-09
122.732	0.459	-0.434	8.16870232624748e-08	8.87701648862824e-09	-8.8488619899392e-09
123.602	0.361	-0.411	9.38637182212543e-08	1.01982384601968e-08	-1.0167890264936e-08
124.362	0.492	-0.4	8.25124568434686e-08	8.74870142120918e-09	-8.72482017589472e-09
125.303	0.486	-0.45	7.66545636168274e-08	8.18482355450653e-09	-8.15159825890579e-09
126.265	0.527	-0.475	7.07807935189071e-08	7.50498462337166e-09	-7.48051466695427e-09
127.347	0.558	-0.556	6.2190220204942e-08	6.75236081424957e-09	-6.73660064087203e-09
128.456	0.533	-0.551	6.65666788854324e-08	7.06089577077171e-09	-7.03522259754848e-09
129.388	0.420	-0.4	5.7044991161589e-08	7.51823368347222e-09	-7.49669866642595e-09
130.374	0.582	-0.566	5.94553585329304e-08	6.42065855865999e-09	-6.40331288076372e-09
131.418	0.346	-0.462	5.57032223141213e-08	7.19682134169619e-09	-7.18547386376698e-09
132.192	0.478	-0.428	4.87419619292959e-08	6.35479199986484e-09	-6.34580697452356e-09
133.223	0.510	-0.554	4.11363216256312e-08	5.41882711234318e-09	-5.4057943313019e-09
134.228	0.541	-0.494	4.14503384349448e-08	5.61515238726771e-09	-5.60261162690106e-09
135.186	0.537	-0.417	4.56550681721831e-08	6.06875866399227e-09	-6.05576355204733e-09
136.351	0.512	-0.628	3.91575907031584e-08	5.01278657008366e-09	-5.00505456081952e-09
137.496	0.568	-0.633	3.71247447490847e-08	4.80500778393825e-09	-4.78949781272145e-09
138.538	0.410	-0.474	5.27027416228256e-08	6.64247169532753e-09	-6.61598674429598e-09
139.606	0.696	-0.658	3.41641486177041e-08	4.45759361608627e-09	-4.44798746925397e-09
141.031	0.829	-0.729	2.82887168842099e-08	3.86854086705215e-09	-3.86010869442616e-09
142.900	1.136	-1.04	2.10227001191912e-08	2.6966345232016e-09	-2.68742127213781e-09
144.857	0.925	-0.821	2.58213525768031e-08	3.50049704154082e-09	-3.49035442753961e-09
146.868	1.214	-1.087	2.21840966907564e-08	2.87299319705238e-09	-2.8619556162834e-09
148.544	0.441	-0.462	2.49269882182337e-08	5.18148727915581e-09	-4.7556661157134e-09
149.329	0.429	-0.343	2.74033054215149e-08	6.07297597389696e-09	-5.29978615622237e-09
150.193	0.334	-0.435	2.81059508421679e-08	5.34368009332262e-09	-5.67372792698817e-09
151.026	0.507	-0.5	2.12400831108047e-08	4.18446323335447e-09	-4.31680951535081e-09
152.166	0.452	-0.632	1.98729528215792e-08	4.85552365999042e-09	-3.68294501639576e-09
153.039	0.430	-0.422	2.4381616766367e-08	5.34816455120618e-09	-4.69460842519142e-09
154.118	0.579	-0.649	1.56208264234644e-08	3.19661665229551e-09	-3.15564845129744e-09
155.301	0.465	-0.604	1.82750497173211e-08	4.11055691425191e-09	-3.49719281560829e-09
156.265	0.529	-0.499	1.88274292380744e-08	4.44022263963485e-09	-3.71218008910638e-09
157.680	0.963	-0.886	1.11145983434217e-08	2.19808670240484e-09	-2.23259388107376e-09
159.499	0.756	-0.856	1.34498915863228e-08	2.83759492170211e-09	-2.64253654575394e-09
161.031	0.716	-0.776	1.43125808198695e-08	3.34084797411205e-09	-2.73969020608478e-09
162.266	0.344	-0.519	1.14723122290174e-08	1.82386640664458e-09	-1.7173204911804e-09
162.956	0.215	-0.345	1.09583769204219e-08	1.49033625861184e-09	-1.52360522588749e-09
163.452	0.272	-0.282	1.11297866590222e-08	1.51797293529847e-09	-1.55294739215242e-09
163.999	0.300	-0.275	1.05878311489969e-08	1.48542373265481e-09	-1.52118932482643e-09
164.561	0.280	-0.262	1.14071089514508e-08	1.58633962757936e-09	-1.62585382061441e-09
165.148	0.281	-0.306	1.04284063398379e-08	1.44928515294155e-09	-1.48514572237432e-09
165.767	0.290	-0.338	9.41730964894478e-09	1.32066792071592e-09	-1.34824527172936e-09
166.418	0.376	-0.362	8.43473861318761e-09	1.14877922771026e-09	-1.17484194784152e-09
167.208	0.352	-0.413	8.96457545523118e-09	1.22515736856568e-09	-1.25252160291874e-09
167.902	0.341	-0.342	1.08132061224422e-08	1.46656518452896e-09	-1.4982913803934e-09
168.620	0.331	-0.377	1.03735831428663e-08	1.44568597145311e-09	-1.47356188702626e-09
169.284	0.349	-0.333	1.12876942379563e-08	1.54755706639623e-09	-1.58524623492665e-09
170.033	0.344	-0.4	1.0342863767755e-08	1.42333606348523e-09	-1.45064983961829e-09
170.713	0.397	-0.337	1.09977479884098e-08	1.49493099754276e-09	-1.52356567396398e-09
171.528	0.449	-0.417	9.87285036931172e-09	1.35156632026774e-09	-1.38397574409849e-09
172.405	0.415	-0.428	1.06323436714822e-08	1.47876479964576e-09	-1.515647242626e-09
173.160	0.436	-0.34	1.10841112216228e-08	1.49837893536198e-09	-1.52955340483396e-09
173.924	0.290	-0.328	8.77073998869915e-09	1.40171212350151e-09	-1.42239934033e-09
174.638	0.362	-0.425	9.65591649711668e-09	1.31330815994726e-09	-1.34265735722759e-09
175.288	0.335	-0.288	7.780388279126e-09	1.25188120769418e-09	-1.27260702593016e-09
176.014	0.351	-0.391	9.10876189319489e-09	1.27272683871442e-09	-1.3020612752031e-09
176.698	0.305	-0.333	6.93948709946081e-09	1.12474549831251e-09	-1.14554860967255e-09
177.327	0.306	-0.324	6.66857940365811e-09	1.08991588082479e-09	-1.10720114477834e-09
177.939	0.330	-0.306	6.95457627453808e-09	1.11645015731088e-09	-1.13739742932803e-09
178.699	0.417	-0.431	7.73927204294851e-09	1.08043746751238e-09	-1.10839938673335e-09
179.475	0.333	-0.358	6.36913331934143e-09	1.09225768477427e-09	-1.11280996594735e-09
180.160	0.442	-0.353	5.8084716426591e-09	9.35060633211915e-10	-9.50665272041059e-10
180.963	0.465	-0.36	5.53522405140724e-09	9.0471651229623e-10	-9.1907292863663e-10
181.726	0.335	-0.298	7.23846946407977e-09	1.19117302524347e-09	-1.21224210774756e-09
182.398	0.391	-0.337	6.15543300834664e-09	1.02880375983534e-09	-1.04620377532665e-09
183.177	0.333	-0.388	6.1648999002874e-09	9.92774790114746e-10	-1.00943013083694e-09
183.896	0.346	-0.387	5.70449886255851e-09	9.50833680164167e-10	-9.66215272766948e-10
184.624	0.386	-0.381	5.47019136520812e-09	8.89042382347411e-10	-9.06136027330779e-10
185.397	0.317	-0.388	6.06326709217913e-09	9.83168333308793e-10	-1.00147057792675e-09
186.177	0.435	-0.463	4.84257074584975e-09	7.78182996987069e-10	-7.90800038769596e-10
187.027	0.331	-0.414	5.9535010140165e-09	9.57129043584272e-10	-9.72761413256134e-10
187.943	0.614	-0.585	3.85818831176439e-09	6.40930346155936e-10	-6.50721238897487e-10
189.096	0.479	-0.539	5.18906064526234e-09	8.33395258314514e-10	-8.46783757095263e-10
190.019	0.475	-0.445	6.23286302096778e-09	1.01161729655862e-09	-1.03070105467622e-09
191.145	0.591	-0.651	5.02818344328763e-09	8.19604268661512e-10	-8.32015116973819e-10
192.373	0.623	-0.637	5.04719934212097e-09	8.16899190091658e-10	-8.317035341655e-10
193.583	0.570	-0.587	4.8795440260006e-09	7.90025211496385e-10	-8.04412268534636e-10
194.652	0.527	-0.499	4.87368410077861e-09	7.95094432462431e-10	-8.07314525706375e-10
195.592	0.464	-0.413	5.21095017250116e-09	8.57569616170075e-10	-8.72750237944342e-10
196.597	0.409	-0.541	4.5902606020371e-09	7.37919539037611e-10	-7.49964790897961e-10
197.575	0.737	-0.569	3.46842427361666e-09	5.66327330033623e-10	-5.75162800558681e-10
198.935	0.739	-0.624	3.62427275135385e-09	5.88513456161331e-10	-5.99690120305436e-10
200.714	0.793	-1.04	2.87579231830193e-09	4.83428563520438e-10	-4.92352182795173e-10
202.452	0.815	-0.945	2.97020648867705e-09	5.08318750757498e-10	-5.17605632692087e-10
204.057	0.756	-0.79	3.10778643424094e-09	5.05235868712632e-10	-5.14987388201063e-10
205.402	0.656	-0.59	3.53107144061002e-09	5.75648066002264e-10	-5.87183055317955e-10
206.652	0.618	-0.594	3.21542047932999e-09	5.31649729412854e-10	-5.41719648415119e-10
207.719	0.590	-0.449	3.68644428361982e-09	6.13541355044453e-10	-6.26235892585045e-10
208.891	0.565	-0.582	3.40626890839962e-09	5.64462624011191e-10	-5.7813547481613e-10
209.996	0.529	-0.54	3.65939523372296e-09	6.02484160546934e-10	-6.16087973393362e-10
211.089	0.526	-0.563	3.50731938855378e-09	5.78424171606748e-10	-5.91746038637604e-10
212.059	0.484	-0.445	3.96730274927029e-09	6.69407212599813e-10	-6.8558754336548e-10
212.889	0.349	-0.346	5.27229046025656e-09	8.90607927160685e-10	-9.12366310697505e-10
213.704	0.524	-0.465	3.60096749212879e-09	6.19220862928718e-10	-6.31325366482872e-10
214.604	0.325	-0.376	5.08747841326662e-09	8.75780051117252e-10	-8.93148403834022e-10
215.436	0.472	-0.507	3.77091857767642e-09	6.18043249500181e-10	-6.31296387444022e-10
216.314	0.290	-0.407	5.3239021706589e-09	8.75994825947125e-10	-8.95667575232021e-10
216.977	0.313	-0.372	5.49138692265199e-09	8.90732200008583e-10	-9.07388195402957e-10
217.779	0.401	-0.489	4.36177693867512e-09	6.99970811622577e-10	-7.13037737495697e-10
218.525	0.335	-0.346	5.48114588557752e-09	8.87576177422787e-10	-9.03780179858588e-10
219.150	0.346	-0.289	5.81218365686219e-09	9.3269415148693e-10	-9.47472243888309e-10
219.854	0.315	-0.358	5.84883838478984e-09	9.28472043148255e-10	-9.43968604836793e-10
220.509	0.305	-0.34	5.76407961500005e-09	9.5770002653889e-10	-9.77050990183293e-10
221.177	0.341	-0.363	5.35794028802311e-09	8.89083993443841e-10	-9.09281519326117e-10
221.929	0.316	-0.41	5.0381250883644e-09	8.29752544866671e-10	-8.44608802241021e-10
222.708	0.353	-0.463	6.64615828396467e-09	9.10012242451982e-10	-9.29113379568363e-10
223.454	0.393	-0.393	6.79722342839311e-09	9.43113988632178e-10	-9.63174269479049e-10
224.248	0.375	-0.4	6.76335954606993e-09	9.58730501330576e-10	-9.78362082263632e-10
225.012	0.312	-0.389	7.72379927952559e-09	1.07081961990824e-09	-1.09338011613217e-09
225.697	0.422	-0.373	6.92302695864953e-09	9.43088249222862e-10	-9.61664777274603e-10
226.446	0.332	-0.327	8.38801352638036e-09	1.14374146205599e-09	-1.17002658301064e-09
227.141	0.380	-0.364	7.35100723578221e-09	1.01857629180761e-09	-1.0460802233214e-09
227.900	0.371	-0.378	7.16410261430091e-09	9.75221693610512e-10	-9.94266926425935e-10
228.621	0.359	-0.351	7.52508878241552e-09	1.01753223110144e-09	-1.03567393496842e-09
229.333	0.360	-0.353	7.50458201712679e-09	1.01461425515975e-09	-1.0326666647297e-09
230.000	0.307	-0.306	8.93831673415034e-09	1.21585124026414e-09	-1.24305413292713e-09
230.630	0.329	-0.322	8.44060954937321e-09	1.15599776975401e-09	-1.18033416964859e-09
231.283	0.316	-0.324	8.54264439158656e-09	1.18507324595406e-09	-1.21385987722218e-09
231.863	0.280	-0.264	1.00425080094231e-08	1.40729866762353e-09	-1.44505053737001e-09
232.426	0.285	-0.283	9.82548677967867e-09	1.3529953501805e-09	-1.38742820271186e-09
233.020	0.286	-0.309	9.33437526396828e-09	1.28155432053627e-09	-1.31321953638597e-09
233.683	0.348	-0.378	7.23146802727952e-09	1.01125975288461e-09	-1.03164107062269e-09
234.296	0.298	-0.265	9.35206154159727e-09	1.30931953585745e-09	-1.34015751268019e-09
234.896	0.272	-0.302	9.41093627721839e-09	1.2956355961597e-09	-1.32854030913494e-09
235.428	0.247	-0.26	1.05650971700417e-08	1.4696128614428e-09	-1.50631187566423e-09
236.010	0.288	-0.335	8.57494801207891e-09	1.16749531334263e-09	-1.19388568248584e-09
236.688	0.348	-0.39	7.19698987699678e-09	9.8189803196591e-10	-1.00162135556261e-09
237.384	0.385	-0.348	7.28913897321754e-09	9.89462334833183e-10	-1.00807588241457e-09
238.031	0.288	-0.262	9.83470079903981e-09	1.35628312022309e-09	-1.39130611572228e-09
238.586	0.251	-0.267	1.03968267140867e-08	1.42075651703865e-09	-1.45418426386262e-09
239.110	0.246	-0.273	1.02779231438116e-08	1.41379557367987e-09	-1.44511702809159e-09
239.624	0.261	-0.268	1.0139155100294e-08	1.42078710275413e-09	-1.45456977547675e-09
240.224	0.319	-0.339	8.36082210999858e-09	1.15718103827899e-09	-1.1867056222505e-09
240.851	0.311	-0.308	8.72735673318406e-09	1.19868745245676e-09	-1.22842052496439e-09
241.438	0.308	-0.276	9.2022848055167e-09	1.26887776209158e-09	-1.3015955299343e-09
242.001	0.272	-0.256	1.0086879419626e-08	1.41216452880238e-09	-1.44971017371997e-09
242.557	0.286	-0.283	9.4639855262417e-09	1.30679099726078e-09	-1.34094422585273e-09
243.131	0.265	-0.288	9.54681871169921e-09	1.32579671993682e-09	-1.35429661687564e-09
243.699	0.263	-0.302	9.42216186920964e-09	1.29542063053534e-09	-1.32395771487625e-09
244.256	0.263	-0.294	9.47014371259573e-09	1.30705213032832e-09	-1.33311108602109e-09
244.823	0.256	-0.304	9.42804869686171e-09	1.29452226430688e-09	-1.31862336545547e-09
245.454	0.300	-0.375	7.89426537984154e-09	1.08653192505517e-09	-1.10742248549692e-09
246.041	0.220	-0.288	1.07057247838948e-08	1.45386889326042e-09	-1.485794013155e-09
246.506	0.271	-0.245	1.03561195835458e-08	1.41160785182298e-09	-1.43962660667621e-09
247.065	0.264	-0.288	9.44396279929984e-09	1.28914975353449e-09	-1.31521194955662e-09
247.720	0.434	-0.392	6.04944026816985e-09	8.40292154177811e-10	-8.55791088941026e-10
248.398	0.265	-0.244	1.02599152142364e-08	1.36830861683569e-09	-1.39454649576749e-09
248.983	0.258	-0.321	8.803372150312e-09	1.19504611097666e-09	-1.21753018057368e-09
249.622	0.414	-0.381	6.4726904062036e-09	8.71454833170955e-10	-8.88698537674556e-10
250.347	0.271	-0.311	8.82585877543461e-09	1.20466860709048e-09	-1.22899591638806e-09
250.956	0.279	-0.338	8.35150903225505e-09	1.15140903438542e-09	-1.17757766471785e-09
251.516	0.325	-0.28	8.50803118980828e-09	1.1710558772896e-09	-1.19718820615373e-09
252.216	0.310	-0.376	7.51575105621712e-09	1.02111007649718e-09	-1.03931366038157e-09
252.847	0.274	-0.32	8.58973814942618e-09	1.15921390514895e-09	-1.17930735891233e-09
253.379	0.256	-0.258	1.07325604276512e-08	1.40519832497683e-09	-1.4352029227789e-09
253.961	0.294	-0.325	8.3221105163681e-09	1.13849281495779e-09	-1.16559653664382e-09
254.559	0.357	-0.305	7.91138500459126e-09	1.09057512765307e-09	-1.11861806953599e-09
255.214	0.270	-0.298	9.44528749383099e-09	1.32101969669493e-09	-1.35581043755745e-09
255.824	0.305	-0.34	8.40155413640196e-09	1.1672902176066e-09	-1.19959073271731e-09
256.437	0.366	-0.308	7.74510979293917e-09	1.0789196138785e-09	-1.10625665556303e-09
257.106	0.292	-0.302	8.71979310412993e-09	1.20506022417944e-09	-1.23317477130373e-09
257.814	0.436	-0.416	6.38288826915182e-09	8.84560273765732e-10	-9.03107963413935e-10
258.611	0.296	-0.36	8.7767528039486e-09	1.21850398952349e-09	-1.24461319110638e-09
259.259	0.358	-0.352	8.05108975555099e-09	1.1158338949286e-09	-1.14602611849857e-09
260.105	0.285	-0.489	7.02407304575258e-09	9.76341453970025e-10	-9.993810827724e-10
260.705	0.365	-0.315	7.93341842100888e-09	1.0826970554643e-09	-1.10781213380832e-09
261.423	0.309	-0.353	8.37341791210302e-09	1.12702393488148e-09	-1.14924561028577e-09
262.145	0.411	-0.413	6.79039451623539e-09	9.18686345388021e-10	-9.37986758097621e-10
262.831	0.258	-0.276	1.01727398235309e-08	1.40959789075743e-09	-1.44343555403854e-09
263.390	0.337	-0.3	8.34512507094684e-09	1.18280792107377e-09	-1.21432341697767e-09
264.088	0.298	-0.362	8.22409644349904e-09	1.12082130430139e-09	-1.14643374629295e-09
264.708	0.257	-0.322	9.2221966862315e-09	1.28639200897834e-09	-1.31549046296823e-09
265.268	0.341	-0.303	8.52050801811459e-09	1.18154358852501e-09	-1.21367531789333e-09
265.941	0.343	-0.333	8.05612819164737e-09	1.15861217550806e-09	-1.19361192467709e-09
266.628	0.309	-0.344	8.41264108104754e-09	1.19113691063369e-09	-1.22608872014191e-09
267.327	0.384	-0.39	7.02975644866279e-09	9.67104008141224e-10	-9.91488238888363e-10
268.126	0.429	-0.414	6.30483320911584e-09	8.82206444058997e-10	-9.02858396075522e-10
268.997	0.325	-0.442	7.44801833474284e-09	1.0135351339361e-09	-1.03631552982557e-09
269.724	0.438	-0.402	6.92283437265422e-09	9.70990964927832e-10	-9.94306921491549e-10
270.460	0.378	-0.298	9.00443038313962e-09	1.25044439556919e-09	-1.28115435063866e-09
271.184	0.340	-0.346	9.05336566666466e-09	1.22147913774272e-09	-1.24629933929589e-09
271.958	0.406	-0.434	6.88537769822747e-09	9.71278799990631e-10	-9.9600509167584e-10
272.776	0.417	-0.412	6.84145685048184e-09	9.53310139005984e-10	-9.8037716331447e-10
273.590	0.368	-0.397	6.10974171661767e-09	9.37592900819817e-10	-9.5927254654924e-10
274.414	0.405	-0.456	6.88933515390685e-09	9.71451800402015e-10	-9.96085028796413e-10
275.118	0.350	-0.299	6.25806530617832e-09	1.00553672923869e-09	-1.02274532651585e-09
275.849	0.381	-0.38	7.41069975345373e-09	1.0315504333333e-09	-1.05749051233155e-09
276.603	0.367	-0.373	5.32120873724426e-09	8.67619701351824e-10	-8.85041742544564e-10
277.374	0.468	-0.403	7.0643156198046e-09	9.97121346696754e-10	-1.02448890671858e-09
278.185	0.287	-0.343	6.68241504055596e-09	1.08557529454476e-09	-1.1042234195509e-09
278.847	0.315	-0.375	5.60698806968117e-09	9.21037551021223e-10	-9.36885919783443e-10
279.505	0.356	-0.343	5.2198057565823e-09	8.47387692191829e-10	-8.63424568450464e-10
280.223	0.419	-0.362	4.64798114427387e-09	7.6878146143412e-10	-7.83424381471691e-10
280.896	0.351	-0.254	6.31130614385131e-09	1.0210297151748e-09	-1.03940910676291e-09
281.604	0.299	-0.357	6.03540262520498e-09	9.66086560627903e-10	-9.80752416175562e-10
282.357	0.321	-0.453	5.10006796574173e-09	8.39642465557887e-10	-8.50449521481805e-10
283.044	0.319	-0.366	6.11699147819625e-09	9.90066397462438e-10	-1.00610103072159e-09
283.789	0.394	-0.427	7.62974560777775e-09	1.05653510847632e-09	-1.081720517617e-09
284.596	0.284	-0.414	6.02748231416437e-09	9.87118530819626e-10	-1.00330396264117e-09
285.235	0.401	-0.355	5.58109791249175e-09	9.11433445347417e-10	-9.25687735506048e-10
285.919	0.331	-0.283	6.79842853820454e-09	1.11510844485032e-09	-1.13385600156257e-09
286.651	0.368	-0.401	5.13300012325388e-09	8.29450580709333e-10	-8.44126444607349e-10
287.414	0.453	-0.396	4.25837143072654e-09	7.00550702606277e-10	-7.12884013425864e-10
288.233	0.378	-0.366	4.89271730068268e-09	7.99662775797904e-10	-8.16224637281732e-10
289.102	0.514	-0.491	3.87035061321008e-09	6.26009745246785e-10	-6.37244720217609e-10
290.026	0.410	-0.41	5.15652329730645e-09	8.326634100237e-10	-8.47240226448802e-10
290.789	0.355	-0.353	5.59852424313576e-09	9.45559727718943e-10	-9.59472167245696e-10
291.559	0.407	-0.415	4.83774308616534e-09	7.75739562021961e-10	-7.87875211631355e-10
292.335	0.380	-0.369	5.09641347714146e-09	8.19567967983451e-10	-8.3301475188905e-10
293.189	0.379	-0.473	4.54940353085654e-09	7.56450723055463e-10	-7.71910184961608e-10
293.977	0.375	-0.41	5.15315771166626e-09	8.48860669313256e-10	-8.64098323696108e-10
294.743	0.347	-0.391	5.7860786702423e-09	9.37305521918094e-10	-9.54509350217352e-10
295.439	0.304	-0.348	6.39086939822715e-09	1.07118303564206e-09	-1.09011522352009e-09
296.022	0.358	-0.279	6.56708213067532e-09	1.0891155717422e-09	-1.11063542696722e-09
296.749	0.304	-0.369	6.03725021057399e-09	1.00863950671309e-09	-1.02558709604985e-09
297.453	0.377	-0.4	6.76300100337543e-09	9.92239531862356e-10	-1.01413803223314e-09
298.194	0.321	-0.364	6.19412459551739e-09	1.0137824877664e-09	-1.03023872312247e-09
298.928	0.262	-0.413	6.61567493633097e-09	1.05752690596936e-09	-1.07319956794698e-09
299.491	0.336	-0.301	7.09534265174038e-09	1.15363554468928e-09	-1.17033301171544e-09
300.230	0.360	-0.404	8.60610166168952e-09	1.19846548733968e-09	-1.23230341217716e-09
300.993	0.454	-0.404	7.34062229775985e-09	1.03877476214419e-09	-1.07210110094751e-09
301.830	0.314	-0.383	8.68590440367074e-09	1.20936645895773e-09	-1.24343107766812e-09
302.480	0.287	-0.336	6.43020400136099e-09	1.03687457533629e-09	-1.05463731539869e-09
303.192	0.392	-0.424	7.17366296918634e-09	9.85670732254335e-10	-1.01021471658779e-09
303.939	0.423	-0.355	7.34723466199663e-09	1.03388257854558e-09	-1.05956148318658e-09
304.778	0.413	-0.416	6.93001581671246e-09	9.56173433929708e-10	-9.78092219971014e-10
305.585	0.353	-0.394	7.7548685924701e-09	1.05468964033841e-09	-1.07824611414229e-09
306.362	0.410	-0.424	6.82495993992916e-09	9.6598513664705e-10	-9.91385451528354e-10
307.204	0.385	-0.432	6.92162272332336e-09	9.82128955043869e-10	-1.00856861691327e-09
308.002	0.407	-0.413	6.68902131772953e-09	9.49259748225133e-10	-9.71942948207743e-10
308.842	0.359	-0.433	6.96553534752667e-09	9.85927952748153e-10	-1.0118656985025e-09
309.508	0.264	-0.307	1.03661814048989e-08	1.45324543437216e-09	-1.49237471958726e-09
310.167	0.366	-0.396	8.33881348286846e-09	1.1442170328301e-09	-1.1723205339344e-09
310.886	0.343	-0.353	9.22371850419713e-09	1.27780534110836e-09	-1.30840137553475e-09
311.635	0.300	-0.406	8.73377077606719e-09	1.25670745433829e-09	-1.28723678575311e-09
312.176	0.339	-0.241	1.08498704102441e-08	1.53925571735109e-09	-1.58063418598402e-09
312.906	0.405	-0.39	7.95933811115214e-09	1.13722274855315e-09	-1.17303173242222e-09
313.661	0.307	-0.351	9.66566707542727e-09	1.36267338033322e-09	-1.40513062310375e-09
314.281	0.298	-0.312	1.03938001672965e-08	1.42457254967312e-09	-1.4591599697104e-09
314.971	0.313	-0.392	8.98010490074753e-09	1.22346678060269e-09	-1.2513276004041e-09
315.597	0.270	-0.314	1.07133455810957e-08	1.49192132923453e-09	-1.52960177316192e-09
316.150	0.254	-0.284	1.11949265263287e-08	1.56747925200853e-09	-1.60920175981337e-09
316.710	0.231	-0.306	1.08177885495924e-08	1.48727494245861e-09	-1.52453501859006e-09
317.251	0.242	-0.309	1.03576174105774e-08	1.41572947912797e-09	-1.45161233202434e-09
317.837	0.338	-0.344	8.26368776920872e-09	1.16649059272988e-09	-1.19638287317649e-09
318.461	0.265	-0.287	1.03246534663312e-08	1.45814158857093e-09	-1.49119528325564e-09
318.969	0.294	-0.243	1.15128755514358e-08	1.53276213164187e-09	-1.56499830514026e-09
319.512	0.270	-0.248	1.13220954891998e-08	1.53572250317124e-09	-1.56710443980337e-09
320.060	0.231	-0.279	1.33860207856978e-08	1.70305547483262e-09	-1.74407359265388e-09
320.571	0.284	-0.28	9.95880150290583e-09	1.36446271313753e-09	-1.39746392149556e-09
321.122	0.264	-0.266	1.0146282764964e-08	1.41039440399512e-09	-1.44537403704546e-09
321.629	0.266	-0.243	1.14120028600407e-08	1.53473303081728e-09	-1.57436790444535e-09
322.154	0.249	-0.26	1.03317446417341e-08	1.46574770068656e-09	-1.50514083245225e-09
322.662	0.305	-0.259	9.41915262639863e-09	1.325052034418e-09	-1.36185446438711e-09
323.217	0.252	-0.25	1.20508842636611e-08	1.59428111798438e-09	-1.64240173531458e-09
323.735	0.237	-0.266	1.27698940024693e-08	1.64760479181679e-09	-1.69921010554433e-09
324.244	0.243	-0.271	1.04214124728285e-08	1.44847484331661e-09	-1.48868957421242e-09
324.762	0.227	-0.275	1.13622477442862e-08	1.58411523642767e-09	-1.62779236515081e-09
325.260	0.232	-0.271	1.12008528879165e-08	1.5902522692414e-09	-1.63099792122325e-09
325.754	0.265	-0.262	1.13629520553242e-08	1.55888275392499e-09	-1.60507012141549e-09
326.297	0.256	-0.278	1.04303888890905e-08	1.47425439192366e-09	-1.51692606798321e-09
326.821	0.240	-0.268	1.45784319972222e-08	1.87530378673014e-09	-1.95381033768228e-09
327.283	0.288	-0.222	1.21087065895918e-08	1.6722151054288e-09	-1.73719017754657e-09
327.849	0.225	-0.277	1.39988778270089e-08	1.79154953077681e-09	-1.85354688285429e-09
328.360	0.489	-0.286	1.82162376838495e-08	3.56040397412639e-09	-3.22819105054468e-09
329.249	0.486	-0.4	2.04938912987844e-08	4.92725174184091e-09	-3.97234742884776e-09
330.244	0.651	-0.509	1.59422536558926e-08	3.60716920344138e-09	-3.23498284528663e-09
331.263	0.481	-0.367	2.27861931133281e-08	5.23886727876315e-09	-4.43894668471564e-09
332.123	0.361	-0.379	2.56200583266133e-08	5.89147323164191e-09	-5.09877070366586e-09
332.908	0.478	-0.424	2.0931152209408e-08	4.83370190274851e-09	-4.18336616137032e-09
333.812	0.435	-0.426	2.22782096837323e-08	5.04554246683267e-09	-4.45201111419768e-09
334.699	0.388	-0.452	2.19738019117502e-08	5.05044003104383e-09	-4.47514303042047e-09
335.405	0.372	-0.319	2.75754154503188e-08	6.0424114088459e-09	-5.64590233233457e-09
336.152	0.335	-0.375	2.69405508222058e-08	6.56751859405959e-09	-5.01336496722733e-09
336.985	0.508	-0.499	1.80533970878695e-08	4.34583919652804e-09	-3.49597755831949e-09
338.068	0.483	-0.574	1.76784096390134e-08	4.2331873157702e-09	-3.38491226069507e-09
339.010	0.574	-0.46	1.93169061656213e-08	3.97673596761903e-09	-3.78508501622636e-09
340.038	0.469	-0.454	2.19909879291933e-08	3.92674050068719e-09	-4.55531462185139e-09
341.005	0.448	-0.497	2.13992530587369e-08	4.94091522222718e-09	-4.09955156102875e-09
341.848	0.415	-0.396	2.32609364421379e-08	5.7032258224701e-09	-4.49287458338515e-09
342.599	0.410	-0.335	2.55201598093564e-08	5.73466080125655e-09	-4.90221455773393e-09
343.395	0.516	-0.386	2.11482813648308e-08	4.79852222559252e-09	-4.04866644665556e-09
344.224	0.323	-0.312	3.10731007045677e-08	6.99047483374937e-09	-6.00374655997909e-09
344.961	0.307	-0.415	2.86464276234662e-08	6.88155878106741e-09	-5.3733097706161e-09
345.694	0.354	-0.425	2.6812625712614e-08	6.37581304439912e-09	-5.08003759828651e-09
346.438	0.368	-0.39	2.7428720709454e-08	6.40706506661005e-09	-5.20174930508822e-09
347.163	0.381	-0.358	2.79443226625106e-08	6.92128159943661e-09	-5.22371828630847e-09
347.961	0.442	-0.417	2.35284681871079e-08	5.14771426614924e-09	-4.56587447918331e-09
348.884	0.480	-0.48	2.12349455041134e-08	4.19540812425818e-09	-4.25922310915331e-09
349.759	0.338	-0.395	2.85049863627534e-08	5.89712794904902e-09	-5.59803417887512e-09
350.508	0.306	-0.411	2.91414170367724e-08	7.08989294548808e-09	-5.48209536894512e-09
351.113	0.379	-0.299	3.07030134786689e-08	7.67889417993493e-09	-5.76970806248204e-09
351.905	0.345	-0.413	2.85328876367075e-08	6.92299075883991e-09	-5.4086569870553e-09
352.607	0.351	-0.357	3.13696990771533e-08	7.64302001369827e-09	-5.88301351112452e-09
353.397	0.406	-0.439	2.62422167725054e-08	6.4814555546133e-09	-4.86799886093056e-09
354.132	0.370	-0.329	3.00708233735187e-08	7.15524413940846e-09	-5.83102711727622e-09
354.830	0.398	-0.328	2.89506412873307e-08	6.59840173777205e-09	-5.52361540035782e-09
355.849	0.585	-0.621	1.57801653392889e-08	3.34743576314365e-09	-3.14603474994773e-09
357.048	0.480	-0.614	1.8216187161719e-08	3.81627165829888e-09	-3.83005902477283e-09
357.898	0.353	-0.369	2.77835395859663e-08	5.73963900578698e-09	-6.07942320954097e-09
358.585	0.338	-0.334	3.00069744261951e-08	6.3803032770423e-09	-6.23434796364128e-09
359.458	0.517	-0.535	2.10053814159235e-08	4.66297415577082e-09	-4.26018891869688e-09
360.427	0.441	-0.452	2.79820743495046e-08	6.49579955028253e-09	-5.48891198780484e-09
361.283	0.316	-0.415	3.83443952094821e-08	9.20570462672264e-09	-7.27539149852796e-09
362.038	0.387	-0.438	3.65583624644924e-08	9.05327146724659e-09	-6.85330652187282e-09
362.981	0.534	-0.556	2.83726986193431e-08	7.02245452609138e-09	-5.33235904271231e-09
364.074	0.469	-0.559	3.11063267105936e-08	7.72679123859229e-09	-5.78427181048646e-09
365.015	0.556	-0.471	3.07136248940157e-08	7.5789995890468e-09	-5.8796871609468e-09
366.012	0.444	-0.442	3.6740346920292e-08	8.83722835428723e-09	-7.06491848652756e-09
366.964	0.453	-0.508	3.52610450010292e-08	8.2472110893288e-09	-6.7793052166044e-09
368.056	0.589	-0.639	2.6694254915734e-08	6.36283026665266e-09	-5.24900610148241e-09
369.179	0.497	-0.535	3.26694131258968e-08	7.99879628060022e-09	-6.19532162820724e-09
370.339	0.635	-0.662	2.62098011766759e-08	6.43562633562183e-09	-4.91020503478962e-09
371.517	0.541	-0.544	3.10181238338234e-08	7.11376701983011e-09	-5.95294585228518e-09
372.727	0.587	-0.669	2.78266702824831e-08	5.90748520250499e-09	-5.38571602272181e-09
374.070	0.693	-0.755	2.35569283410761e-08	4.99600409613442e-09	-4.6731684595793e-09
375.291	0.577	-0.528	2.96976196523132e-08	6.14895056509869e-09	-5.79645245393754e-09
376.599	0.685	-0.731	2.08251470781948e-08	4.31082803912482e-09	-4.1135958845543e-09
378.134	0.790	-0.85	1.60605169373206e-08	3.37851549074601e-09	-3.17483116805081e-09
379.364	0.298	-0.44	1.48288498103943e-08	2.18627819209126e-09	-2.18841928346508e-09
379.931	0.233	-0.269	1.509534372963e-08	2.05048192644703e-09	-2.09312840405744e-09
380.456	0.286	-0.292	1.31357433848001e-08	1.7790533317131e-09	-1.81690613779659e-09
381.053	0.271	-0.31	1.30512791853098e-08	1.78834763164966e-09	-1.82621798015413e-09
381.599	0.268	-0.275	1.42487281634733e-08	1.93478510976158e-09	-1.97720897953617e-09
382.177	0.315	-0.31	1.22777294053546e-08	1.6866391570964e-09	-1.72343921986345e-09
382.825	0.296	-0.334	1.21334052793043e-08	1.65115895061685e-09	-1.68827253235157e-09
383.412	0.312	-0.291	1.22829394785233e-08	1.70607808858621e-09	-1.74282750280012e-09
384.136	0.338	-0.411	9.84406009602293e-09	1.35268631887336e-09	-1.3822941486152e-09
384.738	0.290	-0.265	1.36381618517203e-08	1.85435175472271e-09	-1.89563527995362e-09
385.336	0.271	-0.307	1.37265238712507e-08	1.86575934199479e-09	-1.90714353089727e-09
385.899	0.277	-0.292	1.44346021288297e-08	1.98166356929664e-09	-2.02457924738047e-09
386.482	0.274	-0.306	1.4978375258321e-08	2.03460536116974e-09	-2.07940597655272e-09
387.076	0.338	-0.32	1.35033843098607e-08	1.87202757555973e-09	-1.91144726862868e-09
387.726	0.302	-0.311	1.34428085457808e-08	1.86377914859e-09	-1.90306345606621e-09
388.347	0.343	-0.319	1.17262151725195e-08	1.61059316213263e-09	-1.64566308974824e-09
388.924	0.285	-0.234	1.39869430593652e-08	1.9239431453114e-09	-1.96655342659218e-09
389.594	0.341	-0.385	9.33958853079011e-09	1.29986122938832e-09	-1.32852344463158e-09
390.236	0.251	-0.301	1.37755402065371e-08	1.91984333579773e-09	-1.96283606226218e-09
390.851	0.286	-0.365	1.32308581479855e-08	1.82740580756656e-09	-1.86976833844936e-09
391.556	0.372	-0.418	1.26481202880265e-08	1.73239281421772e-09	-1.77415611729832e-09
392.237	0.335	-0.309	1.60233397830257e-08	2.19802268717982e-09	-2.25184986121518e-09
392.964	0.355	-0.392	1.25792188386783e-08	1.74057067540489e-09	-1.78172125140993e-09
393.635	0.362	-0.316	1.29064145558305e-08	1.78532948812007e-09	-1.82527428632932e-09
394.404	0.285	-0.407	1.16809707045545e-08	1.5855442828311e-09	-1.62016627234151e-09
395.066	0.363	-0.377	1.14079625579588e-08	1.5739514462884e-09	-1.6051775009659e-09
395.788	0.324	-0.359	8.93182057425702e-09	1.44771802092457e-09	-1.46746730596832e-09
396.550	0.364	-0.438	1.21075616544043e-08	1.6565650330753e-09	-1.68592468963709e-09
397.318	0.328	-0.403	1.43461793554312e-08	1.91385062227448e-09	-1.94730462466381e-09
398.041	0.317	-0.395	1.48630178095772e-08	1.98125599848788e-09	-2.01549987348255e-09
398.738	0.313	-0.381	1.52181425063951e-08	2.05392761505659e-09	-2.08957797345441e-09
399.485	0.458	-0.434	1.20628308475177e-08	1.61395600136129e-09	-1.64335407397134e-09
400.269	0.328	-0.326	1.65691176696555e-08	2.22150149008693e-09	-2.26312752493892e-09
400.944	0.432	-0.347	1.15220278991131e-08	1.70736207894274e-09	-1.73436228839659e-09
401.791	0.429	-0.414	1.22076292605156e-08	1.67888031348247e-09	-1.71082297854246e-09
402.527	0.335	-0.307	1.14758025768823e-08	1.78190089516224e-09	-1.80928811079041e-09
403.143	0.355	-0.28	1.0545970023484e-08	1.71141878525311e-09	-1.73531527051323e-09
403.857	0.425	-0.359	8.49479808384671e-09	1.35408949495224e-09	-1.3731438056376e-09
404.705	0.343	-0.423	1.2350182289802e-08	1.69400187100422e-09	-1.72510000115743e-09
405.363	0.312	-0.314	9.68157891582142e-09	1.61944187727329e-09	-1.63907414719582e-09
405.991	0.353	-0.316	8.99549007331541e-09	1.47735931657206e-09	-1.49541948394642e-09
406.683	0.321	-0.339	9.15649969350594e-09	1.45247740308827e-09	-1.4710538984485e-09
407.294	0.313	-0.29	9.80629004882838e-09	1.55403097130556e-09	-1.57350683937583e-09
408.000	0.415	-0.393	1.0877863997217e-08	1.48371483074746e-09	-1.50884959004102e-09
408.809	0.410	-0.394	1.05038052436546e-08	1.48248843967663e-09	-1.50672284723131e-09
409.635	0.372	-0.416	1.30490906764187e-08	1.75011435486736e-09	-1.7830481666607e-09
410.409	0.432	-0.402	1.29041995506867e-08	1.77119740552952e-09	-1.80401599514056e-09
411.189	0.332	-0.347	1.09970920018409e-08	1.84473328719302e-09	-1.86849645686013e-09
411.917	0.412	-0.396	9.27823594128991e-09	1.53244554476072e-09	-1.5534847862261e-09
412.605	0.427	-0.276	1.05346056265382e-08	1.71364485694785e-09	-1.73865432781687e-09
413.386	0.355	-0.355	1.16320081574346e-08	1.76698598088721e-09	-1.79750518112427e-09
414.108	0.443	-0.367	8.75150818459661e-09	1.40528688011011e-09	-1.42779354256004e-09
414.849	0.329	-0.298	1.08355075814491e-08	1.77158503132356e-09	-1.79984586433442e-09
415.489	0.422	-0.311	9.03634942933752e-09	1.47988353087076e-09	-1.50414875561655e-09
416.323	0.392	-0.412	8.10501914465894e-09	1.30855970583345e-09	-1.33140835377292e-09
417.158	0.375	-0.443	7.61491375248725e-09	1.25215072501477e-09	-1.2740371963483e-09
417.889	0.321	-0.356	8.95242038617953e-09	1.47388270815578e-09	-1.50012767718384e-09
418.676	0.462	-0.465	6.36226187550497e-09	1.04799863340141e-09	-1.06680689398858e-09
419.538	0.413	-0.4	1.11025978267447e-08	1.54600826111361e-09	-1.58502410319475e-09
420.363	0.424	-0.413	7.64111158672645e-09	1.25979626210572e-09	-1.28271132670349e-09
421.254	0.360	-0.467	8.51848487710261e-09	1.37008681218355e-09	-1.39647496840807e-09
421.988	0.425	-0.374	8.98605220501474e-09	1.45936125171051e-09	-1.48712858390624e-09
422.838	0.452	-0.425	8.45665890702392e-09	1.3723755958307e-09	-1.39821838902891e-09
423.737	0.343	-0.447	9.70602912693348e-09	1.56875838093155e-09	-1.59660724219324e-09
424.450	0.331	-0.37	1.08782835556034e-08	1.75265134090721e-09	-1.78228193964748e-09
425.195	0.389	-0.414	9.31490596987773e-09	1.52035637125286e-09	-1.5439123061621e-09
425.912	0.328	-0.328	1.14864230350777e-08	1.83897924371683e-09	-1.86698267028963e-09
426.746	0.364	-0.506	8.61266586103272e-09	1.37429308469646e-09	-1.39400549890559e-09
427.559	0.428	-0.449	8.4901414998221e-09	1.35070015917689e-09	-1.36900916090358e-09
428.508	0.515	-0.521	6.83467023126884e-09	1.14263700385445e-09	-1.15632852736424e-09
429.618	0.566	-0.596	6.39751712542808e-09	1.03284471987523e-09	-1.04585282202143e-09
430.705	0.421	-0.52	8.20602407252964e-09	1.30169250584273e-09	-1.31833672652749e-09
431.723	0.539	-0.598	6.84871236098321e-09	1.10389788660731e-09	-1.1173291004403e-09
432.708	0.454	-0.446	8.98049292621598e-09	1.44740657876835e-09	-1.46499116934007e-09
433.806	0.550	-0.644	7.23972259703222e-09	1.1521370680369e-09	-1.16785162637061e-09
434.824	0.478	-0.468	9.20383968436522e-09	1.49531930467046e-09	-1.51665210990251e-09
435.709	0.433	-0.406	1.06630807956426e-08	1.71070871365918e-09	-1.7377006117984e-09
436.608	0.593	-0.465	8.20816960067655e-09	1.34483220293569e-09	-1.36703821214656e-09
437.863	0.615	-0.662	6.7516221904238e-09	1.09402803006338e-09	-1.1141916269497e-09
438.951	0.409	-0.473	9.45354146088259e-09	1.55892181637901e-09	-1.58736103454295e-09
439.991	0.560	-0.63	6.78418918254197e-09	1.13831483304343e-09	-1.15875723999542e-09
441.321	0.621	-0.77	5.83870649558721e-09	9.50056719595751e-10	-9.68621221777404e-10
442.510	0.433	-0.567	7.84616500718422e-09	1.29807664325371e-09	-1.3228852376453e-09
443.577	0.564	-0.635	6.51857913145414e-09	1.0561182459045e-09	-1.07554379539867e-09
444.777	0.615	-0.636	6.12440495320801e-09	1.00127305630323e-09	-1.01723117318071e-09
446.084	0.610	-0.692	5.95915688824408e-09	9.52055423056901e-10	-9.66022465130422e-10
447.288	0.458	-0.594	7.05663523049345e-09	1.17900968793463e-09	-1.19294165964746e-09
448.397	0.755	-0.651	5.50921319144924e-09	8.74245977792305e-10	-8.85514055448145e-10
449.820	0.827	-0.669	5.02049770269762e-09	8.25797652890523e-10	-8.36228700319256e-10
451.306	0.690	-0.658	5.72548855429606e-09	9.12995128365483e-10	-9.25932118469933e-10
452.825	0.815	-0.829	4.53641038345698e-09	7.49806104358334e-10	-7.60246512166592e-10
454.586	0.683	-0.946	4.62088246118948e-09	7.53799626364267e-10	-7.65369380679879e-10
455.764	0.609	-0.494	6.89756917838358e-09	1.10974385330788e-09	-1.12809132213707e-09
456.906	0.696	-0.534	6.07392712396315e-09	9.95695462305354e-10	-1.0122806029412e-09
458.664	1.016	-1.062	3.41449553726812e-09	5.87710787525788e-10	-5.96370340681576e-10
460.546	0.741	-0.866	4.58419547189018e-09	7.46395315823403e-10	-7.57473418265706e-10
462.130	0.742	-0.843	4.74724447618556e-09	7.57092922520167e-10	-7.67844646215174e-10
463.716	0.924	-0.845	4.29064201992065e-09	6.83635225903358e-10	-6.9317513241428e-10
465.717	0.994	-1.077	3.61975460792852e-09	5.86986316100061e-10	-5.95067238135022e-10
467.724	0.897	-1.013	4.0173971986958e-09	6.41445706962054e-10	-6.50753061292406e-10
469.524	1.096	-0.902	3.8779466532461e-09	6.20000558960089e-10	-6.29213856109614e-10
471.735	1.036	-1.115	3.48736021462248e-09	5.87155343609304e-10	-5.95298485647784e-10
474.426	1.285	-1.655	2.54307203819692e-09	4.29737033180651e-10	-4.36119636542169e-10
477.041	1.560	-1.329	2.63847257007903e-09	4.33347286149276e-10	-4.40786300853271e-10
479.931	1.269	-1.33	2.88136263837319e-09	4.67686826822827e-10	-4.76517787769464e-10
482.524	1.087	-1.324	3.0191097349389e-09	4.9169887779447e-10	-5.0142315488043e-10
484.690	1.109	-1.079	3.24774320776271e-09	5.29586065503978e-10	-5.40232283609845e-10
487.329	1.453	-1.53	2.32966817195725e-09	3.80255939995593e-10	-3.87998933264576e-10
489.850	1.425	-1.067	2.62829161505934e-09	4.36034386785167e-10	-4.44688925845366e-10
492.442	1.184	-1.166	2.5826812816372e-09	4.34923209677195e-10	-4.43156611028494e-10
495.133	1.471	-1.508	1.96832966473039e-09	3.16331846175348e-10	-3.21469457693573e-10
497.595	1.120	-0.992	2.62328831679495e-09	4.23800150128421e-10	-4.29212893469056e-10
499.923	1.518	-1.208	1.89881203845523e-09	3.13525074448538e-10	-3.17805055557408e-10
502.936	1.537	-1.494	1.71220637294887e-09	2.75760906336984e-10	-2.80396222552927e-10
506.213	1.709	-1.74	1.48082460726311e-09	2.37479038073175e-10	-2.41201197746358e-10
510.456	2.048	-2.533	1.01179389875367e-09	1.70716009026819e-10	-1.7318150880986e-10
514.096	1.288	-1.592	1.56223747398641e-09	2.69345147727134e-10	-2.73435706598086e-10
517.513	1.890	-2.129	1.19264151359826e-09	1.93409301333339e-10	-1.97015086883424e-10
521.318	1.873	-1.915	1.23430180522339e-09	2.0967762985405e-10	-2.13089912237987e-10
525.952	2.617	-2.761	8.49216698928601e-10	1.47260117556875e-10	-1.49726934683991e-10
530.667	1.796	-2.098	1.16886055948659e-09	1.91825498732288e-10	-1.95078390258252e-10
534.501	2.500	-2.037	1.01015950355156e-09	1.62957872599326e-10	-1.65767991579844e-10
538.998	2.159	-1.998	1.08544200166546e-09	1.78740614768646e-10	-1.81933854648921e-10
543.204	3.038	-2.047	9.01532014352359e-10	1.45531155764031e-10	-1.48066618445617e-10
548.984	2.620	-2.742	7.9623608116929e-10	1.36179931776537e-10	-1.38644340751279e-10
553.804	2.961	-2.201	8.21058573099535e-10	1.34274340312665e-10	-1.36425141173938e-10
558.792	2.264	-2.027	6.28906101960841e-10	1.24604303319969e-10	-1.26113746168123e-10
563.424	1.879	-2.368	6.29737482849399e-10	1.22185979409735e-10	-1.23898990121138e-10
567.520	2.817	-2.217	7.63534961604963e-10	1.25622492323196e-10	-1.27837506672568e-10
572.989	3.557	-2.652	6.0947244654812e-10	9.80931828542152e-11	-9.97245512718945e-11
580.224	2.817	-3.677	3.79654978214762e-10	7.3252818612547e-11	-7.41658826930558e-11
587.247	2.766	-4.207	3.02206491371964e-10	7.24862731478095e-11	-7.3029661814572e-11
592.634	2.615	-2.621	4.70275241673629e-10	9.8149843864834e-11	-9.92071199481705e-11
597.478	2.927	-2.229	4.77141227891635e-10	9.91260512519906e-11	-1.00065505258848e-10
603.722	2.837	-3.317	4.03366234895484e-10	8.19473312384674e-11	-8.28686312363035e-11
609.880	3.290	-3.321	3.71405409229314e-10	7.53587326572846e-11	-7.6179231998966e-11
616.239	2.579	-3.07	4.24557481193906e-10	8.62051304004789e-11	-8.71610300586587e-11
622.101	3.325	-3.283	3.4002219207642e-10	7.30357820448152e-11	-7.38160864094274e-11
627.715	2.395	-2.289	5.21530092112491e-10	1.01104982383886e-10	-1.02498533931184e-10
632.058	2.235	-1.947	5.50679546401585e-10	1.12704475139833e-10	-1.14205417612226e-10

## XRT - xrtpcflux
653.775	21.161	-16.448	2.59751699117695e-10	5.82940443251441e-11	-5.82940443251441e-11
696.805	20.755	-21.869	2.5138695599583e-10	5.40420872118747e-11	-5.40420872118747e-11
737.677	14.986	-20.117	2.78665412962659e-10	6.27675690786514e-11	-6.27675690786514e-11
780.327	37.526	-27.664	1.47971901588387e-10	3.3575379098227e-11	-3.3575379098227e-11
849.302	26.219	-31.449	1.75899493261908e-10	3.91979741275492e-11	-3.91979741275492e-11
904.944	25.737	-29.424	1.88195077085436e-10	4.13537034094694e-11	-4.13537034094694e-11
957.665	20.656	-26.983	2.1539088016925e-10	4.86935461586709e-11	-4.86935461586709e-11
1010.716	35.301	-32.396	1.57907312631673e-10	3.56982045639149e-11	-3.56982045639149e-11
1077.143	39.079	-31.126	1.44433856845202e-10	3.27123057335061e-11	-3.27123057335061e-11
1134.695	31.673	-18.473	1.94312713131741e-10	4.38478860237495e-11	-4.38478860237495e-11
1194.513	24.509	-28.144	1.89577824549448e-10	4.28579707100345e-11	-4.28579707100345e-11
1251.336	37.890	-32.315	1.4864077136707e-10	3.37894110359849e-11	-3.37894110359849e-11
1333.638	43.345	-44.411	1.2549742174357e-10	2.84234692451025e-11	-2.84234692451025e-11
1409.804	32.368	-32.822	1.72020827818734e-10	3.89603839202848e-11	-3.89603839202848e-11
1508.611	63.939	-66.438	1.11011612485719e-10	2.20796517369285e-11	-2.20796517369285e-11
5082.654	27.546	-30.123	4.16207404931437e-11	9.1855198921018e-12	-9.1855198921018e-12
5140.617	42.294	-30.418	3.22147332751241e-11	7.28936486932928e-12	-7.28936486932928e-12
5219.371	23.716	-36.459	4.0563972991156e-11	9.17858242710948e-12	-9.17858242710948e-12
5261.760	21.443	-18.674	6.74245528739874e-11	1.47463621956107e-11	-1.47463621956107e-11
5308.637	19.698	-25.433	5.2387367235977e-11	1.18822576474137e-11	-1.18822576474137e-11
5356.798	26.698	-28.463	4.55265127135538e-11	9.85412642444785e-12	-9.85412642444785e-12
5402.540	21.073	-19.044	6.33229750618024e-11	1.41929154356351e-11	-1.41929154356351e-11
5451.425	29.857	-27.811	4.50035878244986e-11	1.01831553723929e-11	-1.01831553723929e-11
5512.696	33.776	-31.414	4.5073143652598e-11	9.79861546003927e-12	-9.79861546003927e-12
5586.667	32.516	-40.196	3.46133474867731e-11	7.90753934284191e-12	-7.90753934284191e-12
5643.732	30.612	-24.549	4.33901516931003e-11	9.81807917064333e-12	-9.81807917064333e-12
5715.047	32.009	-40.703	3.5813192092906e-11	8.08432176425669e-12	-8.08432176425669e-12
5769.985	27.217	-22.929	5.52751050350035e-11	1.2447946560801e-11	-1.2447946560801e-11
5825.174	29.697	-27.972	4.78477478096634e-11	1.05597990130292e-11	-1.05597990130292e-11
5886.910	25.629	-32.039	4.5230650855408e-11	9.93708726646482e-12	-9.93708726646482e-12
5934.086	31.106	-21.548	4.49827865403827e-11	1.01542265044705e-11	-1.01542265044705e-11
5993.633	26.720	-28.441	4.23510078551458e-11	9.58294648100077e-12	-9.58294648100077e-12
6048.664	26.849	-28.312	4.22276183560519e-11	9.50965380910357e-12	-9.50965380910357e-12
6105.930	39.788	-30.417	3.46306426310355e-11	7.78033946563274e-12	-7.78033946563274e-12
6169.519	23.838	-23.801	5.51262745117817e-11	1.20838173886939e-11	-1.20838173886939e-11
6221.938	21.565	-28.581	5.06570147723343e-11	1.11544653836485e-11	-1.11544653836485e-11
6276.125	32.568	-32.622	3.75719581563282e-11	8.29197523055078e-12	-8.29197523055078e-12
6334.123	24.716	-25.43	4.8449753979368e-11	1.08850297564075e-11	-1.08850297564075e-11
6390.499	36.037	-31.66	4.09108306652769e-11	9.02885010818727e-12	-9.02885010818727e-12
6466.493	35.263	-39.956	4.42835537037629e-11	9.48193700510847e-12	-9.48193700510847e-12
6548.201	43.818	-46.445	3.19645515586097e-11	7.07049098353957e-12	-7.07049098353957e-12
6622.574	34.635	-30.556	3.93860891178058e-11	8.86974401317291e-12	-8.86974401317291e-12
6682.520	19.821	-25.311	5.49986936807263e-11	1.24151781583453e-11	-1.24151781583453e-11
6757.631	34.973	-55.29	3.01917981802322e-11	6.67836237905613e-12	-6.67836237905613e-12
6822.180	25.585	-29.576	4.78488407862676e-11	1.09841120348771e-11	-1.09841120348771e-11
6897.222	25.762	-49.458	3.6547452244891e-11	8.08421945317474e-12	-8.08421945317474e-12
6944.999	20.609	-22.015	6.33968406347379e-11	1.39281637363948e-11	-1.39281637363948e-11
7002.777	28.021	-37.169	3.88135087070917e-11	8.64446672802568e-12	-8.64446672802568e-12
7057.097	41.398	-26.299	3.52530266770986e-11	8.07311352356807e-12	-8.07311352356807e-12
7143.935	54.853	-45.439	2.33561140847275e-11	5.40077314693961e-12	-5.40077314693961e-12
7256.131	52.970	-57.343	4.06048295111107e-11	6.66974130063386e-12	-6.66974130063386e-12
10908.033	52.982	-72.384	1.89317959448699e-11	4.29500262032072e-12	-4.29500262032072e-12
11012.626	43.667	-51.611	2.78814738268655e-11	6.34544081898674e-12	-6.34544081898674e-12
11103.259	33.268	-46.966	2.4561238712339e-11	5.40091922051842e-12	-5.40091922051842e-12
11162.342	29.346	-25.815	2.68227858507653e-11	6.01727761906767e-12	-6.01727761906767e-12
11223.888	32.990	-32.2	3.84276605161631e-11	8.73148317754725e-12	-8.73148317754725e-12
11320.383	71.890	-63.505	1.83436991408912e-11	4.1346432841381e-12	-4.1346432841381e-12
11422.979	21.946	-30.707	3.16870579820344e-11	7.15483976101547e-12	-7.15483976101547e-12
11468.109	24.455	-23.183	3.2091985357365e-11	7.19934250984734e-12	-7.19934250984734e-12
11525.919	39.358	-33.354	2.20468251115318e-11	4.81101089375825e-12	-4.81101089375825e-12
11609.732	33.271	-44.456	1.95412759494925e-11	4.31760674713948e-12	-4.31760674713948e-12
11676.953	38.762	-33.95	3.30431008253127e-11	7.4478646583542e-12	-7.4478646583542e-12
11803.415	50.203	-87.699	1.86032232012261e-11	4.24757766299245e-12	-4.24757766299245e-12
11910.738	45.679	-57.12	2.56283778191282e-11	5.7765983778171e-12	-5.7765983778171e-12
12021.188	43.043	-64.771	2.36056449603081e-11	5.32938890260693e-12	-5.32938890260693e-12
12103.706	30.730	-39.475	2.48157203878455e-11	5.60349237223803e-12	-5.60349237223803e-12
12169.393	35.247	-34.958	2.53418411361445e-11	5.75053892611498e-12	-5.75053892611498e-12
12253.871	53.569	-49.231	1.65489415041797e-11	3.76145483470537e-12	-3.76145483470537e-12
12334.135	23.451	-26.695	5.03472168349341e-11	1.13300311203831e-11	-1.13300311203831e-11
12415.609	59.821	-58.023	2.4333405822751e-11	5.36686423621066e-12	-5.36686423621066e-12
12509.138	26.467	-33.708	4.32074270431045e-11	9.78592971252897e-12	-9.78592971252897e-12
12569.691	28.598	-34.085	2.36360874970172e-11	5.3110331241097e-12	-5.3110331241097e-12
12636.303	24.668	-38.015	2.47891025896019e-11	5.44305742928294e-12	-5.44305742928294e-12
12706.710	29.480	-45.739	1.9855572047543e-11	4.45429021401138e-12	-4.45429021401138e-12
12783.739	40.207	-47.549	1.77657920807806e-11	3.93146345246348e-12	-3.93146345246348e-12
12854.770	34.366	-30.824	2.27224390862731e-11	5.13082054520217e-12	-5.13082054520217e-12
12923.976	22.828	-34.84	2.57187663944379e-11	5.79790900899449e-12	-5.79790900899449e-12
13000.821	91.050	-54.016	2.08845435406439e-11	3.67162150761547e-12	-3.67162150761547e-12
16524.893	56.324	-61.52	1.80161806366048e-11	4.09848446421711e-12	-4.09848446421711e-12
16659.526	47.057	-78.309	1.86169675967964e-11	4.22848464504888e-12	-4.22848464504888e-12
16764.467	62.467	-57.884	1.91141216129064e-11	4.33457391364478e-12	-4.33457391364478e-12
16897.599	57.208	-70.665	1.79923233617836e-11	4.0483324330151e-12	-4.0483324330151e-12
17010.547	72.133	-55.74	1.78525919725443e-11	4.06768852247209e-12	-4.06768852247209e-12
17147.774	80.325	-65.094	1.79440398460888e-11	3.79276152596839e-12	-3.79276152596839e-12
28134.069	53.173	-67.179	1.08615689589081e-11	2.47305076900688e-12	-2.47305076900688e-12
28261.189	63.955	-73.947	9.56474370245179e-12	2.15631313825475e-12	-2.15631313825475e-12
28394.702	53.300	-69.559	1.0555092826168e-11	2.40326859360323e-12	-2.40326859360323e-12
28503.397	52.419	-55.395	1.21286812084339e-11	2.73433845654573e-12	-2.73433845654573e-12
28614.717	56.436	-58.901	1.1414797996498e-11	2.57763208867492e-12	-2.57763208867492e-12
28750.715	90.936	-79.562	7.77261724637718e-12	1.76973254125716e-12	-1.76973254125716e-12
28889.651	64.829	-48	1.24582743753786e-11	2.82722149994044e-12	-2.82722149994044e-12
29041.208	61.203	-86.728	9.99392270431473e-12	2.26422827520924e-12	-2.26422827520924e-12
29191.752	93.693	-89.341	7.92643588299602e-12	1.78111438092973e-12	-1.78111438092973e-12
29344.099	49.161	-58.654	1.26504822208801e-11	2.85666828332194e-12	-2.85666828332194e-12
29480.204	91.075	-86.945	5.43400375226408e-12	1.43740438659823e-12	-1.43740438659823e-12
29617.401	56.677	-46.123	1.28624439867023e-11	2.8997597213153e-12	-2.8997597213153e-12
29748.379	43.543	-74.3	1.1899168049201e-11	2.62925813778647e-12	-2.62925813778647e-12
29862.844	66.981	-70.921	9.65134585348483e-12	2.18661426777992e-12	-2.18661426777992e-12
30023.939	86.412	-94.115	7.2270986519967e-12	1.64825847760054e-12	-1.64825847760054e-12
30221.740	141.836	-111.389	7.20206939340658e-12	1.38853780576577e-12	-1.38853780576577e-12
34246.429	68.726	-69.176	9.7431471505187e-12	2.21381950799444e-12	-2.21381950799444e-12
34385.394	70.172	-70.238	1.02864136263472e-11	2.27219594229116e-12	-2.27219594229116e-12
34558.059	105.614	-102.494	6.90223785992549e-12	1.57339381921664e-12	-1.57339381921664e-12
34750.116	109.127	-86.444	7.60783199399619e-12	1.72863695544041e-12	-1.72863695544041e-12
34925.425	41.633	-66.182	1.29523022108733e-11	2.93352395363835e-12	-2.93352395363835e-12
35032.106	60.317	-65.049	1.07846576111387e-11	2.42307806817088e-12	-2.42307806817088e-12
35201.313	89.188	-108.89	6.84154360983364e-12	1.56462641091216e-12	-1.56462641091216e-12
35409.676	114.005	-119.175	6.07200292444603e-12	1.39543851107881e-12	-1.39543851107881e-12
35599.508	92.163	-75.827	9.35434646232503e-12	2.0758486867187e-12	-2.0758486867187e-12
35782.637	97.083	-90.966	8.0484785446644e-12	1.84064645576937e-12	-1.84064645576937e-12
36014.446	118.501	-134.725	8.02893062207928e-12	1.58242397334781e-12	-1.58242397334781e-12
39949.411	83.513	-69.433	9.35279150208728e-12	2.10593087726088e-12	-2.10593087726088e-12
40098.472	64.833	-65.548	1.08805704694663e-11	2.48457617874613e-12	-2.48457617874613e-12
40266.690	77.141	-103.385	7.81688239912929e-12	1.78246431980314e-12	-1.78246431980314e-12
40531.018	98.643	-187.186	5.71630680610062e-12	1.20646145297074e-12	-1.20646145297074e-12
46055.286	89.417	-111.168	6.75796071926323e-12	1.52552812721417e-12	-1.52552812721417e-12
47642.047	3668.383	-1497.344	5.26172286555426e-12	8.13177355175365e-13	-8.13177355175365e-13
57004.154	89.872	-118.236	5.32293898081637e-12	1.41239336539665e-12	-1.41239336539665e-12
57242.307	130.031	-148.281	4.03866843625769e-12	1.06388143802403e-12	-1.06388143802403e-12
57494.045	141.561	-121.707	4.29033419714612e-12	1.12529738553843e-12	-1.12529738553843e-12
57788.740	117.655	-153.134	4.15216978039272e-12	1.09378031262863e-12	-1.09378031262863e-12
58012.147	97.341	-105.751	6.01351625815767e-12	1.51952656738245e-12	-1.51952656738245e-12
58276.503	113.795	-167.015	4.03332622183086e-12	1.06401131027463e-12	-1.06401131027463e-12
63148.032	98.400	-129.765	4.68375467626883e-12	1.23185484828206e-12	-1.23185484828206e-12
63331.750	95.208	-85.318	6.07642735484063e-12	1.5733517393804e-12	-1.5733517393804e-12
63533.661	98.898	-106.702	5.15473721539921e-12	1.35572543769565e-12	-1.35572543769565e-12
63742.088	113.621	-109.53	4.66465113922382e-12	1.2321225413382e-12	-1.2321225413382e-12
64049.745	174.538	-194.036	2.73967952623647e-12	7.34215299132671e-13	-7.34215299132671e-13
64364.055	146.055	-139.772	5.28452767243944e-12	1.14310175571214e-12	-1.14310175571214e-12
68428.020	78.001	-135.121	5.16321076588226e-12	1.34863520480169e-12	-1.34863520480169e-12
68596.497	145.211	-90.476	4.58276743302423e-12	1.20952041027018e-12	-1.20952041027018e-12
68880.004	84.855	-138.296	4.91049948177492e-12	1.29601813560043e-12	-1.29601813560043e-12
69206.901	191.717	-242.042	4.17703580841552e-12	8.52386553144891e-13	-8.52386553144891e-13
80045.611	87.701	-145.479	4.48619585660267e-12	1.18451119688449e-12	-1.18451119688449e-12
80294.626	172.159	-161.314	3.14516400953024e-12	8.30432417658353e-13	-8.30432417658353e-13
80601.536	75.863	-134.751	6.81477560846611e-12	1.54035418835618e-12	-1.54035418835618e-12
80855.454	107.778	-178.055	3.76459950527876e-12	9.93984921916959e-13	-9.93984921916959e-13
81074.111	99.735	-110.879	5.19335165981694e-12	1.36397270429961e-12	-1.36397270429961e-12
81315.619	156.598	-141.772	3.65811806396315e-12	9.59492544310688e-13	-9.59492544310688e-13
81754.750	444.370	-282.534	2.59800542564283e-12	5.39015735753007e-13	-5.39015735753007e-13
85848.668	205.267	-173.338	2.98774876817243e-12	7.86478960554579e-13	-7.86478960554579e-13
86362.779	227.721	-308.844	2.08473781351755e-12	5.52817631793505e-13	-5.52817631793505e-13
86698.700	112.443	-108.201	5.17587176344555e-12	1.35476244297472e-12	-1.35476244297472e-12
87073.100	269.585	-261.957	3.73592449220361e-12	7.43618332753878e-13	-7.43618332753878e-13
109337.424	231.672	-202.091	2.49194310861373e-12	6.53834938697027e-13	-6.53834938697027e-13
121422.083	328.788	-272.964	2.22100483185332e-12	5.24257762800852e-13	-5.24257762800852e-13
129283.606	3564.493	-2782.495	2.16529971100939e-12	4.1086181327768e-13	-4.1086181327768e-13
155166.006	7023.384	-4966.45	1.59944182306742e-12	3.36862150059118e-13	-3.36862150059118e-13
169846.724	3122.334	-2371.609	1.52305021563022e-12	4.04390054678367e-13	-4.04390054678367e-13
173623.653	446.108	-654.596	1.21442441231417e-12	2.89519014023265e-13	-2.89519014023265e-13
195815.873	515.529	-560.103	1.40660746239346e-12	3.09015159940493e-13	-3.09015159940493e-13
201463.368	607.771	-447.802	1.63521815916805e-12	3.37148767647596e-13	-3.37148767647596e-13
215210.701	3677.566	-2751.367	1.40965967520138e-12	2.9299467867111e-13	-2.9299467867111e-13
270648.989	511.732	-418.477	1.54731190464382e-12	3.58482450805417e-13	-3.58482450805417e-13
276734.031	775.372	-927.085	1.02610656078828e-12	2.10594499246164e-13	-2.10594499246164e-13
282130.829	958.518	-573.442	9.00813402295232e-13	2.13612604123638e-13	-2.13612604123638e-13
407835.484	1914.152	-4801.358	1.04202753008431e-12	2.29108805426243e-13	-2.29108805426243e-13
420021.956	6526.258	-5243.015	7.29076924787515e-13	1.71775546423657e-13	-1.71775546423657e-13
505162.081	7503.254	-9505.692	9.75381594777686e-13	1.77141252741342e-13	-1.77141252741342e-13
654238.964	59343.873	-72957.772	3.21669641255399e-13	7.13534252927407e-14	-7.13534252927407e-14
953262.635	78806.367	-55754.301	2.55311832731032e-13	6.37373924013199e-14	-6.37373924013199e-14
1215010.641	133077.753	-34487.69	4.25498139945015e-13	1.14447229996849e-13	-1.14447229996849e-13
1364802.058	16885.082	-11099.893	3.47924606289815e-13	9.87292312146074e-14	-9.87292312146074e-14
1611268.684	156459.627	-55685.172	2.61759224835871e-13	7.42067404893239e-14	-7.42067404893239e-14
2100765.606	226103.628	-188918.695	2.13568334357706e-13	4.98380149717472e-14	-4.98380149717472e-14
2652734.523	7118.968	-3629.597	7.48856379286814e-13	3.18402744985113e-13	-2.50775608760067e-13
