READ TERR 1 2
! xrtwtflux
92.673	3.622	-2.518	3.79605002617685e-10	6.92666489447597e-11	-6.71169401235738e-11
98.682	3.062	-2.388	3.71509961274599e-10	7.5421577662012e-11	-6.98333134507533e-11
106.255	4.395	-4.511	2.01811567052629e-10	4.51772282091039e-11	-4.21567454833258e-11
NO NO NO NO NO NO
! xrtpcflux
134.564	16.524	-16.071	1.15229670334993e-10	2.52239748457859e-11	-2.52239748457859e-11
179.787	44.014	-28.699	3.17424840849127e-11	7.12992629764412e-12	-7.12992629764412e-12
305.073	74.182	-81.272	8.78731792745481e-12	1.97838682607551e-12	-1.97838682607551e-12
480.849	98.991	-101.595	6.8667086107298e-12	1.54774929522569e-12	-1.54774929522569e-12
653.022	112.355	-73.181	7.96248185807909e-12	1.74999873942139e-12	-1.74999873942139e-12
5036.527	139.995	-138.315	4.12003101993908e-12	9.29574742065554e-13	-9.29574742065554e-13
46673.392	907.057	-848.053	7.63017137590678e-13	1.63991276809141e-13	-1.63991276809141e-13
56364.644	35317.902	-5575.254	5.79422972608502e-13	1.41670200793838e-13	-1.41670200793838e-13
157861.516	65998.956	-25432.583	1.34543645687436e-13	3.58025426241659e-14	-3.58025426241659e-14
326201.133	155480.930	-39938.741	6.92857865983999e-14	2.05171754381417e-14	-2.05171754381417e-14
579259.259	103782.049	-63414.898	4.10659194507997e-14	2.16730810539502e-14	-1.67837715990694e-14
NO NO NO NO NO NO
! batSNR4flux
0.0809999895095825	0.08	-0.08	7.51858446912098e-08	1.88625954222428e-08	-1.88625954222428e-08
0.220999975204468	0.06	-0.06	1.56912999363866e-07	3.08301747477731e-08	-3.08301747477731e-08
0.301000018119812	0.02	-0.02	2.4498190648897e-07	5.81357932064689e-08	-5.81357932064689e-08
0.480999980568886	0.16	-0.16	1.20298159913366e-07	2.69949750954687e-08	-2.69949750954687e-08
0.68100001335144	0.04	-0.04	2.83238039708906e-07	7.07575805738904e-08	-7.07575805738904e-08
0.76099999666214	0.04	-0.04	2.87912821550735e-07	7.8109257355436e-08	-7.8109257355436e-08
0.820999999046326	0.02	-0.02	5.50270354349215e-07	1.29938164120806e-07	-1.29938164120806e-07
0.961000004609426	0.12	-0.12	2.60189428590229e-07	5.49322286484612e-08	-5.49322286484612e-08
1.16099997282028	0.08	-0.08	3.57702761157239e-07	7.06676729318287e-08	-7.06676729318287e-08
1.28099997758865	0.04	-0.04	4.14528038326044e-07	1.02862717063058e-07	-1.02862717063058e-07
1.3809999815623	0.06	-0.06	3.8305045064495e-07	8.68495577597954e-08	-8.68495577597954e-08
1.5209999871254	0.08	-0.08	3.18700444404353e-07	7.63635944237308e-08	-7.63635944237308e-08
1.70099999427795	0.1	-0.1	1.93800308306375e-07	4.26247765725636e-08	-4.26247765725636e-08
1.90099999427795	0.1	-0.1	1.04372541330594e-07	2.32904605656611e-08	-2.32904605656611e-08
2.02100004673004	0.02	-0.02	1.38903411206508e-07	3.40146714044855e-08	-3.40146714044855e-08
2.08099998950958	0.04	-0.04	7.70481612432778e-08	2.06975750211747e-08	-2.06975750211747e-08
2.16099997282028	0.04	-0.04	7.60292484941819e-08	1.60541908885998e-08	-1.60541908885998e-08
2.26099997679393	0.06	-0.06	3.4409496284115e-08	9.88600029173384e-09	-9.88600029173384e-09
2.3809999815623	0.06	-0.06	3.15417656003702e-08	7.06061669804254e-09	-7.06061669804254e-09
2.50099998633067	0.06	-0.06	1.94819340823213e-08	5.22043656867353e-09	-5.22043656867353e-09
2.62099999109904	0.06	-0.06	1.62816651892153e-08	3.69445850825951e-09	-3.69445850825951e-09
2.72099997520447	0.04	-0.04	1.42759670901938e-08	3.35521603572927e-09	-3.35521603572927e-09
2.80100001811981	0.04	-0.04	1.19158734446457e-08	2.83544873691376e-09	-2.83544873691376e-09
2.88100000143051	0.04	-0.04	9.82755206641634e-09	3.5875038019123e-09	-3.5875038019123e-09
2.96099998474121	0.04	-0.04	2.52694906266004e-08	5.63647353797477e-09	-5.63647353797477e-09
3.08099998950958	0.08	-0.08	3.37982773467722e-08	8.04805568564773e-09	-8.04805568564773e-09
3.26099998474121	0.1	-0.1	5.35957715379163e-08	2.00394531902875e-08	-2.00394531902875e-08
3.42099998315175	0.06	-0.06	2.98462835884962e-07	6.57370106739286e-08	-6.57370106739286e-08
3.60099999030431	0.12	-0.12	1.9230883557517e-07	3.89280154453194e-08	-3.89280154453194e-08
3.76099999666214	0.04	-0.04	1.73021498592937e-07	4.11564159046089e-08	-4.11564159046089e-08
3.92100000301997	0.12	-0.12	6.51285181720285e-08	1.50409215908812e-08	-1.50409215908812e-08
4.16099997282028	0.12	-0.12	2.86360920005413e-08	7.47686113198888e-09	-7.47686113198888e-09
4.36099999070167	0.08	-0.08	2.13706350262736e-08	5.22582490669921e-09	-5.22582490669921e-09
4.54099997997284	0.1	-0.1	7.7279045612977e-09	2.66066825459816e-09	-2.66066825459816e-09
4.70099999427795	0.06	-0.06	2.00560186618247e-08	4.022450720179e-09	-4.022450720179e-09
4.9410000038147	0.18	-0.18	1.46123282830967e-08	3.2498251501765e-09	-3.2498251501765e-09
5.18099997361501	0.06	-0.06	3.2891567790844e-08	7.58702224455256e-09	-7.58702224455256e-09
5.34099997997284	0.1	-0.1	2.83847845390573e-08	6.89102041355747e-09	-6.89102041355747e-09
5.74099999586741	0.3	-0.3	3.1097173329891e-08	6.65760486471248e-09	-6.65760486471248e-09
6.14099997997284	0.1	-0.1	6.95064702109719e-08	1.65087248464642e-08	-1.65087248464642e-08
6.60099999030431	0.36	-0.36	4.89814681964952e-08	1.0192604517458e-08	-1.0192604517458e-08
7.10099998746599	0.14	-0.14	7.87289327166772e-08	1.95023880487746e-08	-1.95023880487746e-08
7.34099997997284	0.1	-0.1	1.04118993420096e-07	2.53878407775458e-08	-2.53878407775458e-08
7.60099998533726	0.16	-0.16	4.86448534794066e-08	2.15530459694223e-08	-2.15530459694223e-08
7.82099999904633	0.06	-0.06	1.57391690391414e-07	3.75174867091435e-08	-3.75174867091435e-08
8.38099998950958	0.5	-0.5	6.4731396829686e-08	1.55998813716247e-08	-1.55998813716247e-08
9.02099999564034	0.14	-0.14	9.87432488948152e-08	2.29326247464861e-08	-2.29326247464861e-08
9.2409999859333	0.08	-0.08	1.17928174483283e-07	2.87177606606473e-08	-2.87177606606473e-08
9.62099999109904	0.3	-0.3	4.29234998934636e-08	1.26498647274654e-08	-1.26498647274654e-08
10.2209999831518	0.3	-0.3	4.80183814392692e-08	9.83138682271371e-09	-9.83138682271371e-09
11.120999991099	0.6	-0.6	2.40250653126352e-08	4.96022355844939e-09	-4.96022355844939e-09
11.740999956131	0.02	-0.02	9.24526176100862e-08	2.1934749639206e-08	-2.1934749639206e-08
12.1809999906449	0.42	-0.42	1.81996269834302e-08	4.01767429908643e-09	-4.01767429908643e-09
13.4609999902858	0.86	-0.86	8.02327006133004e-09	2.03407637286455e-09	-2.03407637286455e-09
14.6409999918938	0.32	-0.32	1.7498242581445e-08	3.82316010675435e-09	-3.82316010675435e-09
17.2009999889561	2.24	-2.24	7.75002852893201e-09	1.94815822829229e-09	-1.94815822829229e-09
19.7609999966621	0.32	-0.32	3.05682344050555e-08	6.88030686662405e-09	-6.88030686662405e-09
40.3409999893871	20.2599999999997	-20.2599999999997	1.85298867676662e-08	5.84674652340768e-09	-5.84674652340768e-09
