READ TERR 1 2
! xrtwtslewflux
164.494721006556	0.333768015801496	-0.321025995520472	4.92103432220981e-09	6.3940540630914e-10	-6.41434654115707e-10
165.125705692144	0.275663300287675	-0.297216669786337	4.02584238165954e-09	6.00139477257547e-10	-6.00140743973387e-10
165.728911048187	0.277333926052336	-0.327542055754662	3.76869741546971e-09	5.61805224254419e-10	-5.6180568795498e-10
166.263948949486	0.26358203549583	-0.257703975247153	4.39847119452168e-09	6.55686279889349e-10	-6.55686682641657e-10
166.905689590888	0.296132408765146	-0.378158605905867	3.50384102324749e-09	5.22322457617512e-10	-5.22322769051375e-10
167.536793869109	0.330425118935921	-0.334971869456069	3.63701939208104e-09	5.42175542403349e-10	-5.42175865674579e-10
168.217076343349	0.340445672325757	-0.349857355304238	3.49346522305612e-09	5.20775722643021e-10	-5.20776033154649e-10
168.902163863117	0.347441153694263	-0.34464184744175	3.4754701806786e-09	5.18093176632173e-10	-5.18093476038019e-10
169.590735038343	0.326043960135451	-0.341130021531541	3.56839093223246e-09	5.31944984442057e-10	-5.31945254691719e-10
170.318999360887	0.405506616846878	-0.402220362409139	2.92020965039848e-09	4.35319670683848e-10	-4.35319886539563e-10
171.001245450589	0.267660563479495	-0.276739472855496	4.31008936759911e-09	6.42510940320238e-10	-6.42511241546515e-10
171.628440461579	0.433958525340131	-0.359534447509873	2.94231451990282e-09	4.38614832234004e-10	-4.38615050588165e-10
172.636442058451	0.472983963124904	-0.574043071532117	3.63563490343272e-09	4.22634729710908e-10	-4.22635029949437e-10
NO NO NO NO NO NO
! xrtwtflux
180.902	0.337	-0.472	3.09713349889108e-09	4.71824550178615e-10	-4.71824657161735e-10
181.757	0.447	-0.518	2.52888271003373e-09	3.85255879228733e-10	-3.85255983287596e-10
182.645	0.482	-0.442	2.62436522868098e-09	3.9524507717908e-10	-3.95245178299329e-10
183.583	0.466	-0.456	2.59006005494076e-09	3.86103878087391e-10	-3.8610397832203e-10
184.412	0.322	-0.363	3.55908168287514e-09	5.42198791143795e-10	-5.42198791143795e-10
185.141	0.406	-0.407	3.1348948004221e-09	4.67323167842064e-10	-4.67323274874896e-10
185.984	0.509	-0.438	2.55388608067562e-09	3.8906498695515e-10	-3.89065090102374e-10
186.932	0.407	-0.439	2.78876956885525e-09	4.15725776248588e-10	-4.15725875214244e-10
187.706	0.344	-0.368	3.08048524355992e-09	5.01478297512713e-10	-5.01478789096896e-10
188.577	0.440	-0.528	2.41654301352349e-09	3.60237479770075e-10	-3.60237577982072e-10
189.424	0.306	-0.406	3.31804716681845e-09	4.94625949493407e-10	-4.94626048647862e-10
190.156	0.370	-0.427	3.07136183161838e-09	4.57852199269114e-10	-4.57852302066983e-10
190.816	0.281	-0.29	4.4270878835007e-09	6.59952047353239e-10	-6.59952578277861e-10
191.401	0.374	-0.303	3.71483673776539e-09	5.53776028136426e-10	-5.53776028136426e-10
192.114	0.317	-0.339	3.73819988957944e-09	5.69486228601759e-10	-5.69486228601759e-10
192.770	0.249	-0.339	4.16951136807657e-09	6.21555127859004e-10	-6.21555127859004e-10
193.312	0.271	-0.293	4.20226608548649e-09	6.40182879212497e-10	-6.40183385131944e-10
193.885	0.308	-0.302	3.9567972905757e-09	5.89845325907521e-10	-5.89845325907521e-10
194.466	0.230	-0.273	4.84453031391023e-09	7.2218084687364e-10	-7.221813592745e-10
194.956	0.267	-0.26	4.66303827350238e-09	6.95125800016817e-10	-6.95125800016817e-10
195.514	0.303	-0.291	4.02490009508318e-09	6.26740823404142e-10	-6.26741342346604e-10
196.151	0.310	-0.334	5.68535118535761e-09	6.9457781859385e-10	-6.9457781859385e-10
196.783	0.317	-0.321	5.53671239260684e-09	6.8633706469617e-10	-6.8633706469617e-10
197.399	0.309	-0.299	5.96536149467289e-09	7.23407792319677e-10	-7.234082969099e-10
197.961	0.253	-0.252	4.81359915069404e-09	7.33315170560797e-10	-7.33315170560797e-10
198.544	0.323	-0.33	5.77082728377197e-09	7.05020361325827e-10	-7.05020361325827e-10
199.130	0.269	-0.263	7.03381950830425e-09	8.5931979707263e-10	-8.5932032499725e-10
199.735	0.308	-0.336	5.7239494140724e-09	7.09546766514246e-10	-7.09547292266063e-10
200.332	0.272	-0.289	6.71219016979329e-09	8.20026611027653e-10	-8.20026611027653e-10
200.915	0.347	-0.311	5.59787058454491e-09	7.04154542336918e-10	-7.04155073609514e-10
201.540	0.341	-0.278	5.86653326177514e-09	7.27221680679707e-10	-7.27222198739804e-10
202.196	0.277	-0.315	6.06445178735048e-09	7.4089241153784e-10	-7.40892918663901e-10
202.814	0.340	-0.341	5.21252356406473e-09	6.36812478779115e-10	-6.36812980124548e-10
203.422	0.281	-0.267	6.36211585459668e-09	7.88654764245924e-10	-7.88655261637896e-10
204.021	0.349	-0.319	5.23322151959428e-09	6.48715556951343e-10	-6.48716055073969e-10
204.702	0.312	-0.332	5.46847564172621e-09	6.87878480029319e-10	-6.87878987970611e-10
205.299	0.230	-0.286	4.87842579069198e-09	7.43190865696694e-10	-7.43190865696694e-10
205.770	0.300	-0.241	7.68780869606688e-09	9.30965074368388e-10	-9.30965631600935e-10
206.372	0.289	-0.301	6.48813569240192e-09	7.92653458598503e-10	-7.92653999524852e-10
206.990	0.255	-0.328	6.36948355714991e-09	7.78158074815028e-10	-7.78158074815028e-10
207.513	0.246	-0.268	7.27258991728614e-09	8.81437071129709e-10	-8.81437581528087e-10
208.020	0.246	-0.261	4.76770424444835e-09	7.02960584129256e-10	-7.02961081138959e-10
208.565	0.261	-0.299	6.42815025371871e-09	7.85325627810029e-10	-7.85325627810029e-10
209.067	0.270	-0.241	7.50566978010045e-09	9.10198166428331e-10	-9.10198699417054e-10
209.648	0.264	-0.311	6.62543947989382e-09	8.21296712115296e-10	-8.21297255320352e-10
210.174	0.299	-0.263	6.63911392358561e-09	8.11098607011678e-10	-8.11098607011678e-10
210.768	0.300	-0.294	6.1059766362038e-09	7.45965325095088e-10	-7.45965837226736e-10
211.322	0.248	-0.253	7.62466235985657e-09	8.98576902781769e-10	-8.98577405231682e-10
211.826	0.258	-0.257	7.31986768036744e-09	8.74418956356319e-10	-8.74419455659375e-10
212.318	0.273	-0.234	7.35135547386826e-09	8.78657145592484e-10	-8.78657649200011e-10
212.908	0.270	-0.317	6.08158791117984e-09	7.4298602920343e-10	-7.4298602920343e-10
213.423	0.271	-0.245	8.01052075097109e-09	9.12446344543571e-10	-9.12446843867922e-10
213.983	0.293	-0.289	6.03655708302323e-09	7.3748453008447e-10	-7.3748453008447e-10
214.522	0.330	-0.247	6.08048740925776e-09	7.4285139039739e-10	-7.4285139039739e-10
215.135	0.225	-0.282	8.35842611341501e-09	9.28716541875096e-10	-9.2871703673294e-10
215.629	0.280	-0.27	6.33628538525761e-09	7.854524042899e-10	-7.85452901318561e-10
216.188	0.278	-0.279	6.32525307320481e-09	7.84084953415659e-10	-7.84085456001035e-10
216.730	0.272	-0.264	6.69221474504435e-09	8.29573981734718e-10	-8.29573981734718e-10
217.260	0.317	-0.258	6.34461585404196e-09	7.75119834767807e-10	-7.75119834767807e-10
217.833	0.252	-0.257	8.83638295137166e-09	9.75383780092903e-10	-9.75384290677892e-10
218.338	0.259	-0.253	8.32429848463808e-09	9.30687769992568e-10	-9.30688274233607e-10
218.843	0.262	-0.245	6.8505698459541e-09	8.49204013048712e-10	-8.49204508676685e-10
219.400	0.220	-0.296	6.8770732660415e-09	8.40170440940633e-10	-8.40170440940633e-10
219.881	0.243	-0.26	8.21762476381951e-09	9.4262814774595e-10	-9.42628662637623e-10
220.401	0.242	-0.277	6.84764341238007e-09	8.61363191964343e-10	-8.61363705095921e-10
220.943	0.204	-0.3	8.97858537596939e-09	9.68188732310833e-10	-9.68189229466983e-10
221.395	0.256	-0.248	9.01955042902524e-09	9.72198054031684e-10	-9.72198546108709e-10
221.888	0.269	-0.238	7.60814954323777e-09	8.84431372678362e-10	-8.84431865726031e-10
222.407	0.252	-0.25	7.57612167797422e-09	9.04289783987516e-10	-9.04290279377746e-10
222.910	0.253	-0.251	8.30377949961242e-09	9.39775045006714e-10	-9.39775543746587e-10
223.423	0.242	-0.26	8.17362251741962e-09	9.3147293765228e-10	-9.31473441349922e-10
223.910	0.304	-0.245	6.56900750888163e-09	8.02534198723242e-10	-8.02534198723242e-10
224.463	0.267	-0.249	7.23862774223166e-09	8.71430413099622e-10	-8.71430413099622e-10
224.937	0.300	-0.207	8.18462952423047e-09	9.32727341624924e-10	-9.32727851367427e-10
225.484	0.255	-0.247	9.55062670946875e-09	1.00672706532049e-09	-1.00672807240406e-09
226.033	0.213	-0.294	7.76614257517006e-09	9.0234133509031e-10	-9.02341829794447e-10
226.492	0.265	-0.246	7.33744100304818e-09	8.64727912479558e-10	-8.6472840462238e-10
227.012	0.246	-0.256	7.45960338656714e-09	8.79125174809508e-10	-8.79125174809508e-10
227.507	0.252	-0.249	8.60267326595579e-09	9.44268274958443e-10	-9.44268766773034e-10
227.996	0.290	-0.236	7.91482996546848e-09	8.84906911535532e-10	-8.8490740430109e-10
228.532	0.258	-0.245	7.13825345693858e-09	8.59346916845963e-10	-8.59346916845963e-10
229.031	0.261	-0.241	7.14719224831173e-09	8.60422506320609e-10	-8.60422997830802e-10
229.576	0.272	-0.285	6.33941294460763e-09	7.68768724811854e-10	-7.68768724811854e-10
230.098	0.298	-0.25	6.36969957070998e-09	7.78184620549255e-10	-7.78185113250785e-10
230.637	0.270	-0.241	7.06493587561074e-09	8.5052036743964e-10	-8.50520861904652e-10
231.140	0.283	-0.233	7.51865500892756e-09	8.79993843719997e-10	-8.79994346308255e-10
231.714	0.288	-0.29	6.22980366427768e-09	7.72253222439889e-10	-7.72253222439889e-10
232.269	0.245	-0.268	7.24409303793264e-09	8.8500864427851e-10	-8.85009168229431e-10
232.783	0.244	-0.27	8.38706542994685e-09	9.73751387765053e-10	-9.73751387765053e-10
233.264	0.267	-0.236	7.62098078027873e-09	9.23661693077931e-10	-9.23661693077931e-10
233.763	0.277	-0.232	7.28028480295623e-09	8.76445454718424e-10	-8.76445454718424e-10
234.262	0.289	-0.222	7.39400085976533e-09	8.90134914573448e-10	-8.90135432068174e-10
234.793	0.274	-0.242	7.34481048462407e-09	9.10470940098513e-10	-9.10470940098513e-10
235.317	0.251	-0.25	8.46817677480286e-09	9.84408336916733e-10	-9.84408336916733e-10
235.864	0.322	-0.295	6.06699290078091e-09	7.41203126084345e-10	-7.41203654800627e-10
236.439	0.256	-0.253	8.00100683599261e-09	9.23878820783577e-10	-9.23879334168523e-10
236.949	0.269	-0.255	6.69543148484477e-09	8.29972819023332e-10	-8.29973318726401e-10
237.493	0.226	-0.276	8.04084902934309e-09	9.21899889746743e-10	-9.21900383438048e-10
237.970	0.284	-0.25	6.49921636165745e-09	8.05650320992328e-10	-8.05650320992328e-10
238.498	0.257	-0.245	7.5525857188056e-09	8.90083030249361e-10	-8.90083527993521e-10
239.041	0.243	-0.286	6.73756236877546e-09	8.23126050128243e-10	-8.2312655267788e-10
239.590	0.388	-0.306	4.86595782634771e-09	6.2199518763747e-10	-6.21995689967174e-10
240.236	0.273	-0.259	6.45072426224443e-09	8.11434809378568e-10	-8.11435304352975e-10
240.761	0.282	-0.251	6.93985605105037e-09	8.29022986473804e-10	-8.29023477917344e-10
241.301	0.260	-0.258	6.87512129420749e-09	8.33732383090224e-10	-8.33732878151315e-10
241.864	0.295	-0.303	5.82699706422251e-09	7.22320619463317e-10	-7.22321116478161e-10
242.393	0.287	-0.234	6.9110142058027e-09	8.31990223448358e-10	-8.31990717252716e-10
242.968	0.290	-0.289	5.97806069942524e-09	7.41046839450409e-10	-7.41047332640909e-10
243.513	0.272	-0.255	4.4805624434229e-09	6.6792395362879e-10	-6.6792395362879e-10
244.082	0.271	-0.298	6.29890773970038e-09	7.63856051172058e-10	-7.63856549937023e-10
244.616	0.325	-0.262	5.9298456674226e-09	7.35070027532265e-10	-7.3507052425121e-10
245.223	0.348	-0.282	5.50199629497412e-09	6.82033544994545e-10	-6.82034039393358e-10
245.856	0.240	-0.285	6.65925739817213e-09	8.1355936587341e-10	-8.13559859190836e-10
246.445	0.314	-0.349	5.28678873712326e-09	6.50379830491694e-10	-6.50380323603406e-10
247.062	0.295	-0.303	5.84190299194785e-09	7.13703821237068e-10	-7.1370431416185e-10
247.605	0.271	-0.248	4.77124104882792e-09	7.09436509684658e-10	-7.09436509684658e-10
248.152	0.233	-0.276	4.63511775419877e-09	6.9807634062332e-10	-6.98076833166371e-10
248.650	0.237	-0.265	4.69431905185955e-09	7.06992445479539e-10	-7.06992445479539e-10
249.171	0.279	-0.284	6.18920581839342e-09	7.56133460694333e-10	-7.56133951838387e-10
249.740	0.300	-0.29	5.88594318641516e-09	7.19084114836006e-10	-7.19084605565186e-10
250.291	0.293	-0.251	4.86182617693915e-09	6.80793081428971e-10	-6.80793081428971e-10
250.827	0.259	-0.243	6.93176917533743e-09	8.46852267721274e-10	-8.46852267721274e-10
251.375	0.314	-0.289	5.76919803226051e-09	7.04821554754896e-10	-7.04821554754896e-10
252.015	0.311	-0.326	5.46736496107834e-09	6.67946442595487e-10	-6.67946934123992e-10
252.557	0.270	-0.231	4.72382315276654e-09	7.1840783483679e-10	-7.1840783483679e-10
253.100	0.321	-0.272	4.73287122472946e-09	6.66657584407042e-10	-6.66657584407042e-10
253.668	0.259	-0.248	4.62639190159137e-09	6.89662904447217e-10	-6.89662904447217e-10
254.241	0.330	-0.314	5.42700563752832e-09	6.63015477513452e-10	-6.63015970864146e-10
254.837	0.247	-0.266	4.78225477956579e-09	6.97564486572479e-10	-6.97564979620255e-10
255.377	0.292	-0.294	4.74343157785842e-09	6.5727292422527e-10	-6.57273416999362e-10
255.954	0.224	-0.285	4.61713817229442e-09	6.88283331626255e-10	-6.88283331626255e-10
256.422	0.266	-0.244	4.60983780974606e-09	6.87194875364123e-10	-6.87195370019384e-10
256.979	0.273	-0.291	4.11637470659827e-09	6.27098033272688e-10	-6.27098529037239e-10
257.548	0.354	-0.296	5.39660095351818e-09	6.59300964297243e-10	-6.5930145894263e-10
258.266	0.296	-0.364	5.23405488188644e-09	6.48818803361757e-10	-6.48819296263062e-10
258.792	0.279	-0.23	4.63542801653435e-09	6.98123275461809e-10	-6.98123275461809e-10
259.341	0.234	-0.27	4.58298651129091e-09	6.98182762477824e-10	-6.98183255246163e-10
259.869	0.251	-0.295	4.87875543267041e-09	6.83163261873946e-10	-6.83163755985273e-10
260.459	0.261	-0.339	5.85357302001062e-09	7.25615147312168e-10	-7.25615648030968e-10
261.060	0.279	-0.34	5.78213102478704e-09	7.06401274760114e-10	-7.06401274760114e-10
261.598	0.254	-0.259	4.66565643512756e-09	7.02675838555646e-10	-7.02675838555646e-10
262.105	0.257	-0.254	4.65821434325566e-09	7.08429829258094e-10	-7.08429829258094e-10
262.610	0.268	-0.248	4.85281139001992e-09	7.0044424463489e-10	-7.0044424463489e-10
263.166	0.285	-0.288	4.10154796191778e-09	6.11423724188932e-10	-6.11423724188932e-10
263.735	0.272	-0.284	4.74305719315331e-09	6.76997348062105e-10	-6.76997348062105e-10
264.364	0.306	-0.356	3.61584240573633e-09	5.39018812059031e-10	-5.39018812059031e-10
264.972	0.333	-0.302	5.4650003299047e-09	6.97645896287353e-10	-6.97646402452127e-10
265.670	0.304	-0.365	5.27520347427886e-09	6.53919716479498e-10	-6.53920219944297e-10
266.292	0.301	-0.318	5.62415404908512e-09	7.0746096633696e-10	-7.0746096633696e-10
266.856	0.239	-0.263	4.89948312611076e-09	7.29668128531703e-10	-7.29668630774673e-10
267.384	0.253	-0.289	4.62616484728812e-09	6.81452900987551e-10	-6.81452900987551e-10
267.879	0.271	-0.241	4.62569533756609e-09	7.18520391431024e-10	-7.18520391431024e-10
268.448	0.303	-0.299	3.9334284111268e-09	5.86361948049266e-10	-5.86361948049266e-10
269.066	0.253	-0.315	6.23273946214468e-09	7.61452297942437e-10	-7.61452297942437e-10
269.598	0.322	-0.279	6.10435006623395e-09	7.45766978116043e-10	-7.45766978116043e-10
270.174	0.287	-0.254	7.0070903456896e-09	8.56054267103279e-10	-8.56054801994447e-10
270.719	0.248	-0.259	5.01143929789612e-09	7.54752930423218e-10	-7.54752930423218e-10
271.256	0.217	-0.289	5.197685655224e-09	7.58161273748916e-10	-7.58161802164205e-10
271.758	0.281	-0.285	5.23921163990856e-09	7.19662446404197e-10	-7.19662446404197e-10
272.326	0.277	-0.287	6.67228939905583e-09	8.15151961157566e-10	-8.15152492291845e-10
272.912	0.319	-0.309	5.98259836209974e-09	7.4160920994427e-10	-7.41609745990092e-10
273.511	0.248	-0.281	4.68455033071617e-09	6.98332290554068e-10	-6.98332810727097e-10
274.095	0.271	-0.336	5.83287564091083e-09	7.12600744015516e-10	-7.12601243473545e-10
274.666	0.248	-0.3	6.60061016599332e-09	8.06394549673102e-10	-8.06394549673102e-10
275.173	0.248	-0.259	7.37773261774216e-09	8.88176477357158e-10	-8.88176990057523e-10
275.756	0.299	-0.335	5.52020740704835e-09	6.84291027668509e-10	-6.84291027668509e-10
276.330	0.322	-0.276	4.96920006034129e-09	6.82043530491062e-10	-6.82043530491062e-10
276.896	0.291	-0.244	7.40368736608813e-09	9.04506197639498e-10	-9.04506743541547e-10
277.523	0.283	-0.336	6.22034427683467e-09	7.71080806333464e-10	-7.71081342328842e-10
278.054	0.267	-0.247	5.0616557568737e-09	7.38319677893577e-10	-7.38319677893577e-10
278.600	0.287	-0.279	6.54713763043431e-09	7.99861849693324e-10	-7.9986235970424e-10
279.154	0.238	-0.267	8.19930109270049e-09	9.59657940520529e-10	-9.59658464057508e-10
279.665	0.279	-0.273	6.93813238372984e-09	8.47629889320602e-10	-8.47630416192803e-10
280.227	0.339	-0.284	6.09174800820939e-09	7.44226990325942e-10	-7.44227512613954e-10
280.880	0.283	-0.313	6.29189784678071e-09	7.79950078219524e-10	-7.79950600127043e-10
281.433	0.286	-0.271	6.77678779839337e-09	8.40057861958955e-10	-8.4005838717205e-10
281.970	0.286	-0.251	6.96628182658289e-09	8.63547378332695e-10	-8.63547899256817e-10
282.517	0.293	-0.26	6.67955331534763e-09	8.16038613675588e-10	-8.16039122549348e-10
283.127	0.241	-0.317	6.74469211801724e-09	8.36079420387549e-10	-8.36079944772534e-10
283.617	0.256	-0.249	8.70063008867565e-09	1.02538129404267e-09	-1.02538185729415e-09
284.127	0.277	-0.253	7.92398838630566e-09	9.68071890483974e-10	-9.68071890483974e-10
284.656	0.281	-0.252	7.42924661501029e-09	9.07628845985942e-10	-9.07628845985942e-10
285.270	0.322	-0.332	5.83485740045047e-09	7.12842643672605e-10	-7.12843169663349e-10
285.846	0.258	-0.254	8.01553198188057e-09	9.93613575053158e-10	-9.93614146652917e-10
286.441	0.349	-0.336	6.16828136475626e-09	7.64626789186511e-10	-7.64627377205817e-10
287.097	0.262	-0.307	6.66288301013754e-09	8.25937722845198e-10	-8.25938250748002e-10
287.707	0.261	-0.348	5.96994674175673e-09	7.29346762218888e-10	-7.29347262317463e-10
288.284	0.315	-0.317	5.84778702154895e-09	7.09149846418541e-10	-7.09149846418541e-10
288.932	0.334	-0.333	5.47585030602912e-09	6.68983223845987e-10	-6.68983223845987e-10
289.534	0.246	-0.268	7.15853983260199e-09	8.74556810518018e-10	-8.74556810518018e-10
290.091	0.266	-0.311	6.34616333417904e-09	7.86677510067543e-10	-7.86677510067543e-10
290.578	0.302	-0.221	6.93267122925759e-09	8.59381431793344e-10	-8.59381936433166e-10
291.173	0.295	-0.293	6.15801745591871e-09	7.52323493926867e-10	-7.52323493926867e-10
291.773	0.322	-0.305	5.96727981976149e-09	7.39710356167914e-10	-7.39710876226744e-10
292.374	0.259	-0.279	7.39320925701353e-09	9.09511304599906e-10	-9.09511849191692e-10
292.946	0.282	-0.314	6.44658959983336e-09	7.87578016263609e-10	-7.87578016263609e-10
293.569	0.338	-0.341	5.48436731963129e-09	6.79848026261339e-10	-6.79848026261339e-10
294.179	0.289	-0.271	6.71885949713446e-09	8.32876970968704e-10	-8.32876970968704e-10
294.769	0.315	-0.301	6.20421873066198e-09	7.57967571971868e-10	-7.57968097784309e-10
295.400	0.268	-0.316	6.35290339230981e-09	7.99129988149754e-10	-7.99130509701197e-10
295.985	0.339	-0.318	5.83445895616214e-09	7.23245366227722e-10	-7.2324589926824e-10
296.659	0.319	-0.335	6.22488611028015e-09	7.71643221111255e-10	-7.71643788277868e-10
297.220	0.270	-0.241	5.45622611193331e-09	8.12582674792767e-10	-8.12582674792767e-10
297.776	0.313	-0.287	6.32472278190563e-09	7.78066433737904e-10	-7.78066953601918e-10
298.379	0.324	-0.29	5.99244775025614e-09	7.3209548008913e-10	-7.32095986470628e-10
298.975	0.247	-0.273	4.82432940501452e-09	7.19169815526232e-10	-7.19169815526232e-10
299.497	0.298	-0.275	6.46983072026265e-09	8.02007243773313e-10	-8.02007243773313e-10
300.141	0.373	-0.346	4.9920267549772e-09	6.19185955475152e-10	-6.19186464659054e-10
300.780	0.239	-0.266	7.21874883595121e-09	8.94843637344505e-10	-8.94844144922141e-10
301.330	0.329	-0.311	5.81804064526121e-09	7.1078798898388e-10	-7.10788501993372e-10
301.925	0.307	-0.266	4.32115157366778e-09	6.58294233476862e-10	-6.58294749099781e-10
302.530	0.237	-0.298	4.821090665238e-09	7.17993551852033e-10	-7.17993551852033e-10
303.041	0.317	-0.274	6.33343102226272e-09	7.73753018650014e-10	-7.7375353367951e-10
303.629	0.310	-0.27	4.35734220687356e-09	6.49555325128121e-10	-6.49555325128121e-10
304.283	0.346	-0.345	5.4079451171957e-09	6.70374360774207e-10	-6.70374880273907e-10
304.941	0.288	-0.312	6.06882325570258e-09	7.63395947558477e-10	-7.63395947558477e-10
305.513	0.350	-0.285	5.68457982487593e-09	7.15062079371869e-10	-7.15062587302774e-10
306.210	0.360	-0.346	5.05382339784108e-09	6.31729017979752e-10	-6.3172953245016e-10
306.821	0.261	-0.251	4.96241793680188e-09	7.31669898808728e-10	-7.31669898808728e-10
307.324	0.353	-0.241	4.10668973950652e-09	6.12190305217274e-10	-6.12190305217274e-10
308.013	0.318	-0.336	5.47759317151666e-09	6.69196421783143e-10	-6.69196421783143e-10
308.630	0.306	-0.299	5.95794551971103e-09	7.27880801484924e-10	-7.27880801484924e-10
309.276	0.339	-0.34	5.3246638797654e-09	6.60051159005324e-10	-6.60051159005324e-10
309.891	0.285	-0.275	6.80571061959138e-09	8.31451768020329e-10	-8.31451768020329e-10
310.455	0.340	-0.279	5.19205257101825e-09	7.06015043761781e-10	-7.06015043761781e-10
311.123	0.293	-0.328	5.25842224425991e-09	6.96496167926346e-10	-6.96496696296664e-10
311.791	0.294	-0.375	3.67313910812093e-09	5.7196588745604e-10	-5.71966407686563e-10
312.395	0.405	-0.31	4.89752525783968e-09	6.17031271881324e-10	-6.17031784746584e-10
313.147	0.333	-0.347	5.9710390541932e-09	7.29480169116031e-10	-7.29480169116031e-10
313.832	0.260	-0.352	4.67144715450633e-09	6.96379415475693e-10	-6.96379415475693e-10
314.397	0.291	-0.305	4.47164363985899e-09	6.66594116861708e-10	-6.66594663172859e-10
314.914	0.284	-0.226	4.84823654294223e-09	7.45982456520671e-10	-7.45982968887095e-10
315.561	0.341	-0.362	5.16220629328992e-09	6.39912592476108e-10	-6.39913097318598e-10
316.166	0.319	-0.264	4.14149985746526e-09	6.30925851275227e-10	-6.30925851275227e-10
316.746	0.270	-0.261	5.14710697052738e-09	7.42922020446717e-10	-7.42922020446717e-10
317.258	0.264	-0.243	5.23060324566183e-09	7.79733567087889e-10	-7.79733567087889e-10
317.834	0.275	-0.312	4.38654916270125e-09	6.53909099087859e-10	-6.53909099087859e-10
318.455	0.335	-0.346	3.60079792550523e-09	5.4855394413728e-10	-5.48554455220637e-10
319.126	0.325	-0.335	5.59762697103284e-09	6.88618620510043e-10	-6.88619127033113e-10
319.731	0.300	-0.28	4.30856611722761e-09	6.42283884466904e-10	-6.42284396697491e-10
320.249	0.303	-0.219	4.83907248763828e-09	7.21367418629268e-10	-7.21367418629268e-10
320.798	0.364	-0.246	4.15130283727051e-09	6.18840621017367e-10	-6.18840621017367e-10
321.391	0.312	-0.229	4.70540298356165e-09	7.01441322835654e-10	-7.01441322835654e-10
322.035	0.249	-0.332	4.40257781804087e-09	6.56298522918651e-10	-6.56298522918651e-10
322.552	0.248	-0.267	4.99249393458997e-09	7.44237862632363e-10	-7.44238390628395e-10
323.171	0.234	-0.37	4.37274011188982e-09	6.44726141951539e-10	-6.4472667079098e-10
323.729	0.304	-0.325	4.02752963317507e-09	6.13563485902622e-10	-6.13563485902622e-10
324.313	0.244	-0.279	4.8494891618787e-09	7.46175528396324e-10	-7.46175528396324e-10
324.786	0.279	-0.229	4.9975283654332e-09	7.44988459991144e-10	-7.4498898122964e-10
325.406	0.192	-0.34	4.68386046701063e-09	6.98229911783694e-10	-6.98229911783694e-10
325.883	0.276	-0.285	4.28684162333951e-09	6.53067572458193e-10	-6.53067572458193e-10
326.444	0.305	-0.286	4.07361642288002e-09	6.07259967644958e-10	-6.07259967644958e-10
327.009	0.245	-0.26	4.80245639781522e-09	7.23278504446273e-10	-7.23278998717196e-10
327.510	0.251	-0.256	4.76462288503861e-09	7.10269079448994e-10	-7.10269079448994e-10
328.026	0.248	-0.265	4.96199282415363e-09	7.47305780676333e-10	-7.47305780676333e-10
328.638	0.361	-0.365	3.68040163214714e-09	5.48642547254375e-10	-5.48643094861397e-10
329.341	0.309	-0.342	5.89045399894067e-09	7.30186995219132e-10	-7.30187528972972e-10
329.919	0.253	-0.269	4.78973761719412e-09	7.14012996066892e-10	-7.14012996066892e-10
330.401	0.276	-0.229	5.03202231884865e-09	7.74260985758412e-10	-7.74261511979006e-10
330.942	0.274	-0.265	4.90297144010533e-09	7.46930356428662e-10	-7.46930356428662e-10
331.516	0.276	-0.3	4.80016368846897e-09	7.15567062417037e-10	-7.15567629592776e-10
332.050	0.342	-0.258	4.42760985717359e-09	6.89448984820869e-10	-6.89449546854566e-10
332.611	0.282	-0.219	5.44728420707526e-09	8.20393333398827e-10	-8.20393890089472e-10
333.186	0.359	-0.292	4.24953529193159e-09	6.33484053523756e-10	-6.33484620728261e-10
333.857	0.314	-0.312	6.72101223000391e-09	8.21103637080986e-10	-8.21104216552524e-10
334.534	0.350	-0.363	5.55568443483074e-09	6.78736038869875e-10	-6.78736038869875e-10
335.211	0.295	-0.326	4.15792555316412e-09	6.19827900440625e-10	-6.19827900440625e-10
335.782	0.252	-0.277	4.88591862320273e-09	7.28350808791454e-10	-7.28350808791454e-10
336.383	0.264	-0.348	4.21621843913551e-09	6.28517726897233e-10	-6.28517726897233e-10
336.963	0.292	-0.317	4.33148495369951e-09	6.3864344959314e-10	-6.3864344959314e-10
337.517	0.270	-0.262	5.20077371415346e-09	7.57921605693614e-10	-7.57921605693614e-10
338.101	0.271	-0.314	4.40898754192444e-09	6.57254234661223e-10	-6.57254234661223e-10
338.607	0.299	-0.235	4.79320478240253e-09	7.1452991311531e-10	-7.1452991311531e-10
339.263	0.301	-0.357	3.73550809084823e-09	5.69076094895578e-10	-5.69076094895578e-10
339.857	0.299	-0.293	4.02859174776205e-09	6.27316077114454e-10	-6.27316077114454e-10
340.425	0.249	-0.269	4.761093983571e-09	7.09743070794454e-10	-7.09743070794454e-10
340.954	0.299	-0.28	4.98035701681172e-09	6.96821012942296e-10	-6.96821520995227e-10
341.522	0.234	-0.27	5.08239685544681e-09	7.5764023256892e-10	-7.5764023256892e-10
342.072	0.309	-0.317	4.14722162807357e-09	6.31797544905795e-10	-6.31797544905795e-10
342.672	0.326	-0.29	5.38463801993911e-09	7.19553961207969e-10	-7.19553961207969e-10
343.281	0.229	-0.283	5.15246572129281e-09	7.84938957657947e-10	-7.84938957657947e-10
343.774	0.254	-0.264	4.99584486809686e-09	7.44737598181664e-10	-7.44738128362122e-10
344.304	0.300	-0.276	4.17710148574176e-09	6.50441097542063e-10	-6.50441097542063e-10
344.931	0.255	-0.327	4.23781463781074e-09	6.31736963533483e-10	-6.31736963533483e-10
345.470	0.269	-0.284	4.38405990869601e-09	6.67877895692213e-10	-6.67878400963653e-10
346.049	0.295	-0.31	4.13622072456035e-09	6.16592257565104e-10	-6.16592257565104e-10
346.653	0.278	-0.309	4.36969834270197e-09	6.51397057927832e-10	-6.51397057927832e-10
347.267	0.292	-0.336	6.11927935182512e-09	7.47590524992666e-10	-7.47590524992666e-10
347.879	0.288	-0.32	4.12226146365883e-09	6.14511559024379e-10	-6.14511559024379e-10
348.429	0.267	-0.262	4.67112347016013e-09	6.96330922136952e-10	-6.96330922136952e-10
348.998	0.344	-0.301	3.88837185273226e-09	5.79645143852e-10	-5.79645143852e-10
349.662	0.356	-0.32	5.57764961487914e-09	6.81419583154553e-10	-6.81420102306063e-10
350.280	0.250	-0.262	4.80883059581994e-09	7.1685930144107e-10	-7.1685930144107e-10
350.874	0.213	-0.344	4.33494430091822e-09	6.46216048901696e-10	-6.46216544265194e-10
351.350	0.249	-0.263	4.68474376526274e-09	6.90728791016605e-10	-6.90728791016605e-10
351.900	0.242	-0.301	4.81423019281822e-09	6.8715608210121e-10	-6.8715608210121e-10
352.496	0.275	-0.353	3.96039290053026e-09	5.96458844244797e-10	-5.96458844244797e-10
353.022	0.250	-0.252	5.18610467095586e-09	7.73100047799028e-10	-7.73100047799028e-10
353.595	0.287	-0.323	4.23730751457713e-09	6.31661268308353e-10	-6.3166181168457e-10
354.118	0.304	-0.236	5.07961819832507e-09	7.25660648539383e-10	-7.256611769936e-10
354.777	0.276	-0.355	3.97016772633512e-09	5.91838328330365e-10	-5.91838855261336e-10
355.362	0.259	-0.309	4.42483455289777e-09	6.80834893033184e-10	-6.80835425873327e-10
355.904	0.252	-0.284	4.78384859210606e-09	7.13134973074637e-10	-7.1313551142948e-10
356.431	0.321	-0.275	4.20330459385326e-09	6.54521618817111e-10	-6.54521618817111e-10
357.125	0.292	-0.373	3.96348741549987e-09	5.90842415135448e-10	-5.90842969344636e-10
357.731	0.268	-0.314	4.62062314970264e-09	6.88802782409508e-10	-6.88802782409508e-10
358.308	0.297	-0.309	6.35103704180153e-09	7.98895437744056e-10	-7.98895993450628e-10
358.836	0.292	-0.231	4.90877348985857e-09	7.23760316773818e-10	-7.23760316773818e-10
359.391	0.243	-0.262	4.82280784165589e-09	7.1894295018535e-10	-7.1894295018535e-10
360.028	0.338	-0.394	3.22964566127931e-09	5.02907139986564e-10	-5.02907293762519e-10
360.661	0.246	-0.295	4.58200705054193e-09	6.83046255320902e-10	-6.83046255320902e-10
361.289	0.277	-0.383	3.88987443671362e-09	5.92592355349201e-10	-5.92592903626496e-10
361.934	0.377	-0.368	3.68236813863053e-09	5.48935854435843e-10	-5.48936027487998e-10
362.640	0.289	-0.328	4.39449495141382e-09	6.55093689244794e-10	-6.55093689244794e-10
363.232	0.258	-0.303	4.79350968173362e-09	7.14575551045094e-10	-7.14575551045094e-10
363.786	0.206	-0.296	5.37335571052337e-09	8.01014017713067e-10	-8.01014017713067e-10
364.378	0.347	-0.386	3.70267653779818e-09	5.51963246278382e-10	-5.51963417375962e-10
364.959	0.271	-0.234	5.26885815002929e-09	7.85435898164607e-10	-7.85436457593878e-10
365.576	0.308	-0.347	3.91584217104062e-09	5.83740179031814e-10	-5.83740179031814e-10
366.233	0.256	-0.349	3.8989078094462e-09	6.20695499935322e-10	-6.20695499935322e-10
366.771	0.325	-0.282	3.99993466768567e-09	5.9627599739597e-10	-5.9627599739597e-10
367.427	0.315	-0.331	3.61135625430038e-09	5.50162389380201e-10	-5.50162887397671e-10
368.152	0.355	-0.41	3.06041543665496e-09	4.66230862060733e-10	-4.66231012039217e-10
368.934	0.438	-0.427	2.76281346635667e-09	4.11856533023258e-10	-4.11856633421916e-10
369.636	0.268	-0.264	4.55057018583583e-09	6.78359903947527e-10	-6.78359903947527e-10
370.240	0.330	-0.337	3.67792372643305e-09	5.48273365254081e-10	-5.48273365254081e-10
371.071	0.450	-0.5	2.54274230745228e-09	3.95945388889021e-10	-3.95945493753757e-10
371.961	0.449	-0.441	2.85170499822246e-09	4.25107724394097e-10	-4.25107831008101e-10
372.701	0.316	-0.291	4.23025263472489e-09	6.30609834719847e-10	-6.30609834719847e-10
373.343	0.344	-0.327	3.79872563564784e-09	5.78706680172671e-10	-5.78707224286243e-10
374.096	0.396	-0.408	3.24821985176557e-09	4.84216781419604e-10	-4.84216891208262e-10
374.888	0.289	-0.396	3.84302755933491e-09	5.72885610087553e-10	-5.72885610087553e-10
375.546	0.399	-0.369	3.44296742178195e-09	5.13248036578325e-10	-5.13248147800335e-10
376.282	0.282	-0.337	4.28969706209267e-09	6.3947141896785e-10	-6.3947141896785e-10
376.873	0.375	-0.309	3.88093826094179e-09	5.78537012387912e-10	-5.78537012387912e-10
377.606	0.430	-0.359	3.27100149972372e-09	4.87612885888732e-10	-4.87612994246128e-10
378.294	0.322	-0.258	5.08934687493693e-09	7.12070351223899e-10	-7.12070351223899e-10
379.067	0.437	-0.451	2.89570785632373e-09	4.50907712001257e-10	-4.5090787940547e-10
379.865	0.381	-0.361	3.62212026359635e-09	5.51802323614462e-10	-5.51802495772913e-10
380.662	0.414	-0.417	2.97606344794399e-09	4.63420434402414e-10	-4.6342054174459e-10
381.479	0.453	-0.403	2.69819199821603e-09	4.20151420889331e-10	-4.20151521128488e-10
382.314	0.374	-0.382	3.18144557275256e-09	4.84668886462106e-10	-4.84669040577097e-10
383.096	0.566	-0.407	2.59106438028718e-09	3.86253655707312e-10	-3.86253761688056e-10
384.032	0.398	-0.371	3.15745164782232e-09	4.81013606567097e-10	-4.81013710212982e-10
384.760	0.419	-0.33	3.14146285791495e-09	4.78577835596901e-10	-4.78577986339653e-10
385.613	0.442	-0.434	2.70515359072689e-09	4.12109437641534e-10	-4.12109538773516e-10
386.530	0.516	-0.475	2.52527969754225e-09	3.76447009495015e-10	-3.76447114674267e-10
387.483	0.480	-0.438	2.6997351542557e-09	4.11283999370513e-10	-4.11284105223323e-10
388.295	0.310	-0.332	3.70696782206956e-09	5.64728046628827e-10	-5.64728555054799e-10
389.063	0.378	-0.458	2.82251307920591e-09	4.20756001859824e-10	-4.2075615065542e-10
389.711	0.261	-0.269	4.58381674797776e-09	6.83316131103954e-10	-6.83316131103954e-10
390.379	0.418	-0.408	2.98565865928931e-09	4.54842303436506e-10	-4.54842408702901e-10
391.250	0.547	-0.453	2.51596207005928e-09	3.75058059788697e-10	-3.75058165520537e-10
392.154	0.387	-0.357	3.38599728227244e-09	5.04755351010842e-10	-5.04755509762802e-10
392.927	0.429	-0.386	3.13608208244718e-09	4.67500201433324e-10	-4.67500308836798e-10
393.817	0.365	-0.461	3.22158119830769e-09	4.74996987436881e-10	-4.74997096781985e-10
394.722	0.525	-0.541	2.39040384110496e-09	3.56340881310113e-10	-3.56340988374944e-10
395.791	0.381	-0.544	2.67195312014841e-09	3.98311841832588e-10	-3.98311997672434e-10
396.718	0.432	-0.546	2.53177089910637e-09	3.77414614382421e-10	-3.77414770565274e-10
397.536	0.376	-0.385	3.27920647220147e-09	4.88835927388015e-10	-4.88836084807481e-10
398.300	0.494	-0.388	2.78705528942327e-09	4.15470272635891e-10	-4.15470376000641e-10
399.288	0.553	-0.493	2.28100178509744e-09	3.4003211648802e-10	-3.40032216778086e-10
400.420	0.761	-0.579	1.72589360170066e-09	2.62926726093264e-10	-2.62926775467469e-10
401.669	0.451	-0.488	2.4379667739677e-09	3.79630185343232e-10	-3.79630284760677e-10
402.692	0.388	-0.572	2.48497676931733e-09	3.70438987193482e-10	-3.70439087532793e-10
403.545	0.471	-0.465	2.61372701855907e-09	3.89631952262534e-10	-3.89632055064395e-10
404.538	0.567	-0.521	2.31058399449912e-09	3.44441990241562e-10	-3.44442095979556e-10
405.681	0.470	-0.576	2.25237893496187e-09	3.50731235270652e-10	-3.50731286414622e-10
406.678	0.484	-0.527	2.33575087782503e-09	3.48193723899944e-10	-3.48193823104434e-10
407.766	0.446	-0.604	2.23247999776504e-09	3.32798946750813e-10	-3.32799045241324e-10
408.545	0.357	-0.333	3.40855504197303e-09	5.08118013645413e-10	-5.08118508106414e-10
409.414	0.545	-0.512	2.23657597407241e-09	3.33409591280725e-10	-3.33409640951385e-10
410.528	0.566	-0.569	2.05853667307064e-09	3.13602356831427e-10	-3.13602456625621e-10
411.631	0.647	-0.538	1.94824491305938e-09	3.03372688811037e-10	-3.03372789023881e-10
412.813	0.579	-0.535	2.11461281860968e-09	3.22145118685044e-10	-3.22145219267761e-10
413.929	0.612	-0.537	2.097224271683e-09	3.15854514319442e-10	-3.15854564655055e-10
415.143	0.509	-0.601	2.12132359774666e-09	3.30323843663655e-10	-3.30323944430746e-10
416.123	0.500	-0.471	2.53214192609026e-09	3.77469989021994e-10	-3.77470089861496e-10
417.296	0.733	-0.673	1.72369328586195e-09	2.62591538295353e-10	-2.62591588758363e-10
418.565	0.547	-0.536	2.23565218280643e-09	3.40584485373292e-10	-3.40584586282983e-10
419.588	0.467	-0.476	2.66729736012423e-09	3.93272125199709e-10	-3.93272226066506e-10
420.634	0.517	-0.579	2.21343388686918e-09	3.37199725432866e-10	-3.37199826489155e-10
421.730	0.588	-0.579	2.12050025007848e-09	3.16105990223563e-10	-3.16106091682929e-10
422.863	0.624	-0.545	2.04573220223117e-09	3.18553036728663e-10	-3.18553087355398e-10
424.297	0.685	-0.81	1.59930527669186e-09	2.43641899592779e-10	-2.43641999162406e-10
425.617	0.463	-0.635	2.1621832712034e-09	3.22319742656053e-10	-3.22319840816441e-10
426.682	0.613	-0.603	1.9396808705339e-09	2.89150945169103e-10	-2.89151044229223e-10
428.172	0.736	-0.877	1.47936866723489e-09	2.20531571262303e-10	-2.20531671591235e-10
429.559	0.825	-0.651	1.61836503523826e-09	2.41251910737782e-10	-2.41252011176842e-10
431.238	0.850	-0.853	1.40218187223383e-09	2.11176989531283e-10	-2.11177039385114e-10
432.704	0.582	-0.617	1.98030154308798e-09	2.98245234047184e-10	-2.98245283635092e-10
433.925	0.783	-0.638	1.63602509199449e-09	2.49235901535276e-10	-2.49236000858485e-10
435.529	0.599	-0.821	1.64126358361438e-09	2.50033960963328e-10	-2.50034060479867e-10
436.886	0.646	-0.758	1.71856605729963e-09	2.56189021415544e-10	-2.56189121018426e-10
438.678	1.049	-1.147	1.07157024727287e-09	1.66860497593906e-10	-1.66860547400051e-10
440.537	0.693	-0.81	1.61558982398183e-09	2.4083821068197e-10	-2.40838310249783e-10
441.892	0.792	-0.661	1.58799137988848e-09	2.52803914731658e-10	-2.52803964415403e-10
443.699	0.858	-1.015	1.29042150314478e-09	1.92364959342492e-10	-1.92365008893453e-10
445.479	0.832	-0.922	1.37502535656129e-09	2.0497695993353e-10	-2.04977009374724e-10
447.127	0.875	-0.815	1.40644589388127e-09	2.09660841263185e-10	-2.09660939953489e-10
448.976	0.951	-0.974	1.21885900962749e-09	1.81697000788059e-10	-1.81697099400649e-10
450.483	0.677	-0.556	1.90965307409427e-09	2.84674681366944e-10	-2.84674730844615e-10
451.995	0.772	-0.835	1.47064061878788e-09	2.19230504376867e-10	-2.19230554026505e-10
453.908	1.079	-1.142	1.04544866195449e-09	1.59266128237746e-10	-1.59266177806172e-10
455.979	1.153	-0.992	1.05809965701287e-09	1.64762933756067e-10	-1.64762983032643e-10
457.837	0.713	-0.705	1.6211542973654e-09	2.46970463920465e-10	-2.4697051300744e-10
459.403	0.701	-0.853	1.50589385028922e-09	2.24485751120495e-10	-2.24485800270808e-10
461.109	0.904	-1.005	1.22690671703311e-09	1.828967316179e-10	-1.82896780837061e-10
462.999	1.125	-0.986	1.11150199679736e-09	1.65693158142971e-10	-1.65693207469902e-10
464.915	0.858	-0.791	1.42749312775188e-09	2.12798387988203e-10	-2.12798437462186e-10
467.224	1.458	-1.451	8.14060974047549e-10	1.2135323486353e-10	-1.21353284514504e-10
470.045	1.070	-1.362	9.79739973367175e-10	1.49255898973671e-10	-1.49255948607146e-10
472.318	1.070	-1.204	1.06161103606634e-09	1.58255891652405e-10	-1.58255891652405e-10
474.466	1.164	-1.078	1.03948477342665e-09	1.61864266252952e-10	-1.61864315588878e-10
476.971	1.267	-1.342	8.91732779681339e-10	1.38856996066619e-10	-1.38857045309954e-10
479.938	1.538	-1.7	7.28733321391412e-10	1.11016978497564e-10	-1.11016978497564e-10
482.937	1.275	-1.461	8.62140786945865e-10	1.31340520836133e-10	-1.31340569977793e-10
485.687	1.593	-1.474	7.83500786753026e-10	1.16797544198167e-10	-1.16797593461748e-10
488.885	1.761	-1.605	7.04592553156263e-10	1.07339302199244e-10	-1.07339351604118e-10
492.392	1.632	-1.746	7.03904868862164e-10	1.07234509635777e-10	-1.07234559173958e-10
495.188	1.301	-1.164	9.66929353902901e-10	1.47304289002257e-10	-1.47304338632714e-10
498.011	1.445	-1.523	8.04377309357117e-10	1.22540760256591e-10	-1.22540809979861e-10
501.576	1.924	-2.12	5.89433663908842e-10	8.9795729840983e-11	-8.97957794923452e-11
505.085	1.851	-1.585	6.79307816028998e-10	1.05779060026645e-10	-1.05779060026645e-10
509.126	1.658	-2.191	6.22899344089271e-10	9.28564937107967e-11	-9.28564937107967e-11
512.831	2.641	-2.047	5.02562119800438e-10	7.6561477151027e-11	-7.6561477151027e-11
517.076	1.899	-1.604	4.55576004403119e-10	8.31764951108852e-11	-8.31764951108852e-11
520.986	1.896	-2.011	5.94234447739473e-10	9.25318086237411e-11	-9.25318086237411e-11
524.954	1.795	-2.072	4.0597212570635e-10	7.65785858006424e-11	-7.65786352556047e-11
529.054	1.425	-2.304	4.3410269633535e-10	7.92560008649122e-11	-7.92560506322015e-11
532.609	2.227	-2.131	5.47580770109726e-10	8.34197380802929e-11	-8.34197877741215e-11
537.066	2.128	-2.231	3.51040569572243e-10	6.84444967740447e-11	-6.84444967740447e-11
541.587	2.702	-2.393	3.13505783814481e-10	5.72381156744085e-11	-5.72381156744085e-11
545.805	2.227	-1.515	4.56632184499099e-10	8.07219854482902e-11	-8.07220346982927e-11
550.635	2.097	-2.604	3.25898904842928e-10	6.35424427822692e-11	-6.35424427822692e-11
556.233	2.801	-3.501	2.56553980662668e-10	4.68401725592393e-11	-4.68401825006412e-11
561.753	2.686	-2.719	2.91549254254832e-10	5.49950044537317e-11	-5.49950044537317e-11
567.424	2.741	-2.986	2.54567566868642e-10	5.31105672372642e-11	-5.31105672372642e-11
573.615	3.138	-3.45	2.37092492246649e-10	4.47228062242805e-11	-4.47228111727838e-11
580.210	2.441	-3.457	2.60232671830818e-10	4.9087740259534e-11	-4.90877501717587e-11
585.853	2.721	-3.202	2.6295806661116e-10	4.96018324078041e-11	-4.96018423329317e-11
591.075	2.332	-2.5	3.34409327977404e-10	6.10545964590078e-11	-6.10545964590078e-11
596.580	4.865	-3.173	1.96482326487238e-10	3.70625003656791e-11	-3.70625053403598e-11
NO NO NO NO NO NO
! xrtpcflux
616.673	12.695	-9.871	9.35925720342478e-11	2.10041055463763e-11	-2.10041055463763e-11
640.129	9.299	-10.76	1.03472909908457e-10	2.31933270771019e-11	-2.31933270771019e-11
662.471	9.522	-13.044	9.65348836832278e-11	2.11631043572503e-11	-2.11631043572503e-11
685.475	14.099	-13.482	7.41592459630087e-11	1.66025774536405e-11	-1.66025774536405e-11
722.979	29.248	-23.406	3.84998082165905e-11	8.44999075706683e-12	-8.44999075706683e-12
777.210	20.149	-24.982	4.40426342922372e-11	9.89608802146855e-12	-9.89608802146855e-12
826.622	28.405	-29.263	3.56511841296693e-11	7.82477113458976e-12	-7.82477113458976e-12
903.569	34.200	-48.541	2.40682640835719e-11	5.42114802812262e-12	-5.42114802812262e-12
976.379	41.625	-38.609	2.11805414822088e-11	4.75360312591655e-12	-4.75360312591655e-12
1053.721	47.024	-35.718	1.32529718304607e-11	2.98186978952195e-12	-2.98186978952195e-12
1149.478	49.052	-48.733	1.13067305354357e-11	2.54081469809589e-12	-2.54081469809589e-12
1242.323	64.022	-43.793	1.04271942408108e-11	2.35485883171027e-12	-2.35485883171027e-12
1469.006	213.432	-162.661	4.93329530560087e-12	8.89950664665526e-13	-8.89950664665526e-13
5822.690	274.860	-557.569	1.05795106330866e-12	2.82596703695906e-13	-2.82596703695906e-13
6542.627	898.830	-445.077	8.17442592317857e-13	1.96469035762869e-13	-1.96469035762869e-13
11426.527	481.659	-398.41	9.6731247597597e-13	2.58936088022162e-13	-2.58936088022162e-13
12553.103	653.858	-644.916	7.29621729204395e-13	1.84993799639883e-13	-1.84993799639883e-13
17768.486	1200.132	-1011.307	5.00447260232458e-13	1.19713948790689e-13	-1.19713948790689e-13
26236.847	4259.438	-3434.871	4.45570926004664e-13	8.99135537946954e-14	-8.99135537946954e-14
66719.639	15363.534	-19712.67	2.42933889395862e-13	5.94764888493373e-14	-5.94764888493373e-14
124962.198	65631.702	-37594.867	1.04905937994133e-13	2.49806322535546e-14	-2.49806322535546e-14
NO NO NO NO NO NO
! batSNR4flux
46.4409999990253	6.71999999999994	-6.71999999999994	6.37459897755908e-09	1.78704943027303e-09	-1.78704943027303e-09
59.8809999991247	6.71999999999994	-6.71999999999994	8.26287136654078e-09	1.6226484780041e-09	-1.6226484780041e-09
69.4009999989614	2.8	-2.8	1.01815598195287e-08	2.37601029014445e-09	-2.37601029014445e-09
77.8009999989615	5.59999999999997	-5.59999999999997	7.98403581897223e-09	1.58051733621838e-09	-1.58051733621838e-09
86.2009999993872	2.8	-2.8	8.71099982377044e-09	2.07121670655716e-09	-2.07121670655716e-09
91.8009999989615	2.8	-2.8	1.12742457737225e-08	2.78750248969035e-09	-2.78750248969035e-09
97.4009999989615	2.8	-2.8	1.74891935918815e-08	3.74792862362128e-09	-3.74792862362128e-09
101.940999999019	1.74	-1.74	2.88762076126829e-08	5.84739044834005e-09	-5.84739044834005e-09
104.320999999046	0.64	-0.64	4.67663066641362e-08	1.07194808630282e-08	-1.07194808630282e-08
106.660999998766	1.7	-1.7	2.53513161718022e-08	7.57555186155708e-09	-7.57555186155708e-09
110.060999999467	1.7	-1.7	5.39579835620852e-08	8.96684021811544e-09	-8.96684021811544e-09
112.440999998555	0.68	-0.68	6.64689818841952e-08	1.62175077926122e-08	-1.62175077926122e-08
114.920999999047	1.8	-1.8	4.31576480292763e-08	1.01641605082598e-08	-1.01641605082598e-08
118.520999999047	1.8	-1.8	4.47609862428005e-08	9.11199197611781e-09	-9.11199197611781e-09
121.080999998921	0.76	-0.76	5.65515986106525e-08	1.31190988191695e-08	-1.31190988191695e-08
121.881000001431	0.04	-0.04	2.2849917706661e-07	5.70216163095568e-08	-5.70216163095568e-08
122.56099999927	0.64	-0.64	6.34020879613667e-08	1.3854579937487e-08	-1.3854579937487e-08
123.840999998599	0.64	-0.64	6.00733398848085e-08	1.38662011692504e-08	-1.38662011692504e-08
127.320999999047	2.84	-2.84	2.71481077538083e-08	6.30292517898592e-09	-6.30292517898592e-09
133.000999999063	2.84	-2.84	2.47517615916751e-08	6.0325549340564e-09	-6.0325549340564e-09
138.68099999908	2.84	-2.84	1.65785642794366e-08	5.81949171561386e-09	-5.81949171561386e-09
144.360999999097	2.84	-2.84	2.41747399504759e-08	5.73746431459278e-09	-5.73746431459278e-09
315.800999999023	14.3599999999998	-14.3599999999998	2.79602125105242e-07	6.49445835663482e-08	-6.49445835663482e-08
335.90099999918	5.73999999999997	-5.73999999999997	3.4526872204417e-07	7.74663191936264e-08	-7.74663191936264e-08
353.120999999023	11.4799999999998	-11.4799999999998	1.59797082682692e-07	4.28650528625806e-08	-4.28650528625806e-08
