READ TERR 1 2
! xrtwtflux
96.950	0.404	-0.336	1.16453100006434e-08	1.83219890417043e-09	-1.59097671908454e-09
97.711	0.353	-0.357	1.1559608551333e-08	1.82174203453369e-09	-1.57470682963896e-09
98.427	0.414	-0.363	1.00813310444394e-08	1.5886425511204e-09	-1.38079405414655e-09
99.203	0.364	-0.362	1.02779508191322e-08	1.62295392453476e-09	-1.42173984597455e-09
99.984	0.350	-0.417	9.16975932359418e-09	1.45430829782432e-09	-1.3520407360808e-09
100.701	0.321	-0.368	1.05424445901667e-08	1.61647868598644e-09	-1.53969153351261e-09
101.352	0.299	-0.33	1.14099305150999e-08	1.75770156636072e-09	-1.70557543889155e-09
101.932	0.268	-0.281	1.32568029506883e-08	2.01311739099177e-09	-1.93535735419919e-09
102.450	0.256	-0.251	1.44765429311201e-08	2.10594067071389e-09	-2.0805405732043e-09
103.025	0.297	-0.318	1.13590685007331e-08	1.67774804422953e-09	-1.66598653232721e-09
103.576	0.253	-0.254	1.7974307169762e-08	2.29939211885586e-09	-2.28053995152796e-09
104.116	0.219	-0.286	1.4453773647932e-08	1.9801135483645e-09	-1.96849544525324e-09
104.578	0.261	-0.243	1.45713610340639e-08	1.94095581649393e-09	-1.93219755711042e-09
105.088	0.261	-0.249	1.49565221028327e-08	1.89447357674371e-09	-1.88853766284081e-09
105.619	0.232	-0.27	1.40967841427258e-08	1.87178499986028e-09	-1.86754905733911e-09
106.112	0.292	-0.261	1.2535444735027e-08	1.70452672082179e-09	-1.70141792492967e-09
106.665	0.253	-0.261	1.51448019771249e-08	1.92434824956166e-09	-1.92243854493943e-09
107.192	0.294	-0.274	1.09493182932492e-08	1.42397684705759e-09	-1.42310754292453e-09
107.761	0.253	-0.275	1.10788630717849e-08	1.39865050499619e-09	-1.39782722646407e-09
108.265	0.251	-0.251	1.18050829697152e-08	1.48327452478478e-09	-1.48225466747679e-09
108.793	0.289	-0.277	1.050639959092e-08	1.31336411503299e-09	-1.31213024083025e-09
109.325	0.298	-0.243	1.07178854493174e-08	1.37354837401113e-09	-1.37206144854831e-09
109.895	0.232	-0.273	1.20894386306727e-08	1.50241194097357e-09	-1.50055061467102e-09
110.408	0.264	-0.28	1.07069510548457e-08	1.32979527310331e-09	-1.32795724655687e-09
110.950	0.250	-0.278	1.07443212210596e-08	1.39106492269812e-09	-1.389202199128e-09
111.485	0.246	-0.284	1.11810404375325e-08	1.42435149808135e-09	-1.42223021217746e-09
112.027	0.232	-0.296	1.17158175407419e-08	1.46886045769744e-09	-1.46650883462604e-09
112.533	0.236	-0.274	1.179428603646e-08	1.49783086872857e-09	-1.49546701239989e-09
113.095	0.349	-0.326	8.87099674110232e-09	1.09388517902289e-09	-1.0920605731605e-09
113.692	0.258	-0.248	1.15931097743305e-08	1.42832209522992e-09	-1.4259806888461e-09
114.265	0.296	-0.316	9.52289380887905e-09	1.17187637129031e-09	-1.17003468537153e-09
114.900	0.266	-0.339	9.64551309558039e-09	1.18588411987738e-09	-1.18412055786991e-09
115.520	0.359	-0.354	8.20627118177712e-09	1.02356109732443e-09	-1.02208105374796e-09
116.133	0.287	-0.253	7.33336029896739e-09	1.12152730536082e-09	-1.12047658815426e-09
116.745	0.323	-0.325	9.26195429682064e-09	1.15416284439439e-09	-1.15263451665773e-09
117.348	0.284	-0.28	7.28630968063796e-09	1.08999592614322e-09	-1.08901348126905e-09
117.928	0.381	-0.296	8.91537775112337e-09	1.09472282233588e-09	-1.0932837943301e-09
118.609	0.204	-0.299	8.23270008301637e-09	1.23092201282904e-09	-1.22992572603999e-09
119.078	0.253	-0.265	1.23703673774136e-08	1.50618442028833e-09	-1.50448377699461e-09
119.671	0.291	-0.34	6.78566987704694e-09	1.01400903033341e-09	-1.01330112534224e-09
120.187	0.288	-0.225	8.26341600650429e-09	1.23454267701083e-09	-1.23374696374706e-09
120.796	0.234	-0.321	7.51983982698e-09	1.1234326406828e-09	-1.12271348910733e-09
121.300	0.403	-0.27	7.91449352596489e-09	1.04181312955566e-09	-1.04103452252065e-09
121.960	0.262	-0.257	7.86725484039191e-09	1.17483605999352e-09	-1.17420746082967e-09
122.503	0.292	-0.281	7.07426699344842e-09	1.05625514408755e-09	-1.05573229808352e-09
123.057	0.249	-0.262	8.081185561799e-09	1.20652729251833e-09	-1.20594967580849e-09
123.644	0.366	-0.338	6.08062810650984e-09	9.07755402648363e-10	-9.0734457797969e-10
124.343	0.262	-0.333	7.53700498230215e-09	1.1251967924809e-09	-1.12468085169295e-09
124.929	0.268	-0.325	7.78739777160277e-09	1.1625157688306e-09	-1.16199928221142e-09
125.555	0.295	-0.358	7.23008447206488e-09	1.07910348582983e-09	-1.07868530673321e-09
126.120	0.298	-0.27	8.35624629197992e-09	1.27437461297168e-09	-1.27393401472722e-09
126.763	0.378	-0.346	6.59570109307465e-09	1.02802768633941e-09	-1.02771198041591e-09
127.539	0.310	-0.398	6.92019283846414e-09	1.03267846185629e-09	-1.03232901861092e-09
128.175	0.352	-0.326	7.00372700124441e-09	1.06799144399251e-09	-1.0676570890546e-09
128.928	0.316	-0.401	6.57224208835424e-09	9.80669725958131e-10	-9.80363466507876e-10
129.568	0.277	-0.324	7.71821680492906e-09	1.15165806702641e-09	-1.15130045048445e-09
130.393	0.422	-0.548	4.5428872027536e-09	6.77808527590715e-10	-6.77612992681928e-10
131.213	0.464	-0.398	4.70068667206184e-09	7.32581700398272e-10	-7.32381502032827e-10
132.070	0.326	-0.394	5.49594362271675e-09	8.20066505246756e-10	-8.1981155801433e-10
132.871	0.445	-0.474	4.64262388994205e-09	6.9272013822099e-10	-6.92511025014345e-10
133.656	0.423	-0.34	6.06683087825869e-09	9.05162138760567e-10	-9.04907851793935e-10
134.461	0.369	-0.381	6.697981738189e-09	9.99346226021616e-10	-9.9906019479872e-10
135.196	0.414	-0.366	6.61204395703266e-09	9.86556024476606e-10	-9.86263904969522e-10
136.055	0.519	-0.445	4.89687331523272e-09	7.63111897412728e-10	-7.62916925014924e-10
137.116	0.385	-0.541	4.91899484116041e-09	7.33828974135715e-10	-7.33646887712208e-10
137.989	0.406	-0.488	4.60113056562531e-09	7.32982283483679e-10	-7.32817972385548e-10
138.846	0.464	-0.452	4.73147001749971e-09	7.13129722906878e-10	-7.12949877707682e-10
139.718	0.395	-0.408	5.44137211397584e-09	8.11711755744843e-10	-8.11524903448013e-10
140.719	0.636	-0.606	3.51755528697989e-09	5.36250053663237e-10	-5.36124406766381e-10
142.035	0.674	-0.68	3.38475148375631e-09	5.04966217342551e-10	-5.0483481278985e-10
143.246	0.491	-0.537	4.63222303677368e-09	6.90977600083829e-10	-6.90828139253527e-10
144.239	0.563	-0.503	4.61288087704413e-09	6.881559227583e-10	-6.87987089570706e-10
145.300	0.622	-0.497	4.46993939931502e-09	6.814573996164e-10	-6.81292400041453e-10
146.682	0.653	-0.76	3.56809393758372e-09	5.32299597657429e-10	-5.32166930791158e-10
148.108	0.661	-0.773	3.3933480584959e-09	5.06251744513847e-10	-5.06118986833458e-10
149.473	0.729	-0.705	3.30901843691619e-09	4.93663530172928e-10	-4.93536287796177e-10
151.102	0.736	-0.899	2.84586335436335e-09	4.24610278370097e-10	-4.24487402345822e-10
152.624	0.578	-0.786	3.34509236776784e-09	4.99113178280907e-10	-4.98963660138603e-10
154.009	0.623	-0.808	3.08756255541398e-09	4.70867496987741e-10	-4.70705842487242e-10
155.803	0.712	-1.17	2.29598740740499e-09	3.50135639159953e-10	-3.5001923074032e-10
157.445	0.913	-0.93	2.39183581715404e-09	3.64775638161732e-10	-3.64647440883405e-10
159.211	0.874	-0.853	2.70780049126751e-09	4.04136038989875e-10	-4.03981977186763e-10
161.208	1.302	-1.123	1.96414858323408e-09	2.99600677977104e-10	-2.99480706166788e-10
163.725	1.455	-1.215	1.82393206440441e-09	2.72343498491628e-10	-2.7220552355094e-10
166.142	0.905	-0.961	2.54684345525907e-09	3.88737117828298e-10	-3.88514329307471e-10
168.256	1.044	-1.209	2.09509435052885e-09	3.19758451545924e-10	-3.19581447869884e-10
170.623	1.388	-1.324	1.73243198870472e-09	2.5884573185273e-10	-2.58673613131143e-10
173.575	1.996	-1.564	1.2549335779463e-09	1.91570950679598e-10	-1.91455226974179e-10
177.122	1.654	-1.552	1.33753003011739e-09	2.04218559182117e-10	-2.04086414831612e-10
180.961	2.230	-2.184	9.77072463596527e-10	1.46147393365958e-10	-1.46019481908729e-10
184.869	1.825	-1.678	1.29687913552548e-09	1.94049636435531e-10	-1.9386849961502e-10
188.746	1.609	-2.053	8.59200582091906e-10	1.57264863304637e-10	-1.57166007969558e-10
192.676	2.363	-2.321	1.00423083553976e-09	1.53606976242704e-10	-1.53460457593407e-10
196.724	1.682	-1.685	8.61335730162784e-10	1.62896908514546e-10	-1.62795910519487e-10
200.282	1.554	-1.876	8.15376033536066e-10	1.49308971548509e-10	-1.49207022815129e-10
203.489	1.733	-1.653	7.88910079788499e-10	1.44434833213258e-10	-1.44339515906619e-10
206.933	1.979	-1.711	6.79419437477922e-10	1.32802920135213e-10	-1.32724763306212e-10
211.615	2.667	-2.704	4.69287591501077e-10	8.87129504613824e-11	-8.86635031931813e-11
216.388	2.426	-2.105	5.17461707928628e-10	1.04541042061894e-10	-1.04489046014902e-10
220.464	2.321	-1.65	7.37269932993767e-10	1.2849538373205e-10	-1.28408326666873e-10
NO NO NO NO NO NO
! xrtpcflux
242.306	14.326	-13.255	9.45012722255419e-10	2.12720361087044e-10	-2.12720361087044e-10
273.664	15.562	-17.033	8.40342014603334e-10	1.77059169758047e-10	-1.77059169758047e-10
308.391	20.952	-19.165	7.65331458154027e-10	1.45598507725885e-10	-1.45598507725885e-10
344.295	12.629	-14.952	7.38275021031254e-10	1.67075324952758e-10	-1.67075324952758e-10
372.458	17.060	-15.535	9.87398140051383e-10	1.78409458950522e-10	-1.78409458950522e-10
400.925	11.159	-11.407	1.47333845096767e-09	2.6598354630119e-10	-2.6598354630119e-10
426.838	15.333	-14.754	7.35878047100247e-10	1.62841717207797e-10	-1.62841717207797e-10
459.743	15.024	-17.571	9.92966995592354e-10	1.80345924862359e-10	-1.80345924862359e-10
493.614	13.748	-18.847	1.07660242841785e-09	1.85794197618042e-10	-1.85794197618042e-10
533.388	21.612	-26.027	4.41488572435557e-10	9.83254046842943e-11	-9.83254046842943e-11
572.737	19.873	-17.736	7.75150754690636e-10	1.47748034910561e-10	-1.47748034910561e-10
607.741	40.029	-15.131	7.82019433460267e-10	1.76501737354621e-10	-1.76501737354621e-10
663.092	14.766	-15.322	1.22087850200797e-09	2.14421546214603e-10	-2.14421546214603e-10
692.794	15.152	-14.935	7.45081104409989e-10	1.65301146067605e-10	-1.65301146067605e-10
726.580	18.975	-18.634	8.9372622593861e-10	1.59309050455162e-10	-1.59309050455162e-10
763.932	16.726	-18.377	5.88133112643061e-10	1.33995521202837e-10	-1.33995521202837e-10
799.391	18.876	-18.733	9.11152304773034e-10	1.60284261631076e-10	-1.60284261631076e-10
833.761	17.101	-15.494	6.53462343176397e-10	1.48678993724057e-10	-1.48678993724057e-10
862.977	15.465	-12.115	7.97772770843112e-10	1.79816831289494e-10	-1.79816831289494e-10
895.553	23.007	-17.11	8.55138340053928e-10	1.54379176390618e-10	-1.54379176390618e-10
936.350	17.311	-17.791	9.62274839476638e-10	1.74319596184876e-10	-1.74319596184876e-10
968.854	14.895	-15.192	7.54546648071322e-10	1.66972870322442e-10	-1.66972870322442e-10
1002.798	18.560	-19.049	9.24487687363931e-10	1.65206175073885e-10	-1.65206175073885e-10
1037.874	16.080	-16.515	6.79393612956836e-10	1.53544402440479e-10	-1.53544402440479e-10
1069.485	17.064	-15.531	8.25909005526872e-10	1.70469956659276e-10	-1.70469956659276e-10
1104.681	16.969	-18.133	6.41676096409792e-10	1.45020083992076e-10	-1.45020083992076e-10
1139.268	17.485	-17.617	6.66386497381699e-10	1.43806010913124e-10	-1.43806010913124e-10
1176.769	15.086	-20.017	8.67960799225052e-10	1.59594949782978e-10	-1.59594949782978e-10
1213.663	15.802	-21.808	6.2959450077815e-10	1.32346814583809e-10	-1.32346814583809e-10
1242.141	17.411	-12.676	1.06732327066225e-09	1.96252314232836e-10	-1.96252314232836e-10
1272.592	17.048	-13.04	8.11079946912467e-10	1.78342292609258e-10	-1.78342292609258e-10
1307.927	14.308	-18.287	8.42996355910924e-10	1.85596095716467e-10	-1.85596095716467e-10
1346.483	25.897	-24.249	5.17142415253748e-10	1.1718904703716e-10	-1.1718904703716e-10
1393.295	14.188	-20.914	7.55197513932307e-10	1.66266119344962e-10	-1.66266119344962e-10
1431.487	18.620	-24.005	6.01227731541312e-10	1.33557568829764e-10	-1.33557568829764e-10
1466.380	13.814	-16.273	9.12832106380586e-10	2.00206835175122e-10	-2.00206835175122e-10
1501.715	11.074	-21.52	8.74930376209121e-10	1.93365152329023e-10	-1.93365152329023e-10
1537.273	18.140	-24.484	6.96871494458531e-10	1.54803974888595e-10	-1.54803974888595e-10
1577.556	17.975	-22.142	6.44513090153319e-10	1.45466560927708e-10	-1.45466560927708e-10
1615.439	12.686	-19.909	7.10502908276696e-10	1.60575129891467e-10	-1.60575129891467e-10
1640.520	15.186	-12.395	7.86259051682903e-10	1.76514486694247e-10	-1.76514486694247e-10
1676.228	17.087	-20.523	8.44919946013911e-10	1.55913041570811e-10	-1.55913041570811e-10
1706.289	17.113	-12.974	7.81656930740626e-10	1.67254193987068e-10	-1.67254193987068e-10
1743.708	14.797	-20.305	7.19610467266114e-10	1.5162115324802e-10	-1.5162115324802e-10
1776.597	17.010	-18.092	6.99903623903204e-10	1.51408072263987e-10	-1.51408072263987e-10
1814.410	16.806	-20.803	6.2145727098029e-10	1.36995906977461e-10	-1.36995906977461e-10
1853.466	27.896	-22.25	4.28525626801209e-10	9.68476864670054e-11	-9.68476864670054e-11
1903.859	25.142	-22.496	4.81362599844732e-10	1.03877901907406e-10	-1.03877901907406e-10
1955.283	18.849	-26.282	4.73890036382348e-10	1.04067829445041e-10	-1.04067829445041e-10
2005.312	21.474	-31.18	3.90017105889074e-10	8.81446645344416e-11	-8.81446645344416e-11
2042.830	14.043	-16.044	7.50764525952093e-10	1.66348715826368e-10	-1.66348715826368e-10
2077.527	19.463	-20.654	5.50968691563228e-10	1.24854383316791e-10	-1.24854383316791e-10
2114.503	22.604	-17.513	5.40531978918391e-10	1.21187795419302e-10	-1.21187795419302e-10
2156.010	16.199	-18.903	6.2922695647922e-10	1.38708641117659e-10	-1.38708641117659e-10
2192.246	20.080	-20.037	5.22084434696428e-10	1.18150325472282e-10	-1.18150325472282e-10
2256.872	89.778	-44.546	3.63202497074974e-10	6.01350429349346e-11	-6.01350429349346e-11
5522.278	23.713	-16.404	2.34839324767568e-10	5.20410420421123e-11	-5.20410420421123e-11
5562.532	13.546	-16.541	3.01494666774398e-10	6.78117926733729e-11	-6.78117926733729e-11
5603.508	25.224	-27.429	1.7421066891377e-10	3.92407926498394e-11	-3.92407926498394e-11
5652.653	31.240	-23.921	1.67250301500645e-10	3.81775295837648e-11	-3.81775295837648e-11
5707.359	19.158	-23.466	2.56258868450094e-10	5.5072602499736e-11	-5.5072602499736e-11
5747.060	24.589	-20.543	2.30632554620441e-10	5.1797603952401e-11	-5.1797603952401e-11
5803.709	28.115	-32.061	1.60535615993144e-10	3.62136839810745e-11	-3.62136839810745e-11
5857.503	31.989	-25.679	1.58661199935269e-10	3.59494737060351e-11	-3.59494737060351e-11
5914.962	29.691	-25.47	1.72718439986146e-10	3.82748816923844e-11	-3.82748816923844e-11
5976.601	23.213	-31.947	1.6979247012703e-10	3.81335697093385e-11	-3.81335697093385e-11
6021.363	21.075	-21.549	2.20957442052885e-10	4.99907213335239e-11	-4.99907213335239e-11
6063.615	21.448	-21.176	2.2023286188194e-10	4.96802048554187e-11	-4.96802048554187e-11
6116.027	21.689	-30.964	1.85166087270565e-10	4.06890962114963e-11	-4.06890962114963e-11
6157.310	13.001	-19.594	3.08938288766975e-10	6.61288501485953e-11	-6.61288501485953e-11
6196.259	29.212	-25.948	1.72691511076459e-10	3.78948853454219e-11	-3.78948853454219e-11
6252.531	23.087	-27.06	1.85965836746213e-10	4.1888639568641e-11	-4.1888639568641e-11
6318.441	27.382	-42.823	1.50005344803335e-10	3.23673877175701e-11	-3.23673877175701e-11
6371.763	19.192	-25.94	2.1238673042862e-10	4.78399139480686e-11	-4.78399139480686e-11
6419.413	21.687	-28.459	1.98283271939336e-10	4.35106594084534e-11	-4.35106594084534e-11
6473.324	32.966	-32.224	1.55559154738801e-10	3.34759447108067e-11	-3.34759447108067e-11
6528.548	20.366	-22.258	2.22216933335498e-10	4.88307717626162e-11	-4.88307717626162e-11
6592.656	23.956	-43.741	1.53066055501481e-10	3.28515466510794e-11	-3.28515466510794e-11
6651.806	40.025	-35.194	1.32537588685586e-10	2.98978718243164e-11	-2.98978718243164e-11
6715.018	11.915	-23.187	2.80462843898736e-10	6.27133988770238e-11	-6.27133988770238e-11
6751.975	60.207	-25.042	1.11242655563726e-10	2.52426485616863e-11	-2.52426485616863e-11
6839.977	44.916	-27.796	1.22966065809472e-10	2.77795919744641e-11	-2.77795919744641e-11
6917.585	32.498	-32.692	1.38521803691118e-10	3.13862890020822e-11	-3.13862890020822e-11
6970.381	24.834	-20.297	2.01212883985127e-10	4.5389667979499e-11	-4.5389667979499e-11
7016.764	23.582	-21.549	2.09131474891345e-10	4.7245456290339e-11	-4.7245456290339e-11
7078.542	42.038	-38.196	1.23560317596778e-10	2.80377265504344e-11	-2.80377265504344e-11
7149.944	20.782	-29.364	2.18008436232575e-10	4.60416663140631e-11	-4.60416663140631e-11
7203.428	24.966	-32.702	1.56859180660702e-10	3.55411649416543e-11	-3.55411649416543e-11
7248.566	19.945	-20.172	2.39667014767592e-10	5.3905593790075e-11	-5.3905593790075e-11
7297.077	26.595	-28.566	1.89507510296589e-10	4.29386422971626e-11	-4.29386422971626e-11
7353.236	25.597	-29.564	2.11270237029099e-10	4.79404483958264e-11	-4.79404483958264e-11
7405.607	15.850	-26.774	2.93705042788082e-10	6.3120154017229e-11	-6.3120154017229e-11
7454.328	29.811	-32.871	1.84383629618177e-10	4.08599079803165e-11	-4.08599079803165e-11
7530.742	33.630	-46.603	1.33615857092416e-10	3.00968443847081e-11	-3.00968443847081e-11
7601.064	28.499	-36.691	1.76137462463e-10	3.89775885963087e-11	-3.89775885963087e-11
7649.741	24.953	-20.178	2.49034360343377e-10	5.63430103574093e-11	-5.63430103574093e-11
7710.899	31.493	-36.205	1.66534616400866e-10	3.75117659688002e-11	-3.75117659688002e-11
7781.711	28.378	-39.319	1.5727953147002e-10	3.46581093345415e-11	-3.46581093345415e-11
7850.793	39.529	-40.704	1.1424591336271e-10	2.61172974277301e-11	-2.61172974277301e-11
7912.995	32.488	-22.673	1.67079816052949e-10	3.74694548078072e-11	-3.74694548078072e-11
7978.166	37.521	-32.683	1.31731832581989e-10	2.98478109901248e-11	-2.98478109901248e-11
8078.233	52.784	-62.546	1.47200571224974e-10	2.47540142567375e-11	-2.47540142567375e-11
11358.744	32.915	-37.29	1.08634469787049e-10	2.40293338729931e-11	-2.40293338729931e-11
11413.214	18.562	-21.555	1.77687188828717e-10	4.03657562968408e-11	-4.03657562968408e-11
11483.648	33.376	-51.873	8.52701443857756e-11	1.94641849057014e-11	-1.94641849057014e-11
11559.091	25.631	-42.067	1.14163975948592e-10	2.51381464783989e-11	-2.51381464783989e-11
11627.732	32.209	-43.011	9.94246462187346e-11	2.19257137226191e-11	-2.19257137226191e-11
11701.409	38.766	-41.468	8.28224332729999e-11	1.86367053526271e-11	-1.86367053526271e-11
11779.622	30.758	-39.447	9.4152895565554e-11	2.06694746128102e-11	-2.06694746128102e-11
11840.038	22.995	-29.658	1.25749391119361e-10	2.76474780274285e-11	-2.76474780274285e-11
11896.613	44.147	-33.579	8.10809896140731e-11	1.83317300005906e-11	-1.83317300005906e-11
11983.727	57.326	-42.967	6.26234556981589e-11	1.43176818214468e-11	-1.43176818214468e-11
12071.620	37.130	-30.567	9.30333541876388e-11	2.11010341819194e-11	-2.11010341819194e-11
12146.592	29.856	-37.842	9.86044204930679e-11	2.22936134478624e-11	-2.22936134478624e-11
12246.831	72.533	-70.383	4.99873374285089e-11	1.14470328164164e-11	-1.14470328164164e-11
12352.073	27.467	-32.708	1.14526556341666e-10	2.58524404011174e-11	-2.58524404011174e-11
12406.334	28.367	-26.794	1.26017777058137e-10	2.7664800322302e-11	-2.7664800322302e-11
12471.542	33.363	-36.841	9.07374864397564e-11	2.05149793417693e-11	-2.05149793417693e-11
12533.476	34.112	-28.571	1.01385901824346e-10	2.29954925781353e-11	-2.29954925781353e-11
12623.601	34.250	-56.013	7.00464808200003e-11	1.58620950632112e-11	-1.58620950632112e-11
12698.562	44.538	-40.711	7.74456146956715e-11	1.75376320633687e-11	-1.75376320633687e-11
12784.697	26.100	-41.597	1.09025997760688e-10	2.39706421030507e-11	-2.39706421030507e-11
12852.400	28.601	-41.603	1.01438209883876e-10	2.3080843161798e-11	-2.3080843161798e-11
12930.200	51.094	-49.198	7.66496992346931e-11	1.70060149900804e-11	-1.70060149900804e-11
13020.897	25.587	-39.603	1.15486010161471e-10	2.59456708704672e-11	-2.59456708704672e-11
13084.951	36.752	-38.467	9.2598010017722e-11	2.09356254679748e-11	-2.09356254679748e-11
13149.025	22.824	-27.323	1.29861539491313e-10	2.91294024523708e-11	-2.91294024523708e-11
13224.222	60.456	-52.373	5.6483232596146e-11	1.27299676081877e-11	-1.27299676081877e-11
13330.531	46.917	-45.853	6.92674426379391e-11	1.57860443229111e-11	-1.57860443229111e-11
13407.522	30.102	-30.074	1.08007549655428e-10	2.44195954448026e-11	-2.44195954448026e-11
13498.772	54.187	-61.149	6.00374429035264e-11	1.32598501838038e-11	-1.32598501838038e-11
13580.902	39.755	-27.942	9.89525928138815e-11	2.2301541526794e-11	-2.2301541526794e-11
13657.247	43.643	-36.59	8.13852603924161e-11	1.8371357310132e-11	-1.8371357310132e-11
13738.782	37.328	-37.891	8.93364075091793e-11	1.97607122721032e-11	-1.97607122721032e-11
14910.383	2270.544	-1134.273	7.22137733201616e-11	1.04161679941345e-11	-1.04161679941345e-11
284841.987	695.306	-584.536	1.44625759440516e-12	3.70347337257776e-13	-3.70347337257776e-13
300504.468	8310.992	-9838.201	1.31060465001427e-12	2.82963592950509e-13	-2.82963592950509e-13
320463.422	5693.812	-7069.269	1.09275337060512e-12	2.5324770869947e-13	-2.5324770869947e-13
334310.939	3424.654	-3107.396	1.12125594376613e-12	2.67421650527855e-13	-2.67421650527855e-13
345844.795	3471.669	-3180.989	1.31370690290418e-12	2.71043631021559e-13	-2.71043631021559e-13
358983.241	1914.456	-4739.775	1.16453119284361e-12	2.40644210272953e-13	-2.40644210272953e-13
365969.167	628.125	-685.701	1.49193836401039e-12	3.63817152559578e-13	-3.63817152559578e-13
371554.429	904.139	-1344.459	1.08564756414283e-12	2.8406202546647e-13	-2.8406202546647e-13
377606.037	630.184	-528.189	1.72267867843731e-12	3.98469488162374e-13	-3.98469488162374e-13
387032.741	2785.803	-4135.077	9.3340056383367e-13	2.16067034544135e-13	-2.16067034544135e-13
394702.564	873.195	-668.794	1.26148938371054e-12	3.02336026593393e-13	-3.02336026593393e-13
403576.774	3579.263	-3339.11	7.39130197832165e-13	1.92118554860041e-13	-1.92118554860041e-13
416228.314	2507.723	-4470.899	8.29599601552483e-13	2.00710227320872e-13	-2.00710227320872e-13
487430.363	12245.437	-17135.218	7.30393672269599e-13	1.39136197647006e-13	-1.39136197647006e-13
528920.821	11255.317	-6594.972	4.15167331954432e-13	1.63635869884737e-13	-1.30753721007123e-13
NO NO NO NO NO NO
! batSNR4flux
0.041000012755394	0.04	-0.04	1.86518873998559e-07	5.76135713526684e-08	-5.76135713526684e-08
0.120999996066093	0.04	-0.04	2.22135740543614e-07	5.17575975711568e-08	-5.17575975711568e-08
0.22100000500679	0.06	-0.06	1.77603545439875e-07	4.30533270505588e-08	-4.30533270505588e-08
0.341000009775162	0.06	-0.06	1.49012383222688e-07	4.20013994119625e-08	-4.20013994119625e-08
0.420999993085861	0.02	-0.02	2.67294316942445e-07	5.93193125613226e-08	-5.93193125613226e-08
0.481000010371208	0.04	-0.04	1.77393238015009e-07	3.76129552898569e-08	-3.76129552898569e-08
0.601000007688999	0.08	-0.08	1.04328978397533e-07	2.26989923530314e-08	-2.26989923530314e-08
0.72100000500679	0.04	-0.04	1.20989884590761e-07	2.75433110184044e-08	-2.75433110184044e-08
0.821000008980433	0.06	-0.06	4.29896798342768e-08	1.77711174098297e-08	-1.77711174098297e-08
0.941000003814697	0.06	-0.06	7.5692293739266e-08	1.75002229109612e-08	-1.75002229109612e-08
1.04100001275539	0.04	-0.04	8.5097038382682e-08	1.73028216295735e-08	-1.73028216295735e-08
1.1610000026226	0.08	-0.08	4.73029465747939e-08	1.11870650524135e-08	-1.11870650524135e-08
1.32100000649691	0.08	-0.08	1.7347742837368e-08	8.39426668709562e-09	-8.39426668709562e-09
1.48100000292063	0.08	-0.08	2.76685714797379e-08	6.37652040012967e-09	-6.37652040012967e-09
1.68100000838439	0.12	-0.12	2.10207583616215e-08	5.07121928828937e-09	-5.07121928828937e-09
1.88100000888109	0.08	-0.08	4.30857611477445e-08	8.2655531588752e-09	-8.2655531588752e-09
2.00100000619888	0.04	-0.04	5.76189112543157e-08	1.43792986612156e-08	-1.43792986612156e-08
2.08100000441074	0.04	-0.04	7.66019085632756e-08	1.67574236094452e-08	-1.67574236094452e-08
2.1610000026226	0.04	-0.04	9.20858180680451e-08	1.86533730151215e-08	-1.86533730151215e-08
2.28100000739098	0.08	-0.08	4.98590210321299e-08	1.32966343709419e-08	-1.32966343709419e-08
2.4410000038147	0.08	-0.08	7.16394582076083e-08	1.67904164953094e-08	-1.67904164953094e-08
2.601000007689	0.08	-0.08	7.06486180262991e-08	1.85658720324635e-08	-1.85658720324635e-08
2.70099999427795	0.02	-0.02	1.88004605425303e-07	4.25411278554649e-08	-4.25411278554649e-08
2.86100000773157	0.14	-0.14	6.57124917105954e-08	2.09764451935087e-08	-2.09764451935087e-08
3.02100001692772	0.02	-0.02	2.75579615978347e-07	6.70005660723463e-08	-6.70005660723463e-08
3.40100000553661	0.36	-0.36	9.00728208749694e-08	2.49598140726564e-08	-2.49598140726564e-08
3.88100000639757	0.12	-0.12	1.97529659653561e-07	4.92852804444804e-08	-4.92852804444804e-08
4.1210000060002	0.12	-0.12	1.47944253979778e-07	4.82139354580403e-08	-4.82139354580403e-08
4.36100000560284	0.12	-0.12	2.27279945538362e-07	5.2096139840406e-08	-5.2096139840406e-08
4.80100000694394	0.32	-0.32	1.19279192502261e-07	2.84182103001585e-08	-2.84182103001585e-08
5.56100000587376	0.44	-0.44	9.58454011051686e-08	2.25081711779644e-08	-2.25081711779644e-08
6.441000006524	0.44	-0.44	4.20741790602892e-08	2.05217398297177e-08	-2.05217398297177e-08
7.36100000560284	0.48	-0.48	8.46848159699913e-08	1.79342772718014e-08	-1.79342772718014e-08
8.18100000633913	0.34	-0.34	8.31240449766005e-08	2.04767559317868e-08	-2.04767559317868e-08
10.3410000061727	1.82	-1.82	3.60526081542401e-08	8.28113666853144e-09	-8.28113666853144e-09
15.9410000097752	0.1	-0.1	1.91555094009463e-07	4.33207098320933e-08	-4.33207098320933e-08
16.4610000060286	0.42	-0.42	7.30277008383921e-08	2.1529223963089e-08	-2.1529223963089e-08
17.0810000044107	0.2	-0.2	1.42120638729957e-07	3.3867727560876e-08	-3.3867727560876e-08
17.3610000056028	0.08	-0.08	2.53036329286924e-07	5.43341334815791e-08	-5.43341334815791e-08
17.8610000063124	0.42	-0.42	8.20407732352559e-08	2.27803306068143e-08	-2.27803306068143e-08
18.4210000058583	0.14	-0.14	1.80503577857062e-07	3.78845585940819e-08	-3.78845585940819e-08
18.9010000069001	0.34	-0.34	1.02066253536129e-07	2.39303730604429e-08	-2.39303730604429e-08
19.3410000038147	0.1	-0.1	1.71907458076519e-07	4.27475019262198e-08	-4.27475019262198e-08
20.6210000064211	1.18	-1.18	4.77737368101717e-08	1.11717037983324e-08	-1.11717037983324e-08
23.0010000061989	1.2	-1.2	3.10624283940802e-08	9.06808261454528e-09	-9.06808261454528e-09
24.5410000066196	0.34	-0.34	6.64463635066912e-08	1.62266742158325e-08	-1.62266742158325e-08
25.5610000059534	0.68	-0.68	5.53850750315629e-08	1.19299197735662e-08	-1.19299197735662e-08
26.7410000061989	0.5	-0.5	7.95782450729628e-08	1.88352568811911e-08	-1.88352568811911e-08
27.381000005688	0.14	-0.14	2.01005042681072e-07	4.6587362589895e-08	-4.6587362589895e-08
27.5610000085831	0.04	-0.04	4.13739983580118e-07	1.01630946439644e-07	-1.01630946439644e-07
27.6410000067949	0.04	-0.04	4.78074363050155e-07	1.10413477421599e-07	-1.10413477421599e-07
27.700999994278	0.02	-0.02	6.77105287431726e-07	1.64012811823962e-07	-1.64012811823962e-07
27.781000007391	0.02	-0.02	6.04465861574585e-07	1.5103039846e-07	-1.5103039846e-07
27.8410000097752	0.04	-0.04	3.85932459977806e-07	9.2502583491578e-08	-9.2502583491578e-08
27.921000007987	0.04	-0.04	3.27324692473001e-07	6.97853577109876e-08	-6.97853577109876e-08
28.0810000044107	0.12	-0.12	1.1524769996669e-07	2.30010908396931e-08	-2.30010908396931e-08
28.281000007391	0.08	-0.08	6.24551470486427e-08	1.47519481626083e-08	-1.47519481626083e-08
28.3810000014305	0.02	-0.02	1.04895165601686e-07	2.19846988425682e-08	-2.19846988425682e-08
28.4410000038147	0.04	-0.04	3.58095474189846e-08	1.56763713892201e-08	-1.56763713892201e-08
28.5010000061989	0.02	-0.02	1.27355160586071e-07	3.09593235366432e-08	-3.09593235366432e-08
28.5810000093778	0.06	-0.06	1.0172891638347e-07	2.61382323179853e-08	-2.61382323179853e-08
28.6610000026226	0.02	-0.02	3.30412306568374e-07	7.69372926527943e-08	-7.69372926527943e-08
28.7410000058015	0.06	-0.06	2.65697766665545e-07	6.92251002554372e-08	-6.92251002554372e-08
28.8209999990463	0.02	-0.02	7.85175167787989e-07	1.87328363797582e-07	-1.87328363797582e-07
28.9410000097752	0.1	-0.1	7.95809835972963e-07	1.61234171634503e-07	-1.61234171634503e-07
29.0610000085831	0.02	-0.02	3.09380940329736e-06	7.64043432781068e-07	-7.64043432781068e-07
29.1610000026226	0.08	-0.08	2.11665957529757e-06	5.73624534303834e-07	-5.73624534303834e-07
29.3210000064969	0.08	-0.08	6.38071090238393e-06	1.49223827578839e-06	-1.49223827578839e-06
29.4810000029206	0.08	-0.08	5.93447973458032e-06	1.34785610347054e-06	-1.34785610347054e-06
29.6410000067949	0.08	-0.08	1.78303460020974e-06	8.23570371555147e-07	-8.23570371555147e-07
29.7610000115633	0.04	-0.04	3.24504060370039e-06	7.80313597700256e-07	-7.80313597700256e-07
29.9010000061989	0.1	-0.1	1.49130556912445e-06	3.29097449331132e-07	-3.29097449331132e-07
30.2410000058015	0.24	-0.24	3.62367567333109e-07	7.57572264100284e-08	-7.57572264100284e-08
30.6010000052055	0.12	-0.12	2.78495869487765e-07	6.61995309119379e-08	-6.61995309119379e-08
30.8410000097752	0.12	-0.12	1.62041685134609e-07	5.16218800918044e-08	-5.16218800918044e-08
31.1010000044959	0.14	-0.14	1.66894338648124e-07	4.00382466282669e-08	-4.00382466282669e-08
31.381000005688	0.14	-0.14	1.25239584326425e-07	3.09456384729613e-08	-3.09456384729613e-08
31.5409999978542	0.02	-0.02	2.80895271270341e-07	6.23569409021339e-08	-6.23569409021339e-08
31.6410000067949	0.08	-0.08	6.74990200490221e-08	2.34712138631445e-08	-2.34712138631445e-08
31.7610000115633	0.04	-0.04	1.09826331299839e-07	2.63479911629342e-08	-2.63479911629342e-08
31.8410000097752	0.04	-0.04	5.74527913322811e-08	2.08374418402776e-08	-2.08374418402776e-08
31.921000007987	0.04	-0.04	9.48782637278189e-08	1.72911501408495e-08	-1.72911501408495e-08
32.0010000061989	0.04	-0.04	6.32657539550179e-08	1.33772518712491e-08	-1.33772518712491e-08
32.1010000002384	0.06	-0.06	4.10368098364358e-08	9.01895421952514e-09	-9.01895421952514e-09
32.2210000050068	0.06	-0.06	2.17166733907926e-08	7.01051675902698e-09	-7.01051675902698e-09
32.3010000181198	0.02	-0.02	6.02151692480187e-08	1.40476253657787e-08	-1.40476253657787e-08
32.4010000047088	0.08	-0.08	5.79079765480536e-08	1.14239366310015e-08	-1.14239366310015e-08
32.5210000020266	0.04	-0.04	1.0305267930037e-07	2.49172850113162e-08	-2.49172850113162e-08
32.6010000151396	0.04	-0.04	1.36538080232909e-07	3.40880333956845e-08	-3.40880333956845e-08
32.6809999984503	0.04	-0.04	1.82692595479641e-07	4.55817680912013e-08	-4.55817680912013e-08
32.7610000115633	0.04	-0.04	2.64565858726235e-07	5.88151718090775e-08	-5.88151718090775e-08
32.8209999990463	0.02	-0.02	5.14196536069005e-07	9.39792021241581e-08	-9.39792021241581e-08
32.861000020504	0.02	-0.02	5.36582452347811e-07	1.0250309725797e-07	-1.0250309725797e-07
32.9010000121594	0.02	-0.02	6.27107347954632e-07	1.09490346324335e-07	-1.09490346324335e-07
32.9410000038147	0.02	-0.02	6.35021451702197e-07	1.17852036592096e-07	-1.17852036592096e-07
32.9809999954701	0.02	-0.02	5.142129204685e-07	1.10546802395592e-07	-1.10546802395592e-07
33.0210000169277	0.02	-0.02	3.45716149721914e-07	8.27734352770148e-08	-8.27734352770148e-08
33.0610000085831	0.02	-0.02	2.47422370573595e-07	5.74681353873563e-08	-5.74681353873563e-08
33.1010000002384	0.02	-0.02	1.74449933896458e-07	4.12917669569754e-08	-4.12917669569754e-08
33.1409999918938	0.02	-0.02	1.09715657203721e-07	2.70327668849569e-08	-2.70327668849569e-08
33.1810000133514	0.02	-0.02	9.75269015913778e-08	2.12504995386922e-08	-2.12504995386922e-08
33.2210000050068	0.02	-0.02	7.06759489947356e-08	1.53065809086758e-08	-1.53065809086758e-08
33.2609999966621	0.02	-0.02	6.38219911716095e-08	1.54663451530314e-08	-1.54663451530314e-08
33.3010000181198	0.02	-0.02	7.47581583412865e-08	1.63870370076809e-08	-1.63870370076809e-08
33.3410000097752	0.02	-0.02	7.16886222796873e-08	1.66102216290029e-08	-1.66102216290029e-08
33.3810000014305	0.02	-0.02	8.33568475280885e-08	1.69178395175049e-08	-1.69178395175049e-08
33.4209999930859	0.02	-0.02	1.08318429941126e-07	1.90882276059677e-08	-1.90882276059677e-08
33.4610000145435	0.02	-0.02	9.68306303291839e-08	2.00447131814766e-08	-2.00447131814766e-08
33.5010000061989	0.02	-0.02	8.8413012949691e-08	2.17256718864844e-08	-2.17256718864844e-08
33.5409999978542	0.02	-0.02	2.13396711986155e-07	4.03859430442381e-08	-4.03859430442381e-08
33.5810000193119	0.02	-0.02	4.25981251212114e-07	9.12246299679195e-08	-9.12246299679195e-08
33.6210000109673	0.02	-0.02	9.13228165709902e-07	2.00142150299128e-07	-2.00142150299128e-07
33.6610000026226	0.02	-0.02	1.86433808667344e-06	3.69052383184559e-07	-3.69052383184559e-07
33.700999994278	0.02	-0.02	1.60601174215397e-06	2.99089300821976e-07	-2.99089300821976e-07
33.7410000157356	0.02	-0.02	8.95737251624693e-07	1.62108902605658e-07	-1.62108902605658e-07
33.781000007391	0.02	-0.02	3.84170639617558e-07	8.33280575731207e-08	-8.33280575731207e-08
33.8209999990463	0.02	-0.02	2.26077438906292e-07	4.71297103353163e-08	-4.71297103353163e-08
33.861000020504	0.02	-0.02	1.74423277288009e-07	2.78989866805322e-08	-2.78989866805322e-08
33.9010000121594	0.02	-0.02	1.0312276176586e-07	2.11669162716039e-08	-2.11669162716039e-08
33.9410000038147	0.02	-0.02	9.71384982020296e-08	1.90564632039457e-08	-1.90564632039457e-08
33.9809999954701	0.02	-0.02	7.06787213492018e-08	1.67741822918491e-08	-1.67741822918491e-08
34.0210000169277	0.02	-0.02	8.73236798390759e-08	1.47696600043399e-08	-1.47696600043399e-08
34.0610000085831	0.02	-0.02	8.57156746759333e-08	1.32455088839068e-08	-1.32455088839068e-08
34.1010000002384	0.02	-0.02	1.13253488776583e-07	1.62127967552435e-08	-1.62127967552435e-08
34.1409999918938	0.02	-0.02	1.72392527271278e-07	1.93742634591055e-08	-1.93742634591055e-08
34.1810000133514	0.02	-0.02	1.63527520654052e-07	2.1151458551664e-08	-2.1151458551664e-08
34.2210000050068	0.02	-0.02	2.55955721234064e-07	2.35109940007341e-08	-2.35109940007341e-08
34.2609999966621	0.02	-0.02	2.00614948858197e-07	2.41102406143709e-08	-2.41102406143709e-08
34.3010000181198	0.02	-0.02	1.34132583460503e-07	1.73326800477778e-08	-1.73326800477778e-08
34.3410000097752	0.02	-0.02	1.03778929942843e-07	1.36855458775028e-08	-1.36855458775028e-08
34.3810000014305	0.02	-0.02	2.8464730299933e-07	4.4327822242172e-08	-4.4327822242172e-08
34.4209999930859	0.02	-0.02	9.85803155197358e-07	1.24665469488828e-07	-1.24665469488828e-07
34.4610000145435	0.02	-0.02	1.42273166113814e-06	1.80932671254598e-07	-1.80932671254598e-07
34.5010000061989	0.02	-0.02	1.37136021302377e-06	2.53022785350241e-07	-2.53022785350241e-07
34.5409999978542	0.02	-0.02	1.88054285790085e-06	3.00903953997812e-07	-3.00903953997812e-07
34.5810000193119	0.02	-0.02	2.46596633444225e-06	3.75032224077611e-07	-3.75032224077611e-07
34.6210000109673	0.02	-0.02	2.62639321313385e-06	4.10071517626061e-07	-4.10071517626061e-07
34.6610000026226	0.02	-0.02	1.20496528446502e-06	2.29671223750876e-07	-2.29671223750876e-07
34.700999994278	0.02	-0.02	4.46825550087922e-07	7.92300206162607e-08	-7.92300206162607e-08
34.7410000157356	0.02	-0.02	1.89852469685473e-07	2.99863903730368e-08	-2.99863903730368e-08
34.781000007391	0.02	-0.02	9.41144729751011e-08	1.29725605408274e-08	-1.29725605408274e-08
34.8209999990463	0.02	-0.02	1.52066366997718e-07	1.76546990363269e-08	-1.76546990363269e-08
34.861000020504	0.02	-0.02	1.55742921976301e-07	2.48631136336685e-08	-2.48631136336685e-08
34.9010000121594	0.02	-0.02	2.87359916440976e-07	3.76938537695986e-08	-3.76938537695986e-08
34.9410000038147	0.02	-0.02	7.35099089713311e-07	1.08657761204545e-07	-1.08657761204545e-07
34.9809999954701	0.02	-0.02	1.70921387834004e-06	2.24921772745029e-07	-2.24921772745029e-07
35.0210000169277	0.02	-0.02	9.00044766867567e-07	1.21241528012231e-07	-1.21241528012231e-07
35.0610000085831	0.02	-0.02	3.15109171412757e-07	5.05007729593807e-08	-5.05007729593807e-08
35.1010000002384	0.02	-0.02	8.49587080116112e-08	1.53796265550946e-08	-1.53796265550946e-08
35.1409999918938	0.02	-0.02	3.73003694888575e-08	5.77114970919958e-09	-5.77114970919958e-09
35.1810000133514	0.02	-0.02	1.42313956196168e-07	2.33868397720516e-08	-2.33868397720516e-08
35.2210000050068	0.02	-0.02	6.33840953030687e-07	8.04245560116732e-08	-8.04245560116732e-08
35.2609999966621	0.02	-0.02	5.2469321485652e-07	7.60999944709538e-08	-7.60999944709538e-08
35.3010000181198	0.02	-0.02	4.20468725989705e-07	6.07275586727243e-08	-6.07275586727243e-08
35.3410000097752	0.02	-0.02	2.92672510151623e-07	3.91217579784115e-08	-3.91217579784115e-08
35.3810000014305	0.02	-0.02	2.56308473497131e-07	2.78692710287571e-08	-2.78692710287571e-08
35.4209999930859	0.02	-0.02	3.09651040143351e-07	3.8236203811986e-08	-3.8236203811986e-08
35.4610000145435	0.02	-0.02	3.78217685000716e-07	5.19207802911801e-08	-5.19207802911801e-08
35.5010000061989	0.02	-0.02	4.15451173866153e-07	4.99398058916344e-08	-4.99398058916344e-08
35.5409999978542	0.02	-0.02	4.20415811490016e-07	5.74959443417001e-08	-5.74959443417001e-08
35.5810000193119	0.02	-0.02	1.1110680583427e-06	1.84190459915284e-07	-1.84190459915284e-07
35.6210000109673	0.02	-0.02	3.22093835888935e-06	4.70987872524669e-07	-4.70987872524669e-07
35.6610000026226	0.02	-0.02	7.12176442500591e-07	1.44280643118917e-07	-1.44280643118917e-07
35.700999994278	0.02	-0.02	2.46422693281291e-07	3.94259113870372e-08	-3.94259113870372e-08
35.7410000157356	0.02	-0.02	1.22424314613197e-07	1.58962620733422e-08	-1.58962620733422e-08
35.781000007391	0.02	-0.02	2.43941033359882e-07	3.45151079683917e-08	-3.45151079683917e-08
35.8209999990463	0.02	-0.02	5.10888490264528e-07	7.78328996727264e-08	-7.78328996727264e-08
35.861000020504	0.02	-0.02	4.56466696291183e-07	6.35577891084282e-08	-6.35577891084282e-08
35.9010000121594	0.02	-0.02	2.20259315469675e-07	3.51594971115637e-08	-3.51594971115637e-08
35.9410000038147	0.02	-0.02	1.07509727023262e-07	1.82672401500163e-08	-1.82672401500163e-08
35.9809999954701	0.02	-0.02	1.82397969754847e-07	2.67708370206632e-08	-2.67708370206632e-08
36.0210000169277	0.02	-0.02	2.11673451581933e-07	3.72803032040237e-08	-3.72803032040237e-08
36.0610000085831	0.02	-0.02	3.30827404204058e-07	4.78088307126278e-08	-4.78088307126278e-08
36.1010000002384	0.02	-0.02	2.2673481791549e-07	2.89041143571954e-08	-2.89041143571954e-08
36.1409999918938	0.02	-0.02	1.14660199306846e-07	1.91833417678829e-08	-1.91833417678829e-08
36.1810000133514	0.02	-0.02	1.07344934545937e-07	2.49039222455305e-08	-2.49039222455305e-08
36.2210000050068	0.02	-0.02	2.39398057990555e-07	4.64490139566969e-08	-4.64490139566969e-08
36.2609999966621	0.02	-0.02	4.74581586356977e-07	8.95919851108053e-08	-8.95919851108053e-08
36.3010000181198	0.02	-0.02	5.50965683422075e-07	1.22149786240253e-07	-1.22149786240253e-07
36.3410000097752	0.02	-0.02	7.64082188936489e-07	1.31537838703899e-07	-1.31537838703899e-07
36.3810000014305	0.02	-0.02	7.03338770176876e-07	1.28770028773025e-07	-1.28770028773025e-07
36.4209999930859	0.02	-0.02	5.58356295676867e-07	8.20917410176409e-08	-8.20917410176409e-08
36.4610000145435	0.02	-0.02	3.0953647300829e-07	5.18906438400554e-08	-5.18906438400554e-08
36.5010000061989	0.02	-0.02	9.07268241683964e-07	1.24005473914545e-07	-1.24005473914545e-07
36.5409999978542	0.02	-0.02	1.64463998190655e-06	2.39559605914375e-07	-2.39559605914375e-07
36.5810000193119	0.02	-0.02	5.81984113512493e-07	1.06995250186833e-07	-1.06995250186833e-07
36.6210000109673	0.02	-0.02	4.55751151248056e-07	5.84660101090535e-08	-5.84660101090535e-08
36.6610000026226	0.02	-0.02	4.02187693773776e-07	6.51042561357491e-08	-6.51042561357491e-08
36.700999994278	0.02	-0.02	4.96607185807547e-07	8.70020794068309e-08	-8.70020794068309e-08
36.7410000157356	0.02	-0.02	1.16607330777789e-06	1.9339137694914e-07	-1.9339137694914e-07
36.781000007391	0.02	-0.02	2.61268570578822e-06	5.87091128356139e-07	-5.87091128356139e-07
36.8209999990463	0.02	-0.02	1.13406769846251e-05	1.97192682308276e-06	-1.97192682308276e-06
36.861000020504	0.02	-0.02	8.98048604663745e-06	1.589426294074e-06	-1.589426294074e-06
36.9010000121594	0.02	-0.02	3.12131924061713e-06	6.25830712013835e-07	-6.25830712013835e-07
36.9410000038147	0.02	-0.02	1.20161405006716e-06	2.33872047528927e-07	-2.33872047528927e-07
36.9809999954701	0.02	-0.02	5.28058555751977e-07	1.02276247257159e-07	-1.02276247257159e-07
37.0210000169277	0.02	-0.02	5.97561036360793e-07	9.36498431317622e-08	-9.36498431317622e-08
37.0610000085831	0.02	-0.02	3.77200221330886e-07	8.79854446074291e-08	-8.79854446074291e-08
37.1010000002384	0.02	-0.02	5.20082832519015e-07	9.11396734440237e-08	-9.11396734440237e-08
37.1409999918938	0.02	-0.02	6.66655424347819e-07	1.07895686174119e-07	-1.07895686174119e-07
37.1810000133514	0.02	-0.02	6.98274567394717e-07	1.22538379944428e-07	-1.22538379944428e-07
37.2210000050068	0.02	-0.02	5.31786477093838e-07	1.44933009331296e-07	-1.44933009331296e-07
37.2609999966621	0.02	-0.02	1.20862326402799e-06	1.75910058507739e-07	-1.75910058507739e-07
37.3010000181198	0.02	-0.02	8.52668323079895e-07	2.29217391538677e-07	-2.29217391538677e-07
37.3410000097752	0.02	-0.02	1.59680690727934e-06	3.13210216135845e-07	-3.13210216135845e-07
37.3810000014305	0.02	-0.02	2.00619600205935e-06	3.48755429003978e-07	-3.48755429003978e-07
37.4209999930859	0.02	-0.02	1.43107395848961e-06	3.44424789193583e-07	-3.44424789193583e-07
37.4610000145435	0.02	-0.02	2.36611915707606e-06	3.36903345883066e-07	-3.36903345883066e-07
37.5010000061989	0.02	-0.02	1.43642031218747e-06	2.85636125217153e-07	-2.85636125217153e-07
37.5409999978542	0.02	-0.02	9.46616804750642e-07	1.39812138143173e-07	-1.39812138143173e-07
37.5810000193119	0.02	-0.02	3.81183474700666e-07	6.84883962881924e-08	-6.84883962881924e-08
37.6210000109673	0.02	-0.02	6.79773904118895e-07	1.1856452486801e-07	-1.1856452486801e-07
37.6610000026226	0.02	-0.02	9.31779000984098e-07	1.93979741426883e-07	-1.93979741426883e-07
37.700999994278	0.02	-0.02	1.18736317077819e-06	2.28626122092672e-07	-2.28626122092672e-07
37.7410000157356	0.02	-0.02	1.78720036997443e-06	2.85277145569386e-07	-2.85277145569386e-07
37.781000007391	0.02	-0.02	4.72853885081685e-06	9.0054059453262e-07	-9.0054059453262e-07
37.8209999990463	0.02	-0.02	2.32294602710742e-05	3.04905365994916e-06	-3.04905365994916e-06
37.861000020504	0.02	-0.02	1.44473176408401e-05	1.8418132146939e-06	-1.8418132146939e-06
37.9010000121594	0.02	-0.02	2.94844159257152e-06	4.32172358465253e-07	-4.32172358465253e-07
37.9410000038147	0.02	-0.02	1.46849830168867e-06	2.32669853617919e-07	-2.32669853617919e-07
37.9809999954701	0.02	-0.02	1.47827320943621e-06	2.66327898995978e-07	-2.66327898995978e-07
38.0210000169277	0.02	-0.02	8.2867454312096e-07	1.74539861547435e-07	-1.74539861547435e-07
38.0610000085831	0.02	-0.02	8.61591906997358e-07	1.39662462668716e-07	-1.39662462668716e-07
38.1010000002384	0.02	-0.02	1.38616435375485e-06	2.11137605361703e-07	-2.11137605361703e-07
38.1409999918938	0.02	-0.02	2.25863138911254e-06	3.00653370407625e-07	-3.00653370407625e-07
38.1810000133514	0.02	-0.02	1.90657277268548e-06	3.71638551955772e-07	-3.71638551955772e-07
38.2210000050068	0.02	-0.02	1.91169465820024e-06	4.15142715742617e-07	-4.15142715742617e-07
38.2609999966621	0.02	-0.02	2.89368090905814e-06	4.13374159983503e-07	-4.13374159983503e-07
38.3010000181198	0.02	-0.02	1.67633094893644e-06	3.10883981197527e-07	-3.10883981197527e-07
38.3410000097752	0.02	-0.02	7.82769461428541e-07	1.29522302223876e-07	-1.29522302223876e-07
38.3810000014305	0.02	-0.02	4.4899428328629e-07	6.24922039816476e-08	-6.24922039816476e-08
38.4209999930859	0.02	-0.02	5.62229974378473e-07	8.38106854429973e-08	-8.38106854429973e-08
38.4610000145435	0.02	-0.02	2.09222871671207e-06	2.2944858177167e-07	-2.2944858177167e-07
38.5010000061989	0.02	-0.02	6.17844362045362e-07	7.29116613403599e-08	-7.29116613403599e-08
38.5409999978542	0.02	-0.02	9.32217341328116e-08	1.11173549287097e-08	-1.11173549287097e-08
38.5810000193119	0.02	-0.02	9.02764101372095e-07	9.23643223182087e-08	-9.23643223182087e-08
38.6210000109673	0.02	-0.02	1.77956466809515e-07	2.01443732786307e-08	-2.01443732786307e-08
38.6610000026226	0.02	-0.02	8.8949376345013e-08	9.24411706883038e-09	-9.24411706883038e-09
38.700999994278	0.02	-0.02	3.22645253736711e-07	3.34317257799598e-08	-3.34317257799598e-08
38.7410000157356	0.02	-0.02	1.0910217455103e-06	1.02442945384587e-07	-1.02442945384587e-07
38.781000007391	0.02	-0.02	1.23004669890156e-06	1.21864971739935e-07	-1.21864971739935e-07
38.8209999990463	0.02	-0.02	4.87316817460277e-07	4.12165555148443e-08	-4.12165555148443e-08
38.861000020504	0.02	-0.02	3.79798913204692e-07	3.57133242029189e-08	-3.57133242029189e-08
38.9010000121594	0.02	-0.02	7.45567492296666e-07	7.28941217103032e-08	-7.28941217103032e-08
38.9410000038147	0.02	-0.02	3.77137998916542e-07	3.25600680084686e-08	-3.25600680084686e-08
38.9809999954701	0.02	-0.02	1.27009890205429e-06	1.06822268285858e-07	-1.06822268285858e-07
39.0210000169277	0.02	-0.02	2.81163053541011e-06	2.50950780125517e-07	-2.50950780125517e-07
39.0610000085831	0.02	-0.02	7.67937094592272e-06	7.20822341990219e-07	-7.20822341990219e-07
39.1010000002384	0.02	-0.02	4.87548102946408e-06	3.70453865387503e-07	-3.70453865387503e-07
39.1409999918938	0.02	-0.02	1.72197162056995e-06	1.72806509264532e-07	-1.72806509264532e-07
39.1810000133514	0.02	-0.02	2.40093796301717e-06	2.15085763363293e-07	-2.15085763363293e-07
39.2210000050068	0.02	-0.02	1.57512632976348e-06	1.50933944586982e-07	-1.50933944586982e-07
39.2609999966621	0.02	-0.02	1.94489321257167e-06	2.07447751040432e-07	-2.07447751040432e-07
39.3010000181198	0.02	-0.02	2.80813816787901e-06	2.57228657657616e-07	-2.57228657657616e-07
39.3410000097752	0.02	-0.02	1.86494666987405e-06	2.01564883572367e-07	-2.01564883572367e-07
39.3810000014305	0.02	-0.02	1.26617886569943e-06	1.54351944705407e-07	-1.54351944705407e-07
39.4209999930859	0.02	-0.02	2.42652041837325e-06	2.12501586967494e-07	-2.12501586967494e-07
39.4610000145435	0.02	-0.02	2.20248097861429e-06	1.90316611434123e-07	-1.90316611434123e-07
39.5010000061989	0.02	-0.02	2.82915865690268e-06	2.66566874352922e-07	-2.66566874352922e-07
39.5409999978542	0.02	-0.02	5.80307740993836e-07	6.36517811948129e-08	-6.36517811948129e-08
39.5810000193119	0.02	-0.02	6.7409003437106e-07	5.9478049896057e-08	-5.9478049896057e-08
39.6210000109673	0.02	-0.02	1.08689986441258e-06	1.04473486213578e-07	-1.04473486213578e-07
39.6610000026226	0.02	-0.02	2.76578129818573e-06	3.01088526645603e-07	-3.01088526645603e-07
39.700999994278	0.02	-0.02	1.05760322725093e-05	1.15622808215204e-06	-1.15622808215204e-06
39.7410000157356	0.02	-0.02	5.25526401792651e-06	6.92764498067841e-07	-6.92764498067841e-07
39.781000007391	0.02	-0.02	4.23799125328994e-06	4.70905954646526e-07	-4.70905954646526e-07
39.8209999990463	0.02	-0.02	8.33469435361653e-06	8.59999349825676e-07	-8.59999349825676e-07
39.861000020504	0.02	-0.02	3.15833905782845e-06	4.34941303273953e-07	-4.34941303273953e-07
39.9010000121594	0.02	-0.02	3.312370929689e-06	4.89658084174815e-07	-4.89658084174815e-07
39.9410000038147	0.02	-0.02	1.0088925715252e-05	1.56092409060918e-06	-1.56092409060918e-06
39.9809999954701	0.02	-0.02	8.82892979122298e-06	1.50318835108234e-06	-1.50318835108234e-06
40.0210000169277	0.02	-0.02	1.20030711016716e-05	1.45546593830775e-06	-1.45546593830775e-06
40.0610000085831	0.02	-0.02	4.92311863211209e-06	8.14295689740398e-07	-8.14295689740398e-07
40.1010000002384	0.02	-0.02	2.50056555416174e-06	3.3915309707979e-07	-3.3915309707979e-07
40.1409999918938	0.02	-0.02	3.78950439189386e-06	5.82520276610501e-07	-5.82520276610501e-07
40.1810000133514	0.02	-0.02	1.96965292192796e-05	2.83480658715666e-06	-2.83480658715666e-06
40.2210000050068	0.02	-0.02	1.55360606139793e-05	2.30482629015492e-06	-2.30482629015492e-06
40.2609999966621	0.02	-0.02	3.78852808152078e-06	7.77948879961434e-07	-7.77948879961434e-07
40.3010000181198	0.02	-0.02	1.65408377969686e-06	2.30944367409574e-07	-2.30944367409574e-07
40.3410000097752	0.02	-0.02	9.08854145909235e-07	1.5880886685326e-07	-1.5880886685326e-07
40.3810000014305	0.02	-0.02	9.02357381228944e-07	1.6418676776847e-07	-1.6418676776847e-07
40.4209999930859	0.02	-0.02	6.74442101924617e-07	1.58427217289347e-07	-1.58427217289347e-07
40.4610000145435	0.02	-0.02	1.07788519375893e-06	1.88750459230038e-07	-1.88750459230038e-07
40.5010000061989	0.02	-0.02	1.26945110371407e-06	1.98610381650023e-07	-1.98610381650023e-07
40.5409999978542	0.02	-0.02	1.63917859042014e-06	2.26959818552347e-07	-2.26959818552347e-07
40.5810000193119	0.02	-0.02	1.63766666157638e-06	2.1599736853684e-07	-2.1599736853684e-07
40.6210000109673	0.02	-0.02	6.82714973453751e-07	1.14006552357263e-07	-1.14006552357263e-07
40.6610000026226	0.02	-0.02	5.40947186950455e-07	5.86083589956428e-08	-5.86083589956428e-08
40.700999994278	0.02	-0.02	4.18480276768954e-07	4.53455233690418e-08	-4.53455233690418e-08
40.7410000157356	0.02	-0.02	2.86641545066432e-07	3.4708715721246e-08	-3.4708715721246e-08
40.781000007391	0.02	-0.02	1.98808647947698e-07	2.74143544431198e-08	-2.74143544431198e-08
40.8209999990463	0.02	-0.02	2.07308601501584e-07	2.25713317755631e-08	-2.25713317755631e-08
40.861000020504	0.02	-0.02	1.97227742391681e-07	2.88427390789047e-08	-2.88427390789047e-08
40.9010000121594	0.02	-0.02	5.09713379501888e-07	5.79528721471469e-08	-5.79528721471469e-08
40.9410000038147	0.02	-0.02	7.31979717366523e-07	8.99033138676238e-08	-8.99033138676238e-08
40.9809999954701	0.02	-0.02	8.83437456068531e-07	8.96149505201505e-08	-8.96149505201505e-08
41.0210000169277	0.02	-0.02	4.81528664201517e-07	6.26214697670188e-08	-6.26214697670188e-08
41.0610000085831	0.02	-0.02	8.85417247176088e-07	1.1266211723137e-07	-1.1266211723137e-07
41.1010000002384	0.02	-0.02	2.8725746387581e-06	3.52476310217836e-07	-3.52476310217836e-07
41.1409999918938	0.02	-0.02	1.00498161627755e-06	1.43106181395885e-07	-1.43106181395885e-07
41.1810000133514	0.02	-0.02	2.1487695015744e-07	2.86587406467418e-08	-2.86587406467418e-08
41.2210000050068	0.02	-0.02	5.68121379693219e-07	7.37802601162292e-08	-7.37802601162292e-08
41.2609999966621	0.02	-0.02	1.26925385597122e-06	1.75058001041955e-07	-1.75058001041955e-07
41.3010000181198	0.02	-0.02	8.92270425992408e-07	1.05421423937876e-07	-1.05421423937876e-07
41.3410000097752	0.02	-0.02	4.7842970621494e-07	6.31845225121457e-08	-6.31845225121457e-08
41.3810000014305	0.02	-0.02	3.7162646128652e-07	4.79606031693601e-08	-4.79606031693601e-08
41.4209999930859	0.02	-0.02	3.50281484049708e-07	3.81221291596539e-08	-3.81221291596539e-08
41.4610000145435	0.02	-0.02	3.01047312996083e-07	4.38276743800034e-08	-4.38276743800034e-08
41.5010000061989	0.02	-0.02	3.93755191744405e-07	5.02379170373201e-08	-5.02379170373201e-08
41.5409999978542	0.02	-0.02	2.74854712311006e-07	3.72889573942748e-08	-3.72889573942748e-08
41.5810000193119	0.02	-0.02	2.2859393893944e-07	3.28030538891689e-08	-3.28030538891689e-08
41.6210000109673	0.02	-0.02	4.69110273252984e-07	7.34905666024147e-08	-7.34905666024147e-08
41.6610000026226	0.02	-0.02	9.89101746683148e-07	1.62332961126119e-07	-1.62332961126119e-07
41.700999994278	0.02	-0.02	3.32894708663214e-06	4.19849407355701e-07	-4.19849407355701e-07
41.7410000157356	0.02	-0.02	5.45245917520295e-06	8.99266980767484e-07	-8.99266980767484e-07
41.781000007391	0.02	-0.02	5.93731240326522e-06	7.57988631478149e-07	-7.57988631478149e-07
41.8209999990463	0.02	-0.02	3.83420039888218e-06	6.29396241823946e-07	-6.29396241823946e-07
41.861000020504	0.02	-0.02	2.66935737742388e-06	4.02523582822707e-07	-4.02523582822707e-07
41.9010000121594	0.02	-0.02	1.94577179649829e-06	2.93029564454326e-07	-2.93029564454326e-07
41.9410000038147	0.02	-0.02	1.08870749012994e-06	1.44029687460218e-07	-1.44029687460218e-07
41.9809999954701	0.02	-0.02	5.27290830076309e-07	1.03275821707893e-07	-1.03275821707893e-07
42.0210000169277	0.02	-0.02	6.259031313652e-06	9.60570276444328e-07	-9.60570276444328e-07
42.0610000085831	0.02	-0.02	3.46633595173841e-05	4.7324619391122e-06	-4.7324619391122e-06
42.1010000002384	0.02	-0.02	3.15246598036926e-06	3.99535715153208e-07	-3.99535715153208e-07
42.1409999918938	0.02	-0.02	7.36233760065274e-06	1.10563631803036e-06	-1.10563631803036e-06
42.1810000133514	0.02	-0.02	7.10126853226143e-06	9.69148006963277e-07	-9.69148006963277e-07
42.2210000050068	0.02	-0.02	5.81175569560545e-07	8.01370991783515e-08	-8.01370991783515e-08
42.2609999966621	0.02	-0.02	5.63690400145747e-07	9.05650721689333e-08	-9.05650721689333e-08
42.3010000181198	0.02	-0.02	2.20597508164947e-06	3.02780563891974e-07	-3.02780563891974e-07
42.3410000097752	0.02	-0.02	4.4649109229169e-06	5.91308152075672e-07	-5.91308152075672e-07
42.3810000014305	0.02	-0.02	6.93912981847554e-07	1.03733969860414e-07	-1.03733969860414e-07
42.4209999930859	0.02	-0.02	1.13514325484421e-07	2.82262146418139e-08	-2.82262146418139e-08
42.4610000145435	0.02	-0.02	4.84337924979194e-07	8.55457261623676e-08	-8.55457261623676e-08
42.5010000061989	0.02	-0.02	1.22447641244987e-06	2.08190996546578e-07	-2.08190996546578e-07
42.5409999978542	0.02	-0.02	2.35883839618373e-07	3.9736732769937e-08	-3.9736732769937e-08
42.5810000193119	0.02	-0.02	8.35328106340389e-08	1.29578548740073e-08	-1.29578548740073e-08
42.6210000109673	0.02	-0.02	4.09260806875251e-07	1.01793359878286e-07	-1.01793359878286e-07
42.6610000026226	0.02	-0.02	4.70430513235174e-06	7.32719674194188e-07	-7.32719674194188e-07
42.700999994278	0.02	-0.02	5.38881897176215e-06	8.32879753425544e-07	-8.32879753425544e-07
42.7410000157356	0.02	-0.02	4.46016217839773e-06	9.74354892879887e-07	-9.74354892879887e-07
42.781000007391	0.02	-0.02	3.5089750230083e-06	1.17888258228315e-06	-1.17888258228315e-06
42.8209999990463	0.02	-0.02	7.48647805596038e-06	1.31281951585491e-06	-1.31281951585491e-06
42.861000020504	0.02	-0.02	6.88178933865105e-06	1.62126523536441e-06	-1.62126523536441e-06
42.9010000121594	0.02	-0.02	6.84792506913139e-06	1.78063831342754e-06	-1.78063831342754e-06
42.9410000038147	0.02	-0.02	1.15640105435047e-05	2.07180952280843e-06	-2.07180952280843e-06
42.9809999954701	0.02	-0.02	4.13273164615595e-06	9.93751860777802e-07	-9.93751860777802e-07
43.0210000169277	0.02	-0.02	2.43977432015342e-06	4.85405494830556e-07	-4.85405494830556e-07
43.0610000085831	0.02	-0.02	9.26744009614927e-07	2.49430158289204e-07	-2.49430158289204e-07
43.1010000002384	0.02	-0.02	5.96698026323502e-07	1.42282422578168e-07	-1.42282422578168e-07
43.1409999918938	0.02	-0.02	6.51088588074194e-07	1.68886795519251e-07	-1.68886795519251e-07
43.1810000133514	0.02	-0.02	9.24621399121282e-07	1.96937094726658e-07	-1.96937094726658e-07
43.2210000050068	0.02	-0.02	8.47617019753938e-07	2.46244707305343e-07	-2.46244707305343e-07
43.2609999966621	0.02	-0.02	1.31388465259872e-06	2.78919526057209e-07	-2.78919526057209e-07
43.3010000181198	0.02	-0.02	1.71253301597388e-06	3.98720343217872e-07	-3.98720343217872e-07
43.3410000097752	0.02	-0.02	1.53966695928713e-06	5.14196305017201e-07	-5.14196305017201e-07
43.3810000014305	0.02	-0.02	4.45851064502532e-06	7.82037329766704e-07	-7.82037329766704e-07
43.4209999930859	0.02	-0.02	2.96103385392623e-06	8.67874740004288e-07	-8.67874740004288e-07
43.4610000145435	0.02	-0.02	4.29206475834997e-06	9.11372338600477e-07	-9.11372338600477e-07
43.5010000061989	0.02	-0.02	2.96775343728108e-06	6.98146827610918e-07	-6.98146827610918e-07
43.5409999978542	0.02	-0.02	2.73523915954408e-06	6.47326845505144e-07	-6.47326845505144e-07
43.5810000193119	0.02	-0.02	2.63523962932819e-06	5.5928371960026e-07	-5.5928371960026e-07
43.6210000109673	0.02	-0.02	2.33733339496875e-06	5.75990561209467e-07	-5.75990561209467e-07
43.6610000026226	0.02	-0.02	2.30555554736921e-06	5.28201064546884e-07	-5.28201064546884e-07
43.700999994278	0.02	-0.02	3.72793830232396e-06	5.44679137639399e-07	-5.44679137639399e-07
43.7610000115633	0.04	-0.04	2.4049351590341e-06	4.89966060696826e-07	-4.89966060696826e-07
43.8209999990463	0.02	-0.02	4.22704513431743e-06	9.37743258486822e-07	-9.37743258486822e-07
43.9010000121594	0.06	-0.06	4.57613699601485e-06	8.69571090019148e-07	-8.69571090019148e-07
43.9809999954701	0.02	-0.02	1.10367716428939e-05	2.42891134119739e-06	-2.42891134119739e-06
44.0410000127554	0.04	-0.04	8.77285930693764e-06	1.90000113728889e-06	-1.90000113728889e-06
44.1209999960661	0.04	-0.04	4.87861193668682e-06	1.22057186058068e-06	-1.22057186058068e-06
44.2010000091791	0.04	-0.04	4.08473114863665e-06	8.22752720788454e-07	-8.22752720788454e-07
44.281000007391	0.04	-0.04	1.94961740035107e-06	5.48602652833404e-07	-5.48602652833404e-07
44.3610000056028	0.04	-0.04	1.62306156715896e-06	3.70473419346629e-07	-3.70473419346629e-07
44.4410000038147	0.04	-0.04	2.48137800136787e-06	6.21867275265945e-07	-6.21867275265945e-07
44.5210000020266	0.04	-0.04	6.12335392704253e-06	1.22143383566119e-06	-1.22143383566119e-06
44.6410000067949	0.08	-0.08	1.02455535236942e-05	2.06445094239065e-06	-2.06445094239065e-06
44.8010000106692	0.08	-0.08	1.52791620475625e-06	2.84511123899812e-07	-2.84511123899812e-07
44.921000007987	0.04	-0.04	7.78063309279898e-07	1.78829957785882e-07	-1.78829957785882e-07
45.0010000061989	0.04	-0.04	1.16643977090879e-06	2.74585874414572e-07	-2.74585874414572e-07
45.1210000035167	0.08	-0.08	1.20992653378493e-06	3.4251765410922e-07	-3.4251765410922e-07
45.281000007391	0.08	-0.08	2.4536581297895e-06	5.70122564375997e-07	-5.70122564375997e-07
45.3810000014305	0.02	-0.02	6.9773688888547e-06	1.25705374233851e-06	-1.25705374233851e-06
45.5210000069936	0.12	-0.12	2.02205833931855e-06	6.23372423887613e-07	-6.23372423887613e-07
45.7010000042121	0.06	-0.06	4.73462067367342e-06	1.11343601304824e-06	-1.11343601304824e-06
45.8810000063976	0.12	-0.12	2.78677407966477e-06	9.93231412413961e-07	-9.93231412413961e-07
46.0610000085831	0.06	-0.06	7.98261688366849e-06	1.87572375792372e-06	-1.87572375792372e-06
46.2010000017285	0.08	-0.08	8.01104087342524e-06	1.95210920268236e-06	-1.95210920268236e-06
46.4210000058583	0.14	-0.14	7.41546728329437e-06	1.76930586336009e-06	-1.76930586336009e-06
46.8810000070184	0.32	-0.32	4.72684723206914e-06	1.04036015092483e-06	-1.04036015092483e-06
47.8810000058132	0.68	-0.68	2.72627512037428e-06	5.82369139217361e-07	-5.82369139217361e-07
48.9010000069001	0.34	-0.34	2.80391578489289e-06	6.77192960626709e-07	-6.77192960626709e-07
51.741000006199	2.5	-2.5	6.96864211329041e-07	1.67152866868789e-07	-1.67152866868789e-07
54.6610000068801	0.42	-0.42	2.31732279540684e-06	5.70762826218738e-07	-5.70762826218738e-07
55.1610000026226	0.08	-0.08	5.73351102070791e-06	1.40992197075119e-06	-1.40992197075119e-06
55.3610000056028	0.12	-0.12	5.42580439928962e-06	1.15454781902339e-06	-1.15454781902339e-06
55.5210000020266	0.04	-0.04	9.88834526410575e-06	2.17642938166192e-06	-2.17642938166192e-06
55.6610000085831	0.1	-0.1	3.94939293009061e-06	1.36269645208303e-06	-1.36269645208303e-06
55.8610000085831	0.1	-0.1	6.09856493641611e-06	1.37150706887149e-06	-1.37150706887149e-06
56.0610000026226	0.1	-0.1	6.39023714544094e-06	1.38803276835167e-06	-1.38803276835167e-06
56.1810000133514	0.02	-0.02	1.49344432974238e-05	3.12051661869523e-06	-3.12051661869523e-06
56.5010000061989	0.1	-0.1	6.50740424893871e-06	1.48973948905335e-06	-1.48973948905335e-06
56.9210000061244	0.32	-0.32	3.43004741402372e-06	8.88428498491601e-07	-8.88428498491601e-07
57.5610000067204	0.32	-0.32	4.04664264465287e-06	9.61074708677457e-07	-9.61074708677457e-07
59.1610000058822	1.28	-1.28	4.16145627341949e-07	1.02876560033154e-07	-1.02876560033154e-07
60.6210000076559	0.18	-0.18	2.37744843242066e-07	5.25938101003231e-08	-5.25938101003231e-08
60.9810000054041	0.18	-0.18	1.79143119499815e-07	3.93483539389017e-08	-3.93483539389017e-08
61.241000008285	0.08	-0.08	2.01542677739406e-07	4.92659530967459e-08	-4.92659530967459e-08
61.6410000067949	0.32	-0.32	9.84777762164603e-08	1.92684420606832e-08	-1.92684420606832e-08
62.0210000069936	0.06	-0.06	1.39495823228458e-07	3.40888785160459e-08	-3.40888785160459e-08
62.6410000057306	0.56	-0.56	4.03872697885777e-08	7.6334683815583e-09	-7.6334683815583e-09
63.2210000050068	0.02	-0.02	1.23436513923807e-07	2.86479556666138e-08	-2.86479556666138e-08
63.8810000060871	0.64	-0.64	1.43305594871976e-08	3.64057477056695e-09	-3.64057477056695e-09
