## BAT - batSNR4flux
0.141000008923667	0.14	-0.14	9.11977144449528e-08	2.15668073599147e-08	-2.15668073599147e-08
0.441000011265278	0.16	-0.16	7.82027593872929e-08	1.91679349070161e-08	-1.91679349070161e-08
0.661000012556712	0.06	-0.06	1.14990883552726e-07	2.70085082312838e-08	-2.70085082312838e-08
0.881000008881092	0.16	-0.16	3.63860541077911e-08	1.35168642595499e-08	-1.35168642595499e-08
1.20100000917912	0.16	-0.16	4.84747557330405e-08	1.06671071680182e-08	-1.06671071680182e-08
1.44100001126528	0.08	-0.08	6.98950665283909e-08	1.39574295682017e-08	-1.39574295682017e-08
1.68100000962615	0.16	-0.16	6.97636905049355e-08	1.96626066627129e-08	-1.96626066627129e-08
1.92100000798702	0.08	-0.08	2.39419785861491e-07	5.77970190928093e-08	-5.77970190928093e-08
2.24100001076857	0.24	-0.24	3.65557743314012e-07	8.73044315014259e-08	-8.73044315014259e-08
2.60100001017253	0.12	-0.12	1.58186425980276e-06	3.59933333015884e-07	-3.59933333015884e-07
2.84100000977516	0.12	-0.12	6.72813793268656e-07	1.45191243197134e-07	-1.45191243197134e-07
3.0810000093778	0.12	-0.12	1.7202510157851e-07	4.08071150590126e-08	-4.08071150590126e-08
3.26100000659625	0.06	-0.06	1.18233582817439e-07	2.33049737620937e-08	-2.33049737620937e-08
3.34100000977516	0.02	-0.02	1.12627172202882e-07	2.52825418682196e-08	-2.52825418682196e-08
3.42100001295408	0.06	-0.06	4.25523571819668e-08	1.0031831837055e-08	-1.0031831837055e-08
3.50100000619888	0.02	-0.02	7.86428232393184e-08	1.8107305433426e-08	-1.8107305433426e-08
3.54099999785423	0.02	-0.02	8.05185618773151e-08	2.52720373439909e-08	-2.52720373439909e-08
3.5810000193119	0.02	-0.02	1.61606619734434e-07	3.70553560164188e-08	-3.70553560164188e-08
3.6610000026226	0.02	-0.02	2.99073735981216e-07	7.05720717781893e-08	-7.05720717781893e-08
3.70100002408028	0.02	-0.02	3.28096175407876e-07	9.22629526565029e-08	-9.22629526565029e-08
3.74100001573563	0.02	-0.02	5.35444934630871e-07	1.27468777612355e-07	-1.27468777612355e-07
3.78100000739098	0.02	-0.02	6.25476579500256e-07	1.31505872244668e-07	-1.31505872244668e-07
3.84100000977516	0.04	-0.04	3.90353135273515e-07	9.28360280999371e-08	-9.28360280999371e-08
3.90100001215935	0.02	-0.02	6.259165938652e-07	1.27139696409062e-07	-1.27139696409062e-07
3.9410000038147	0.02	-0.02	6.25538044996753e-07	1.32926843949166e-07	-1.32926843949166e-07
3.98099999547005	0.02	-0.02	4.27240659039365e-07	1.26599487465953e-07	-1.26599487465953e-07
4.02100001692772	0.02	-0.02	4.91394006265763e-07	1.22745902916885e-07	-1.22745902916885e-07
4.06100000858307	0.02	-0.02	3.38609606920754e-07	1.08190139055408e-07	-1.08190139055408e-07
4.10100000023842	0.02	-0.02	5.37676193829719e-07	9.57283582261159e-08	-9.57283582261159e-08
4.14100002169609	0.02	-0.02	3.91117456134856e-07	7.91036746606338e-08	-7.91036746606338e-08
4.20100000917911	0.04	-0.04	1.8194232715749e-07	4.49700151172067e-08	-4.49700151172067e-08
4.26099999666214	0.02	-0.02	2.32751833452864e-07	5.57988183147486e-08	-5.57988183147486e-08
4.30100001811981	0.02	-0.02	2.46868214307795e-07	4.95425537255534e-08	-4.95425537255534e-08
4.34100000977516	0.02	-0.02	2.34773194592299e-07	5.09014057967859e-08	-5.09014057967859e-08
4.40100001215935	0.04	-0.04	2.0530545105754e-07	4.89160689036783e-08	-4.89160689036783e-08
4.46100001454353	0.02	-0.02	3.96933007121845e-07	9.2873436955985e-08	-9.2873436955985e-08
4.50100000619888	0.02	-0.02	6.04864658213663e-07	1.31666256333824e-07	-1.31666256333824e-07
4.56100000858307	0.04	-0.04	3.45330293160054e-07	8.25617031112996e-08	-8.25617031112996e-08
4.62100001096725	0.02	-0.02	3.56495969733941e-07	8.86937687672178e-08	-8.86937687672178e-08
4.6610000026226	0.02	-0.02	3.76177861819201e-07	8.05109198753345e-08	-8.05109198753345e-08
4.74100001573563	0.06	-0.06	2.03890995521638e-07	3.21899128192753e-08	-3.21899128192753e-08
4.82099999904633	0.02	-0.02	1.65429384488541e-07	4.06755124349737e-08	-4.06755124349737e-08
4.861000020504	0.02	-0.02	1.18137055274629e-07	3.58358184901467e-08	-3.58358184901467e-08
4.90100001215935	0.02	-0.02	1.49165217913239e-07	2.92314927426703e-08	-2.92314927426703e-08
4.9410000038147	0.02	-0.02	1.09870161400383e-07	2.54400468974974e-08	-2.54400468974974e-08
5.02100000699361	0.06	-0.06	6.84082840513888e-08	1.04568772966049e-08	-1.04568772966049e-08
5.10100000023842	0.02	-0.02	5.91132441174569e-08	1.38144948825231e-08	-1.38144948825231e-08
5.14100002169609	0.02	-0.02	6.35018445147218e-08	1.17794746978896e-08	-1.17794746978896e-08
5.18100001335144	0.02	-0.02	5.21654373224096e-08	1.01411266040663e-08	-1.01411266040663e-08
5.22100000500679	0.02	-0.02	8.52224065054997e-08	2.07263865649629e-08	-2.07263865649629e-08
5.26099999666214	0.02	-0.02	2.24273094742581e-07	4.41045178942938e-08	-4.41045178942938e-08
5.30100001811981	0.02	-0.02	2.9161337910541e-07	9.26990800241867e-08	-9.26990800241867e-08
5.34100000977516	0.02	-0.02	9.35569689764267e-07	2.04311431359312e-07	-2.04311431359312e-07
5.42100001295408	0.06	-0.06	1.11122687576778e-06	1.70362492112834e-07	-1.70362492112834e-07
5.50100000619888	0.02	-0.02	3.84048014868494e-07	9.38720269504594e-08	-9.38720269504594e-08
5.56100000858307	0.04	-0.04	1.60236726961033e-07	3.18400418118886e-08	-3.18400418118886e-08
5.68100001335144	0.08	-0.08	3.72223837018025e-08	8.28241782652353e-09	-8.28241782652353e-09
5.80100000321865	0.04	-0.04	4.42889823679867e-08	9.12186448317471e-09	-9.12186448317471e-09
5.90100001215935	0.06	-0.06	2.98145131113213e-08	5.94686883157818e-09	-5.94686883157818e-09
5.98099999547005	0.02	-0.02	7.28382374551842e-08	1.41496372723673e-08	-1.41496372723673e-08
6.04100001275539	0.04	-0.04	4.63280469694018e-08	1.22625989716152e-08	-1.22625989716152e-08
6.10100000023842	0.02	-0.02	1.07767277040559e-07	2.18469762012867e-08	-2.18469762012867e-08
6.14100002169609	0.02	-0.02	8.2735391194793e-08	2.76197544783166e-08	-2.76197544783166e-08
6.18100001335144	0.02	-0.02	1.38264833212597e-07	2.99341475922006e-08	-2.99341475922006e-08
6.24100000083446	0.04	-0.04	1.15073195747464e-07	2.45803822747101e-08	-2.45803822747101e-08
6.30100001811981	0.02	-0.02	1.92139915061054e-07	3.67640837676087e-08	-3.67640837676087e-08
6.36100000560284	0.04	-0.04	1.21376109909697e-07	2.77153318339555e-08	-2.77153318339555e-08
6.44100001871586	0.04	-0.04	2.15178327285261e-07	4.08785384857024e-08	-4.08785384857024e-08
6.56100000858307	0.08	-0.08	2.55795548257448e-07	4.98713766695976e-08	-4.98713766695976e-08
6.68100001335144	0.04	-0.04	5.30775273705645e-07	1.12065835607392e-07	-1.12065835607392e-07
6.78100000739098	0.06	-0.06	3.87317128293773e-07	9.32738664806338e-08	-9.32738664806338e-08
6.861000020504	0.02	-0.02	7.30258874303023e-07	1.62917573174249e-07	-1.62917573174249e-07
6.92100000798702	0.04	-0.04	4.52203792806682e-07	1.04362141966062e-07	-1.04362141966062e-07
6.98099999547005	0.02	-0.02	6.50077139030843e-07	1.53529262099248e-07	-1.53529262099248e-07
7.04100001275539	0.04	-0.04	3.95503709038517e-07	1.12061169798346e-07	-1.12061169798346e-07
7.12100001096725	0.04	-0.04	5.48923839891044e-07	1.23568769654848e-07	-1.23568769654848e-07
7.24100000828505	0.08	-0.08	4.77885116762055e-07	1.12606233049961e-07	-1.12606233049961e-07
7.40100001215935	0.08	-0.08	5.31975305314807e-07	1.46188130673668e-07	-1.46188130673668e-07
7.60100001017252	0.12	-0.12	2.4645316829574e-07	5.4730086531038e-08	-5.4730086531038e-08
7.78100000739098	0.06	-0.06	1.15732744725578e-07	2.30656629962013e-08	-2.30656629962013e-08
7.861000020504	0.02	-0.02	2.40813365416625e-07	5.70219932377093e-08	-5.70219932377093e-08
7.90100001215935	0.02	-0.02	3.66857500370307e-07	7.10796603448046e-08	-7.10796603448046e-08
8.04100000778834	0.12	-0.12	1.86297174430798e-07	5.15771984438467e-08	-5.15771984438467e-08
8.22100000500679	0.06	-0.06	7.62166703717327e-07	1.59921014799245e-07	-1.59921014799245e-07
8.50100001161749	0.22	-0.22	2.71520717577501e-07	6.65657466190672e-08	-6.65657466190672e-08
8.7610000115633	0.04	-0.04	2.80539141221576e-07	6.92717372612745e-08	-6.92717372612745e-08
8.88100000888109	0.08	-0.08	1.50348790898401e-07	3.60295876616846e-08	-3.60295876616846e-08
9.06100000858307	0.1	-0.1	5.04765815426909e-08	1.95069533214363e-08	-1.95069533214363e-08
9.18100001335144	0.02	-0.02	1.88787401204596e-07	3.8106957722803e-08	-3.8106957722803e-08
9.30100000619888	0.1	-0.1	7.1815813251226e-08	1.72025635133807e-08	-1.72025635133807e-08
9.64100001176198	0.24	-0.24	5.19695130278418e-08	1.24413785643178e-08	-1.24413785643178e-08
10.6210000093563	0.74	-0.74	3.17031756010565e-08	8.44151011665247e-09	-8.44151011665247e-09
11.5010000104564	0.14	-0.14	9.585476796504e-08	2.20803647395162e-08	-2.20803647395162e-08
13.1010000096282	1.46	-1.46	2.5245341007306e-08	5.03755449813446e-09	-5.03755449813446e-09
16.0410000099362	1.48	-1.48	1.21187064332766e-08	2.96133035402487e-09	-2.96133035402487e-09
17.6610000111376	0.14	-0.14	3.10241031794147e-08	7.64408810309639e-09	-7.64408810309639e-09
24.1010000087534	0.14	-0.14	7.33711090677376e-08	1.75599451427951e-08	-1.75599451427951e-08
25.1410000097751	0.9	-0.9	4.0308474346525e-08	8.42948890040055e-09	-8.42948890040055e-09
26.2210000083182	0.18	-0.18	9.16469906913497e-08	2.20158018208317e-08	-2.20158018208317e-08
26.9210000102795	0.52	-0.52	4.52806296322736e-08	1.14687811577624e-08	-1.14687811577624e-08
27.7010000103254	0.26	-0.26	5.65501616286019e-08	1.38290938315361e-08	-1.38290938315361e-08
28.5010000095102	0.54	-0.54	3.84062835609324e-08	8.07400218024488e-09	-8.07400218024488e-09
29.2410000097752	0.2	-0.2	4.60458424297826e-08	1.14681049339135e-08	-1.14681049339135e-08
29.4810000103712	0.04	-0.04	1.02133337913844e-07	2.45300692816436e-08	-2.45300692816436e-08
30.0010000099242	0.48	-0.48	3.12595023557662e-08	6.52154780944194e-09	-6.52154780944194e-09
30.5410000077883	0.06	-0.06	7.42478442615603e-08	1.83855561949337e-08	-1.83855561949337e-08
30.6610000125567	0.06	-0.06	3.84377388631435e-08	1.83058374737032e-08	-1.83058374737032e-08
30.7610000115633	0.04	-0.04	9.18421542917215e-08	2.20292135919322e-08	-2.20292135919322e-08
31.0410000077883	0.24	-0.24	1.98983110706141e-08	8.50985950896388e-09	-8.50985950896388e-09
31.5210000119607	0.24	-0.24	3.60968656469545e-08	8.12033469999737e-09	-8.12033469999737e-09
32.0010000086824	0.24	-0.24	2.49374922862472e-08	7.93502233921055e-09	-7.93502233921055e-09
32.4810000103712	0.24	-0.24	3.3154213894883e-08	7.6568566392335e-09	-7.6568566392335e-09
32.781000007391	0.06	-0.06	6.23235025341519e-08	1.50120320990568e-08	-1.50120320990568e-08
33.1810000098453	0.34	-0.34	1.94877570592581e-08	6.17033354419357e-09	-6.17033354419357e-09
33.5610000085831	0.04	-0.04	7.51825813818647e-08	1.87458585411189e-08	-1.87458585411189e-08
33.7810000107023	0.18	-0.18	4.07589729405622e-08	9.82178537561924e-09	-9.82178537561924e-09
34.2210000095918	0.26	-0.26	4.70244757729009e-08	1.03285867390472e-08	-1.03285867390472e-08
35.0010000096376	0.52	-0.52	4.25794998432296e-08	1.10765845487239e-08	-1.10765845487239e-08
35.5810000093778	0.06	-0.06	1.86143000395585e-07	4.3861237498979e-08	-4.3861237498979e-08
36.2410000097751	0.6	-0.6	6.25373630250497e-08	1.94113915530259e-08	-1.94113915530259e-08
37.4410000097752	0.6	-0.6	1.77535588869887e-07	3.68622058697077e-08	-3.68622058697077e-08
38.6610000093522	0.62	-0.62	2.58209706587802e-07	6.736104175072e-08	-6.736104175072e-08
39.9010000102366	0.62	-0.62	2.88836863236178e-07	7.14146604217097e-08	-7.14146604217097e-08
46.8010000097679	6.27999999999995	-6.27999999999995	3.76749759928922e-08	8.11514472966517e-09	-8.11514472966517e-09

## XRT - xrtwtflux
77.537	1.058	-0.962	2.46057352828993e-08	4.27980316353017e-09	-4.40385193648935e-09
79.645	1.059	-1.051	2.07012637483049e-08	3.72763718817836e-09	-3.83900516923748e-09
83.098	2.284	-2.393	7.33376591424995e-09	1.49633905207077e-09	-1.44299771848528e-09
88.125	2.545	-2.743	6.16628467630424e-09	1.39015370373273e-09	-1.16475138629204e-09
93.472	3.576	-2.802	3.71082172963725e-09	9.41463705462069e-10	-7.72267433491827e-10
100.387	3.587	-3.339	3.71087772484129e-09	8.78176632366063e-10	-7.37969708815433e-10

## XRT - xrtpcflux
140.862	36.549	-23.626	2.37037511812496e-10	5.33210796111124e-11	-5.33210796111124e-11
242.874	84.976	-65.463	9.82761339534901e-11	2.19752076423193e-11	-2.19752076423193e-11
408.897	96.971	-81.048	8.50681962533385e-11	1.91359084529736e-11	-1.91359084529736e-11
577.138	61.618	-71.269	1.15967578526104e-10	2.60086780410981e-11	-2.60086780410981e-11
722.585	54.073	-83.829	1.1293019805185e-10	2.54034109999116e-11	-2.54034109999116e-11
861.765	110.464	-85.107	8.0202497632267e-11	1.80956329380496e-11	-1.80956329380496e-11
1029.210	43.311	-56.982	7.59611928948239e-11	1.69854356749961e-11	-1.69854356749961e-11
1107.994	39.746	-35.473	5.45269940940721e-11	1.22327680209838e-11	-1.22327680209838e-11
1183.389	24.527	-35.649	8.86299291756346e-11	1.94013010885592e-11	-1.94013010885592e-11
1272.303	53.456	-64.388	9.02660196850407e-11	2.02472863852257e-11	-2.02472863852257e-11
1411.926	36.692	-86.166	5.08939728499021e-11	1.12430881167182e-11	-1.12430881167182e-11
1481.906	24.380	-33.288	7.07153980140717e-11	1.55284770743221e-11	-1.55284770743221e-11
1584.951	64.252	-78.665	6.87633682778971e-11	1.56221846904645e-11	-1.56221846904645e-11
1731.519	78.152	-82.315	5.39706773876708e-11	9.04460485172818e-12	-9.04460485172818e-12
5119.150	29.616	-39.859	4.53927863288839e-11	1.01850344159358e-11	-1.01850344159358e-11
5190.335	28.636	-41.569	3.70511267446424e-11	8.08521914312904e-12	-8.08521914312904e-12
5259.118	25.042	-40.147	3.98468268913175e-11	8.69529091997595e-12	-8.69529091997595e-12
5321.424	35.448	-37.264	3.53487816654179e-11	7.81572202000829e-12	-7.81572202000829e-12
5399.202	37.904	-42.33	3.10322670705337e-11	6.93902569291663e-12	-6.93902569291663e-12
5477.161	47.701	-40.054	2.82961916816666e-11	6.37087516751778e-12	-6.37087516751778e-12
5568.327	29.247	-43.465	3.44018207508208e-11	7.71892964141999e-12	-7.71892964141999e-12
5647.289	33.026	-49.715	3.05314682851116e-11	6.82704404349511e-12	-6.82704404349511e-12
5722.236	23.269	-41.921	4.2692351471042e-11	9.10204056526118e-12	-9.10204056526118e-12
5785.189	43.057	-39.684	3.02215213823851e-11	6.82790809779683e-12	-6.82790809779683e-12
5879.474	36.529	-51.227	2.8470112753334e-11	6.41003289301146e-12	-6.41003289301146e-12
5954.053	54.720	-38.051	2.66673329682471e-11	6.04583087648176e-12	-6.04583087648176e-12
6054.991	31.508	-46.218	3.19943422134394e-11	7.17874938987422e-12	-7.17874938987422e-12
6141.416	40.361	-54.917	2.71482361356828e-11	5.98278947594062e-12	-5.98278947594062e-12
6250.507	56.636	-68.73	2.10728367511956e-11	4.61352569814983e-12	-4.61352569814983e-12
6333.688	41.152	-26.545	3.76357551734816e-11	8.47367398983348e-12	-8.47367398983348e-12
6418.554	44.042	-43.714	2.91839517281272e-11	6.66262691983944e-12	-6.66262691983944e-12
6492.783	37.510	-30.187	3.94888677394015e-11	8.82997903893263e-12	-8.82997903893263e-12
6584.005	39.059	-53.711	2.89175830722151e-11	6.53331209572457e-12	-6.53331209572457e-12
6660.696	32.572	-37.632	4.03036820871362e-11	8.85275669527898e-12	-8.85275669527898e-12
6729.347	41.648	-36.079	3.44482987181543e-11	7.78285783175688e-12	-7.78285783175688e-12
6807.688	43.542	-36.693	3.29143779968679e-11	7.43630015512086e-12	-7.43630015512086e-12
6896.773	54.749	-45.544	2.61950802142476e-11	5.89781069815131e-12	-5.89781069815131e-12
6988.856	25.349	-37.334	4.15603946642088e-11	9.32513809428283e-12	-9.32513809428283e-12
7046.155	30.732	-31.95	4.12929197698983e-11	9.26512469966547e-12	-9.26512469966547e-12
7119.467	35.148	-42.579	3.30745546204099e-11	7.42112233582344e-12	-7.42112233582344e-12
7217.566	29.819	-62.952	2.91929157509164e-11	6.43338461206854e-12	-6.43338461206854e-12
7288.196	51.960	-40.811	2.79441079635954e-11	6.29160434800409e-12	-6.29160434800409e-12
7389.344	53.611	-49.189	2.69974035963587e-11	5.91060442843509e-12	-5.91060442843509e-12
7538.559	54.824	-95.604	2.58781147077851e-11	4.85129286761061e-12	-4.85129286761061e-12
10932.857	72.678	-72.746	2.75618008718732e-11	6.20582849928979e-12	-6.20582849928979e-12
11078.811	52.089	-73.276	3.19164176995815e-11	7.28752045943158e-12	-7.28752045943158e-12
11230.173	73.732	-99.272	2.01789515592022e-11	4.6237569186438e-12	-4.6237569186438e-12
11344.099	65.112	-40.195	3.04035374546195e-11	6.86953309051014e-12	-6.86953309051014e-12
11484.359	65.262	-75.147	2.01196178871721e-11	4.56182660831269e-12	-4.56182660831269e-12
11614.514	55.457	-64.893	2.17782082935661e-11	4.90359231262711e-12	-4.90359231262711e-12
11738.307	97.147	-68.336	1.57451750174808e-11	3.53291883851461e-12	-3.53291883851461e-12
11891.702	51.566	-56.248	2.37370067383127e-11	5.36326376753846e-12	-5.36326376753846e-12
12013.160	57.981	-69.891	1.98990670626485e-11	4.48048502484378e-12	-4.48048502484378e-12
12129.258	74.771	-58.117	1.99433955042027e-11	4.3807955732386e-12	-4.3807955732386e-12
12249.618	67.239	-45.59	2.21364805376238e-11	5.03672780738951e-12	-5.03672780738951e-12
12386.131	63.615	-69.273	1.89057541363127e-11	4.3016392842571e-12	-4.3016392842571e-12
12516.508	63.618	-66.763	1.95747480376495e-11	4.40746107061642e-12	-4.40746107061642e-12
12653.894	61.627	-73.768	1.88345846811371e-11	4.27046355637844e-12	-4.27046355637844e-12
12767.028	38.756	-51.507	2.85775416891225e-11	6.43453460340829e-12	-6.43453460340829e-12
12854.770	51.306	-48.986	2.56395909142337e-11	5.81339911838476e-12	-5.81339911838476e-12
12955.691	45.663	-49.615	2.7372688434239e-11	6.14191140338118e-12	-6.14191140338118e-12
13042.311	56.828	-40.957	2.6752248683245e-11	6.00269865732001e-12	-6.00269865732001e-12
13146.852	70.132	-47.712	2.22035132638072e-11	4.99935323424555e-12	-4.99935323424555e-12
13293.370	84.071	-76.386	1.9578691562935e-11	4.04297493484309e-12	-4.04297493484309e-12
16689.025	66.846	-45.982	3.07787244280179e-11	6.92969003389375e-12	-6.92969003389375e-12
16837.913	73.411	-82.042	2.12380562097079e-11	4.76525909949758e-12	-4.76525909949758e-12
17003.507	78.314	-92.183	1.91569344756418e-11	4.35805355853645e-12	-4.35805355853645e-12
17146.972	72.751	-65.151	2.3513939915961e-11	5.27590548055566e-12	-5.27590548055566e-12
17314.522	60.654	-94.799	2.15524670372383e-11	4.718491501229e-12	-4.718491501229e-12
17427.678	70.357	-52.502	2.54381397011286e-11	5.74704607169724e-12	-5.74704607169724e-12
17564.281	89.207	-66.247	2.1010432508084e-11	4.61488974980168e-12	-4.61488974980168e-12
17737.931	68.503	-84.443	2.01135095183586e-11	4.55982714829053e-12	-4.55982714829053e-12
17878.083	63.745	-71.649	2.37795470193144e-11	5.25754755324971e-12	-5.25754755324971e-12
18043.929	95.977	-102.101	1.56106202272702e-11	3.49064188135537e-12	-3.49064188135537e-12
18256.650	96.377	-116.745	1.43330045522119e-11	3.23814823509968e-12	-3.23814823509968e-12
18462.473	98.662	-109.445	1.46700765461468e-11	3.31430004694056e-12	-3.31430004694056e-12
18667.001	69.645	-105.867	1.7384632296594e-11	3.92757935376892e-12	-3.92757935376892e-12
18849.881	79.829	-113.234	1.58246709717527e-11	3.56285373668993e-12	-3.56285373668993e-12
19038.228	124.651	-108.518	1.64245440906361e-11	3.30296783538285e-12	-3.30296783538285e-12
47377.903	116.486	-134.245	7.7181560272645e-12	2.0390453483363e-12	-2.0390453483363e-12
47668.036	142.275	-173.647	6.10986650571397e-12	1.60485081867386e-12	-1.60485081867386e-12
47932.521	148.575	-122.21	7.17278165919822e-12	1.86788879912753e-12	-1.86788879912753e-12
53170.233	135.784	-262.878	6.53848976977842e-12	1.69589373296799e-12	-1.69589373296799e-12
53618.813	243.823	-312.796	5.27868149255248e-12	1.29228933779478e-12	-1.29228933779478e-12
75338.151	193.737	-194.896	5.2187202142299e-12	1.37234525854892e-12	-1.37234525854892e-12
75719.907	248.250	-188.018	5.86999258011563e-12	1.3605792441317e-12	-1.3605792441317e-12
81086.207	174.144	-181.894	5.99854239187634e-12	1.5658922450142e-12	-1.5658922450142e-12
81438.411	230.628	-178.06	7.04765841012328e-12	1.59077253713158e-12	-1.59077253713158e-12
87074.760	414.456	-410.445	5.09955749217365e-12	9.7128704835525e-13	-9.7128704835525e-13
92600.974	133.002	-117.729	8.96499040040468e-12	2.32944249182385e-12	-2.32944249182385e-12
93012.542	235.430	-278.565	5.83107927685979e-12	1.31789417443978e-12	-1.31789417443978e-12
98631.641	378.211	-378.994	4.23191664672828e-12	8.92388274374798e-13	-8.92388274374798e-13
103683.196	161.770	-156.659	6.96884786636315e-12	1.81654535987823e-12	-1.81654535987823e-12
104239.707	590.626	-394.741	4.15179617355812e-12	7.94691011618713e-13	-7.94691011618713e-13
109479.518	215.103	-188.574	5.38444038918125e-12	1.40130242742979e-12	-1.40130242742979e-12
110111.430	478.296	-416.808	4.2015445898086e-12	8.33849635248973e-13	-8.33849635248973e-13
115627.672	154.591	-171.36	6.44212334861125e-12	1.67394920916516e-12	-1.67394920916516e-12
115965.984	172.317	-183.722	5.84026008331639e-12	1.51997907552493e-12	-1.51997907552493e-12
116430.833	339.305	-292.532	3.69314885736175e-12	9.12283488275999e-13	-9.12283488275999e-13
121763.317	213.920	-227.367	5.27472491377322e-12	1.38370718606735e-12	-1.38370718606735e-12
123468.561	4400.420	-1491.325	4.33953084208588e-12	7.47511275944367e-13	-7.47511275944367e-13
153096.150	3811.992	-9073.493	2.58220125018541e-12	5.27121672237169e-13	-5.27121672237169e-13
162192.168	476.257	-278.44	3.32678916137852e-12	7.71045673260719e-13	-7.71045673260719e-13
168034.131	394.332	-367.887	3.47100409157173e-12	7.8077049581755e-13	-7.8077049581755e-13
173801.002	449.281	-317.953	2.99895985552448e-12	7.38795646655515e-13	-7.38795646655515e-13
179565.986	502.855	-319.54	2.83253010067311e-12	6.94803473296838e-13	-6.94803473296838e-13
185131.540	698.064	-600.717	2.89881730548168e-12	5.58418947571679e-13	-5.58418947571679e-13
192604.089	3649.358	-2133.569	1.62069665700776e-12	4.25320802652906e-13	-4.25320802652906e-13
196809.415	599.897	-555.967	2.47055701172828e-12	5.6116300148846e-13	-5.6116300148846e-13
204210.809	4597.455	-1974.396	2.51576515727759e-12	6.09998178473124e-13	-6.09998178473124e-13
243151.854	518.485	-810.384	1.52962857579008e-12	4.07187823734061e-13	-4.07187823734061e-13
248879.845	548.120	-769.841	1.91114034454927e-12	4.60642170096182e-13	-4.60642170096182e-13
254586.696	602.144	-713.509	1.57932133123981e-12	4.15868575527752e-13	-4.15868575527752e-13
263309.443	3459.135	-3624.727	1.38169160011221e-12	2.76498199165569e-13	-2.76498199165569e-13
271887.490	701.285	-637.613	2.17546051029465e-12	4.73515448816937e-13	-4.73515448816937e-13
281811.637	19457.934	-4769.184	1.08521898336825e-12	2.44805198925404e-13	-2.44805198925404e-13
361621.929	21161.050	-14644.283	1.38972114250256e-12	3.05467533608866e-13	-3.05467533608866e-13
393778.374	12249.968	-5884.87	1.11758756487083e-12	2.97759423625501e-13	-2.97759423625501e-13
410964.475	825.052	-754.547	1.73609254903395e-12	4.17959509768223e-13	-4.17959509768223e-13
419847.013	3582.624	-3875.558	9.39370773208557e-13	2.19228755238005e-13	-2.19228755238005e-13
432885.903	2064.450	-5302.818	1.03614456041562e-12	2.24046714760802e-13	-2.24046714760802e-13
442767.201	3762.225	-3615.857	9.31294020338751e-13	2.13709012633492e-13	-2.13709012633492e-13
454050.284	4057.965	-3320.412	1.01420195058047e-12	2.18752843062002e-13	-2.18752843062002e-13
469798.846	5590.060	-7251.604	9.611405378813e-13	2.41218124453218e-13	-2.41218124453218e-13
494781.828	3766.265	-14191.827	8.1533664647874e-13	1.72203294928671e-13	-1.72203294928671e-13
506970.579	3158.965	-4279.323	9.59126442735984e-13	2.17985259550726e-13	-2.17985259550726e-13
517422.307	3626.946	-3034.975	8.11889756917445e-13	2.1290169519178e-13	-2.1290169519178e-13
545444.763	16703.529	-19653.762	5.45000122832889e-13	1.1709807022467e-13	-1.1709807022467e-13
590157.690	6731.163	-11968.98	4.02504679273431e-13	1.04393701323642e-13	-1.04393701323642e-13
603957.125	4452.128	-3053.855	7.01551102247096e-13	1.77153051148888e-13	-1.77153051148888e-13
615728.619	4261.716	-3206.14	6.04272942346667e-13	1.65235885231593e-13	-1.65235885231593e-13
635562.305	7586.411	-11404.402	6.52699483546211e-13	1.48568050164018e-13	-1.48568050164018e-13
662230.491	9837.743	-14223.001	4.97138290287925e-13	1.35634859307667e-13	-1.35634859307667e-13
683702.328	5705.930	-7053.001	6.29589345815648e-13	1.68812719674163e-13	-1.68812719674163e-13
708645.640	15442.293	-15118.894	6.20578923275818e-13	1.10485664303523e-13	-1.10485664303523e-13
879581.321	23294.667	-41379.991	4.90914992156729e-13	1.32112292984743e-13	-1.32112292984743e-13
951600.948	26228.854	-32377.946	3.42619934037302e-13	9.29508297029603e-14	-9.29508297029603e-14
1035646.059	75082.571	-52611.91	3.21192467689797e-13	8.23120442666597e-14	-8.23120442666597e-14
1217233.055	16196.821	-18989.622	2.97643900136237e-13	8.16605350768782e-14	-8.16605350768782e-14
1277287.254	105584.052	-39267.372	1.95096118236437e-13	5.29731150219413e-14	-5.29731150219413e-14
1717321.623	151447.308	-173061.684	9.93335697844256e-14	2.91865774656558e-14	-2.91865774656558e-14
2063673.898	112776.154	-112923.028	1.01722052926679e-13	2.92629228289616e-14	-2.92629228289616e-14
2251325.684	35343.565	-70475.471	9.73546715782665e-14	2.91969086728576e-14	-2.91969086728576e-14
2430077.880	231951.939	-139237.741	3.16126627622761e-14	1.13420939051682e-14	-1.13420939051682e-14
2826629.927	211898.223	-159672.896	3.30593601214938e-14	1.14777965650579e-14	-1.14777965650579e-14
3190659.918	108809.127	-147982.013	5.66990622941631e-14	1.79037493117545e-14	-1.79037493117545e-14
