## BAT - batSNR4flux
0.0210000467300415	0.02	-0.02	6.71134722413264e-08	7.61695367753677e-09	-7.61695367753677e-09
0.0610000085830689	0.02	-0.02	4.58912331822823e-08	7.31008753054907e-09	-7.31008753054907e-09
0.101000030040741	0.02	-0.02	7.35396429756881e-08	8.34666365774825e-09	-8.34666365774825e-09
0.141000051498413	0.02	-0.02	6.40349067161729e-08	8.61304739666254e-09	-8.61304739666254e-09
0.18100001335144	0.02	-0.02	6.58821390811172e-08	8.68022981312473e-09	-8.68022981312473e-09
0.221000034809113	0.02	-0.02	7.60060451838732e-08	1.0493099174476e-08	-1.0493099174476e-08
0.26099999666214	0.02	-0.02	1.2405459637448e-07	1.31945253926151e-08	-1.31945253926151e-08
0.301000018119812	0.02	-0.02	1.5502894389137e-07	1.64598462574002e-08	-1.64598462574002e-08
0.341000039577484	0.02	-0.02	1.65434882187506e-07	2.24855709321261e-08	-2.24855709321261e-08
0.381000001430511	0.02	-0.02	2.17401637453181e-07	3.15622185215144e-08	-3.15622185215144e-08
0.421000022888184	0.02	-0.02	3.85429289865602e-07	4.81504473473208e-08	-4.81504473473208e-08
0.461000044345856	0.02	-0.02	4.89215985041861e-07	6.28431670685251e-08	-6.28431670685251e-08
0.501000006198883	0.02	-0.02	6.8518043511986e-07	7.6462668833532e-08	-7.6462668833532e-08
0.541000027656555	0.02	-0.02	4.97690361583217e-07	5.78645398309956e-08	-5.78645398309956e-08
0.581000049114227	0.02	-0.02	2.7656682486856e-07	3.29536042747405e-08	-3.29536042747405e-08
0.621000010967255	0.02	-0.02	1.24638445547558e-07	1.38760472851324e-08	-1.38760472851324e-08
0.661000032424927	0.02	-0.02	4.14394643836664e-08	5.79886295841866e-09	-5.79886295841866e-09
0.701000053882599	0.02	-0.02	3.92161095979626e-08	4.84844241974922e-09	-4.84844241974922e-09
0.741000015735626	0.02	-0.02	1.01304286350992e-07	1.26528334460399e-08	-1.26528334460399e-08
0.781000037193298	0.02	-0.02	2.31438871372571e-07	2.94503317224633e-08	-2.94503317224633e-08
0.820999999046326	0.02	-0.02	2.62225618513488e-07	3.91941359895379e-08	-3.91941359895379e-08
0.861000020503998	0.02	-0.02	1.50705704076517e-07	1.98654073523212e-08	-1.98654073523212e-08
0.90100004196167	0.02	-0.02	7.86145262726461e-08	9.18458380975047e-09	-9.18458380975047e-09
0.941000003814697	0.02	-0.02	3.4293610563552e-08	5.41605369254016e-09	-5.41605369254016e-09
0.981000025272369	0.02	-0.02	5.50244465549173e-08	5.86610708058483e-09	-5.86610708058483e-09
1.02100004673004	0.02	-0.02	4.37052552264788e-08	6.31359255585877e-09	-6.31359255585877e-09
1.06100000858307	0.02	-0.02	5.30235032886066e-08	6.26936144735975e-09	-6.26936144735975e-09
1.10100003004074	0.02	-0.02	5.56990479999791e-08	7.51512149817741e-09	-7.51512149817741e-09
1.14100005149841	0.02	-0.02	6.83405676181251e-08	9.38298765018831e-09	-9.38298765018831e-09
1.18100001335144	0.02	-0.02	1.04064607478861e-07	1.32152625233191e-08	-1.32152625233191e-08
1.22100003480911	0.02	-0.02	1.53419524686477e-07	1.75692049388339e-08	-1.75692049388339e-08
1.26099999666214	0.02	-0.02	1.56861003730675e-07	2.39443402527971e-08	-2.39443402527971e-08
1.30100001811981	0.02	-0.02	2.21132273090449e-07	2.69069995634868e-08	-2.69069995634868e-08
1.34100003957748	0.02	-0.02	1.73965435751027e-07	2.68278987245941e-08	-2.68278987245941e-08
1.38100000143051	0.02	-0.02	2.70730965390907e-07	3.24145758713654e-08	-3.24145758713654e-08
1.42100002288818	0.02	-0.02	2.14463367687653e-07	3.06223125882175e-08	-3.06223125882175e-08
1.46100004434586	0.02	-0.02	1.92193347334268e-07	2.60460804587856e-08	-2.60460804587856e-08
1.50100000619888	0.02	-0.02	1.67614216841055e-07	2.09876178139721e-08	-2.09876178139721e-08
1.54100002765656	0.02	-0.02	1.2983261821007e-07	1.68524972089879e-08	-1.68524972089879e-08
1.58100004911423	0.02	-0.02	1.46523097752784e-07	1.81803948715906e-08	-1.81803948715906e-08
1.62100001096725	0.02	-0.02	1.52797356349458e-07	2.04040942909279e-08	-2.04040942909279e-08
1.66100003242493	0.02	-0.02	2.02888830849631e-07	2.37774337635112e-08	-2.37774337635112e-08
1.7010000538826	0.02	-0.02	1.56921341044064e-07	2.75690266803505e-08	-2.75690266803505e-08
1.74100001573563	0.02	-0.02	3.276603880079e-07	3.77793296193504e-08	-3.77793296193504e-08
1.7810000371933	0.02	-0.02	3.19536952648175e-07	4.16500475712758e-08	-4.16500475712758e-08
1.82099999904633	0.02	-0.02	2.27043346146063e-07	2.88694297992864e-08	-2.88694297992864e-08
1.861000020504	0.02	-0.02	1.37209455409202e-07	1.92314608482998e-08	-1.92314608482998e-08
1.90100004196167	0.02	-0.02	1.77455089950351e-07	1.80604325486065e-08	-1.80604325486065e-08
1.9410000038147	0.02	-0.02	3.10421677745915e-07	3.6418138258171e-08	-3.6418138258171e-08
1.98100002527237	0.02	-0.02	7.14452673818323e-07	7.74036213829617e-08	-7.74036213829617e-08
2.02100004673004	0.02	-0.02	2.21743391233337e-07	3.06784849655217e-08	-3.06784849655217e-08
2.06100000858307	0.02	-0.02	7.86794039294769e-08	9.40958603476294e-09	-9.40958603476294e-09
2.10100003004074	0.02	-0.02	4.29253124556094e-08	4.70379343726663e-09	-4.70379343726663e-09
2.14100005149841	0.02	-0.02	9.46410377898168e-08	8.93441085690158e-09	-8.93441085690158e-09
2.18100001335144	0.02	-0.02	1.2780001580164e-07	1.53233571475709e-08	-1.53233571475709e-08
2.22100003480911	0.02	-0.02	1.91858597833421e-07	2.30320130442173e-08	-2.30320130442173e-08
2.26099999666214	0.02	-0.02	1.7582351066749e-07	2.00567277411062e-08	-2.00567277411062e-08
2.30100001811981	0.02	-0.02	1.8904669584255e-07	1.63846240231524e-08	-1.63846240231524e-08
2.34100003957748	0.02	-0.02	7.39437154565862e-08	8.89189756133623e-09	-8.89189756133623e-09
2.38100000143051	0.02	-0.02	5.58664959277173e-08	5.49763852986477e-09	-5.49763852986477e-09
2.42100002288818	0.02	-0.02	4.97935587905874e-08	4.78185130104606e-09	-4.78185130104606e-09
2.46100004434586	0.02	-0.02	4.78787819028694e-08	4.40125015155082e-09	-4.40125015155082e-09
2.50100000619888	0.02	-0.02	3.79272848642595e-08	4.17481416166578e-09	-4.17481416166578e-09
2.54100002765656	0.02	-0.02	6.33824282829504e-08	6.00820330745215e-09	-6.00820330745215e-09
2.58100004911423	0.02	-0.02	8.99740196778694e-08	9.60920750239633e-09	-9.60920750239633e-09
2.62100001096725	0.02	-0.02	1.11549358809752e-07	1.19555558010159e-08	-1.19555558010159e-08
2.66100003242493	0.02	-0.02	8.01262615531844e-08	8.22216182647393e-09	-8.22216182647393e-09
2.7010000538826	0.02	-0.02	4.67464201255032e-08	5.92815419640381e-09	-5.92815419640381e-09
2.74100001573563	0.02	-0.02	4.92246647814895e-08	5.49068057197446e-09	-5.49068057197446e-09
2.7810000371933	0.02	-0.02	8.25392856950666e-08	1.03268962538728e-08	-1.03268962538728e-08
2.82099999904633	0.02	-0.02	1.24761402007956e-07	1.77086966646391e-08	-1.77086966646391e-08
2.861000020504	0.02	-0.02	2.06574853342797e-07	2.4527944029845e-08	-2.4527944029845e-08
2.90100004196167	0.02	-0.02	1.53624715763323e-07	1.89236883347251e-08	-1.89236883347251e-08
2.9410000038147	0.02	-0.02	1.37781880334312e-07	1.59818513903882e-08	-1.59818513903882e-08
2.98100002527237	0.02	-0.02	1.33018581853845e-07	1.40049890145202e-08	-1.40049890145202e-08
3.02100004673004	0.02	-0.02	1.13135756336552e-07	1.14132768652011e-08	-1.14132768652011e-08
3.06100000858307	0.02	-0.02	5.46765994737926e-08	7.6032295684336e-09	-7.6032295684336e-09
3.10100003004074	0.02	-0.02	5.11331250315692e-08	4.93042878675309e-09	-4.93042878675309e-09
3.14100005149841	0.02	-0.02	3.84166556263975e-08	5.01103650029932e-09	-5.01103650029932e-09
3.18100001335144	0.02	-0.02	8.84821957076855e-08	9.98876594571167e-09	-9.98876594571167e-09
3.22100003480911	0.02	-0.02	2.19879387743708e-07	2.38655084725597e-08	-2.38655084725597e-08
3.26099999666214	0.02	-0.02	2.40913667929694e-07	2.8200924151497e-08	-2.8200924151497e-08
3.30100001811981	0.02	-0.02	9.37394200916042e-08	1.19704384398298e-08	-1.19704384398298e-08
3.34100003957748	0.02	-0.02	3.80112084221663e-08	4.7480897216636e-09	-4.7480897216636e-09
3.38100000143051	0.02	-0.02	2.37199208198753e-08	2.75659006399808e-09	-2.75659006399808e-09
3.42100002288818	0.02	-0.02	2.79660486911851e-08	3.27709313417861e-09	-3.27709313417861e-09
3.46100004434586	0.02	-0.02	2.84474130615668e-08	3.81598182229765e-09	-3.81598182229765e-09
3.50100000619888	0.02	-0.02	3.97193675038281e-08	4.60596469703003e-09	-4.60596469703003e-09
3.54100002765656	0.02	-0.02	7.98581281680029e-08	7.1629162781814e-09	-7.1629162781814e-09
3.58100004911423	0.02	-0.02	1.43761308680146e-07	1.65084798171086e-08	-1.65084798171086e-08
3.62100001096725	0.02	-0.02	5.06816798372554e-07	4.12890349196276e-08	-4.12890349196276e-08
3.66100003242493	0.02	-0.02	1.58443371097172e-07	1.5407807465863e-08	-1.5407807465863e-08
3.7010000538826	0.02	-0.02	3.86269834050793e-08	4.06205810431063e-09	-4.06205810431063e-09
3.74100001573563	0.02	-0.02	1.0506844848525e-07	1.06247514258728e-08	-1.06247514258728e-08
3.7810000371933	0.02	-0.02	4.14436576690796e-07	4.58007093357832e-08	-4.58007093357832e-08
3.82099999904633	0.02	-0.02	2.16799324912616e-07	2.21002385850232e-08	-2.21002385850232e-08
3.861000020504	0.02	-0.02	9.05382525124572e-08	1.01425310161423e-08	-1.01425310161423e-08
3.90100004196167	0.02	-0.02	1.08819763731208e-07	1.07572027383696e-08	-1.07572027383696e-08
3.9410000038147	0.02	-0.02	1.19078801883104e-07	1.28990899778981e-08	-1.28990899778981e-08
3.98100002527237	0.02	-0.02	2.47367228591796e-07	2.52225002546581e-08	-2.52225002546581e-08
4.02100004673004	0.02	-0.02	3.52124796877726e-07	3.87021085597719e-08	-3.87021085597719e-08
4.06100000858307	0.02	-0.02	2.98063863153111e-07	3.25030701442808e-08	-3.25030701442808e-08
4.10100003004074	0.02	-0.02	2.05454929407142e-07	2.24957004775283e-08	-2.24957004775283e-08
4.14100005149841	0.02	-0.02	1.0180397747028e-07	1.0743735320841e-08	-1.0743735320841e-08
4.18100001335144	0.02	-0.02	6.5554684922301e-08	6.36862880820555e-09	-6.36862880820555e-09
4.22100003480911	0.02	-0.02	3.97928176740189e-08	4.89344596593985e-09	-4.89344596593985e-09
4.26099999666214	0.02	-0.02	5.18742668352642e-08	5.52654587990455e-09	-5.52654587990455e-09
4.30100001811981	0.02	-0.02	4.14712684557855e-08	5.08986245993882e-09	-5.08986245993882e-09
4.34100003957748	0.02	-0.02	9.42377173145093e-08	9.81595989084674e-09	-9.81595989084674e-09
4.38100000143051	0.02	-0.02	1.96219595153366e-07	2.06080647915061e-08	-2.06080647915061e-08
4.42100002288818	0.02	-0.02	2.82521865644731e-07	3.00456387056078e-08	-3.00456387056078e-08
4.46100004434586	0.02	-0.02	1.98676897290235e-07	1.89444712838872e-08	-1.89444712838872e-08
4.50100000619888	0.02	-0.02	1.24011310711576e-07	1.38325639982611e-08	-1.38325639982611e-08
4.54100002765655	0.02	-0.02	1.08963083339643e-07	1.37711480387458e-08	-1.37711480387458e-08
4.58100004911423	0.02	-0.02	2.15616120159347e-07	2.25975061103517e-08	-2.25975061103517e-08
4.62100001096725	0.02	-0.02	9.91461046951582e-07	9.61128485782023e-08	-9.61128485782023e-08
4.66100003242493	0.02	-0.02	4.56006912780931e-07	3.93153175169866e-08	-3.93153175169866e-08
4.7010000538826	0.02	-0.02	3.30369199778937e-07	3.18895096047256e-08	-3.18895096047256e-08
4.74100001573563	0.02	-0.02	2.29564367013275e-07	2.10306424452889e-08	-2.10306424452889e-08
4.7810000371933	0.02	-0.02	5.440796286899e-08	5.00131184222042e-09	-5.00131184222042e-09
4.82099999904633	0.02	-0.02	3.39454309278195e-08	3.18522062330204e-09	-3.18522062330204e-09
4.861000020504	0.02	-0.02	1.21727188454882e-07	1.0812990675583e-08	-1.0812990675583e-08
4.90100004196167	0.02	-0.02	2.38549795497487e-07	2.48433044997436e-08	-2.48433044997436e-08
4.9410000038147	0.02	-0.02	1.99912955535819e-07	2.20257204552178e-08	-2.20257204552178e-08
4.98100002527237	0.02	-0.02	1.92252796006585e-07	1.98976233083418e-08	-1.98976233083418e-08
5.02100004673004	0.02	-0.02	2.07684040116879e-07	2.39873547673443e-08	-2.39873547673443e-08
5.06100000858307	0.02	-0.02	3.86074461004868e-07	3.32145695878254e-08	-3.32145695878254e-08
5.10100003004074	0.02	-0.02	2.18383428088526e-07	2.02020429137688e-08	-2.02020429137688e-08
5.14100005149841	0.02	-0.02	1.00251572430648e-07	9.93349475269054e-09	-9.93349475269054e-09
5.18100001335144	0.02	-0.02	1.55641668432494e-07	1.67154123995771e-08	-1.67154123995771e-08
5.22100003480911	0.02	-0.02	3.50764282980278e-07	3.4037482322045e-08	-3.4037482322045e-08
5.26099999666214	0.02	-0.02	1.99614535607841e-07	1.90137910769763e-08	-1.90137910769763e-08
5.30100001811981	0.02	-0.02	8.15381159105358e-08	8.51104639406606e-09	-8.51104639406606e-09
5.34100003957748	0.02	-0.02	1.44825288450066e-07	1.37570199335875e-08	-1.37570199335875e-08
5.38100000143051	0.02	-0.02	3.5390121787575e-07	3.1473995434154e-08	-3.1473995434154e-08
5.42100002288818	0.02	-0.02	2.24790993829616e-07	2.00968447381185e-08	-2.00968447381185e-08
5.46100004434586	0.02	-0.02	1.3824747066273e-07	1.37168415657945e-08	-1.37168415657945e-08
5.50100000619888	0.02	-0.02	1.43192529213625e-07	1.62973981436924e-08	-1.62973981436924e-08
5.54100002765655	0.02	-0.02	1.29909244738374e-07	1.38894946203662e-08	-1.38894946203662e-08
5.58100004911423	0.02	-0.02	7.42235933885581e-08	7.85491142598958e-09	-7.85491142598958e-09
5.62100001096725	0.02	-0.02	5.29458278848989e-08	5.92922991634191e-09	-5.92922991634191e-09
5.66100003242493	0.02	-0.02	6.77870083771593e-08	7.28392170527487e-09	-7.28392170527487e-09
5.7010000538826	0.02	-0.02	1.70914514461245e-07	1.47294445738427e-08	-1.47294445738427e-08
5.74100001573563	0.02	-0.02	7.14992312305518e-07	6.42167837122123e-08	-6.42167837122123e-08
5.7810000371933	0.02	-0.02	4.84926189935716e-07	3.92597646215174e-08	-3.92597646215174e-08
5.82099999904633	0.02	-0.02	1.62479994186491e-07	1.48977990853533e-08	-1.48977990853533e-08
5.861000020504	0.02	-0.02	2.15518095562911e-07	2.23242808164875e-08	-2.23242808164875e-08
5.90100004196167	0.02	-0.02	3.96645699371589e-07	3.84475969424979e-08	-3.84475969424979e-08
5.9410000038147	0.02	-0.02	2.38083045373112e-07	2.36197606956304e-08	-2.36197606956304e-08
5.98100002527237	0.02	-0.02	1.55104158702827e-07	1.60220389451416e-08	-1.60220389451416e-08
6.02100004673004	0.02	-0.02	2.30840724842636e-07	2.33321088524879e-08	-2.33321088524879e-08
6.06100000858307	0.02	-0.02	2.69069865384281e-07	2.63013510547446e-08	-2.63013510547446e-08
6.10100003004074	0.02	-0.02	1.51922612882606e-07	1.57411063481215e-08	-1.57411063481215e-08
6.14100005149841	0.02	-0.02	1.01889977895481e-07	1.11800920680362e-08	-1.11800920680362e-08
6.18100001335144	0.02	-0.02	1.82316843313184e-07	1.77027234160768e-08	-1.77027234160768e-08
6.22100003480911	0.02	-0.02	2.71681366232077e-07	2.65132801517474e-08	-2.65132801517474e-08
6.26099999666214	0.02	-0.02	3.38284715289049e-07	3.45572738546801e-08	-3.45572738546801e-08
6.30100001811981	0.02	-0.02	2.49777562438185e-07	2.35179299536642e-08	-2.35179299536642e-08
6.34100003957748	0.02	-0.02	2.40768644169347e-07	2.29280053698996e-08	-2.29280053698996e-08
6.38100000143051	0.02	-0.02	3.85457889967553e-07	3.29166320337142e-08	-3.29166320337142e-08
6.42100002288818	0.02	-0.02	1.0081183918039e-06	8.40898317198908e-08	-8.40898317198908e-08
6.46100004434586	0.02	-0.02	2.10611190190704e-07	1.88759658559234e-08	-1.88759658559234e-08
6.50100000619888	0.02	-0.02	3.03665427945003e-07	2.75628392790543e-08	-2.75628392790543e-08
6.54100002765655	0.02	-0.02	5.18758134980565e-07	4.89158223504569e-08	-4.89158223504569e-08
6.58100004911423	0.02	-0.02	3.82501841858864e-07	3.32364570599941e-08	-3.32364570599941e-08
6.62100001096725	0.02	-0.02	3.35688069899096e-08	3.09108753098245e-09	-3.09108753098245e-09
6.66100003242493	0.02	-0.02	7.97376225613534e-09	7.0453793307406e-10	-7.0453793307406e-10
6.7010000538826	0.02	-0.02	3.65001107169916e-08	3.19439563761331e-09	-3.19439563761331e-09
6.74100001573563	0.02	-0.02	6.82602919664484e-08	6.62183259067091e-09	-6.62183259067091e-09
6.7810000371933	0.02	-0.02	3.65963529428669e-08	3.10800992423745e-09	-3.10800992423745e-09
6.82099999904633	0.02	-0.02	2.6778865473412e-08	2.79335802947318e-09	-2.79335802947318e-09
6.861000020504	0.02	-0.02	1.13780033260621e-07	1.09787715555458e-08	-1.09787715555458e-08
6.90100004196167	0.02	-0.02	3.0257795820412e-07	3.03521625807842e-08	-3.03521625807842e-08
6.9410000038147	0.02	-0.02	4.3387056223224e-07	3.65750364070451e-08	-3.65750364070451e-08
6.98100002527237	0.02	-0.02	2.11368152723194e-07	2.01574550945574e-08	-2.01574550945574e-08
7.02100004673004	0.02	-0.02	2.94330320235103e-07	2.47328640797363e-08	-2.47328640797363e-08
7.06100000858307	0.02	-0.02	2.86286093150506e-07	2.49609044117295e-08	-2.49609044117295e-08
7.10100003004074	0.02	-0.02	1.79743547579672e-07	1.62674878310698e-08	-1.62674878310698e-08
7.14100005149841	0.02	-0.02	1.31574173714546e-07	1.20100276073106e-08	-1.20100276073106e-08
7.18100001335144	0.02	-0.02	1.42028566459888e-07	1.36839645192482e-08	-1.36839645192482e-08
7.22100003480911	0.02	-0.02	1.34628678379522e-07	1.33991054333576e-08	-1.33991054333576e-08
7.26099999666214	0.02	-0.02	1.0533376807355e-07	8.96559390484058e-09	-8.96559390484058e-09
7.30100001811981	0.02	-0.02	7.17456487243548e-08	6.99743533780075e-09	-6.99743533780075e-09
7.34100003957748	0.02	-0.02	9.50640562874297e-08	8.44517912997645e-09	-8.44517912997645e-09
7.38100000143051	0.02	-0.02	8.76949072088165e-08	9.20399091916811e-09	-9.20399091916811e-09
7.42100002288818	0.02	-0.02	1.72695005889796e-07	1.74226840556226e-08	-1.74226840556226e-08
7.46100004434586	0.02	-0.02	4.67572791429989e-07	3.90939068611347e-08	-3.90939068611347e-08
7.50100000619888	0.02	-0.02	2.70562018926865e-07	2.61833438057193e-08	-2.61833438057193e-08
7.54100002765655	0.02	-0.02	1.67906114296702e-07	1.47556714188224e-08	-1.47556714188224e-08
7.58100004911423	0.02	-0.02	1.38874953902607e-07	1.17088025759707e-08	-1.17088025759707e-08
7.62100001096725	0.02	-0.02	9.61123354122075e-08	9.12602452184165e-09	-9.12602452184165e-09
7.66100003242493	0.02	-0.02	1.20304523788948e-07	1.12242105181892e-08	-1.12242105181892e-08
7.7010000538826	0.02	-0.02	1.06055094430769e-07	9.68449981710202e-09	-9.68449981710202e-09
7.74100001573563	0.02	-0.02	5.42615979963863e-08	4.10340400565342e-09	-4.10340400565342e-09
7.7810000371933	0.02	-0.02	3.39608887079036e-08	2.75313374173428e-09	-2.75313374173428e-09
7.82099999904633	0.02	-0.02	5.0181258375082e-08	5.03634486471328e-09	-5.03634486471328e-09
7.861000020504	0.02	-0.02	1.03907892217083e-07	9.44058296607774e-09	-9.44058296607774e-09
7.90100004196167	0.02	-0.02	1.82397834741521e-07	1.89707174047008e-08	-1.89707174047008e-08
7.9410000038147	0.02	-0.02	2.69012294057718e-07	2.57901434251867e-08	-2.57901434251867e-08
7.98100002527237	0.02	-0.02	2.0350374481377e-07	1.69683396114674e-08	-1.69683396114674e-08
8.02100004673004	0.02	-0.02	1.9590227233988e-07	1.72900466376678e-08	-1.72900466376678e-08
8.06100000858307	0.02	-0.02	3.12447219052444e-07	3.0350471782368e-08	-3.0350471782368e-08
8.10100003004074	0.02	-0.02	1.58053933450335e-06	1.60394003249688e-07	-1.60394003249688e-07
8.14100005149841	0.02	-0.02	4.83244012576652e-07	5.0727778878776e-08	-5.0727778878776e-08
8.18100001335144	0.02	-0.02	9.38681648931609e-08	1.09320084525652e-08	-1.09320084525652e-08
8.22100003480911	0.02	-0.02	3.12700088248823e-08	3.60344235714922e-09	-3.60344235714922e-09
8.26099999666214	0.02	-0.02	2.28545347711512e-08	3.45292998676252e-09	-3.45292998676252e-09
8.30100001811981	0.02	-0.02	1.69118232092108e-07	2.60319073026754e-08	-2.60319073026754e-08
8.34100003957748	0.02	-0.02	6.54896107175454e-07	8.18978824100665e-08	-8.18978824100665e-08
8.38100000143051	0.02	-0.02	4.89338368714246e-07	5.92731435338556e-08	-5.92731435338556e-08
8.42100002288818	0.02	-0.02	2.01654355130822e-07	2.73859763958349e-08	-2.73859763958349e-08
8.46100004434586	0.02	-0.02	4.08647382638142e-08	5.36919727983906e-09	-5.36919727983906e-09
8.50100000619888	0.02	-0.02	2.48019019242227e-08	3.58176853038903e-09	-3.58176853038903e-09
8.54100002765655	0.02	-0.02	1.27085374261349e-07	1.62477811888304e-08	-1.62477811888304e-08
8.58100004911423	0.02	-0.02	3.55994358381549e-07	4.81297525306015e-08	-4.81297525306015e-08
8.62100001096725	0.02	-0.02	2.93170234064546e-07	4.32365361666094e-08	-4.32365361666094e-08
8.66100003242493	0.02	-0.02	3.25085476210969e-07	4.22570618058538e-08	-4.22570618058538e-08
8.7010000538826	0.02	-0.02	1.30933023639042e-07	2.26919571986614e-08	-2.26919571986614e-08
8.74100001573563	0.02	-0.02	8.29322145335705e-08	1.12776133501069e-08	-1.12776133501069e-08
8.7810000371933	0.02	-0.02	4.50057648509908e-08	5.65160961470782e-09	-5.65160961470782e-09
8.82099999904633	0.02	-0.02	7.04987100504655e-08	9.40592502027199e-09	-9.40592502027199e-09
8.861000020504	0.02	-0.02	1.46279687812761e-07	1.94008847552854e-08	-1.94008847552854e-08
8.90100004196167	0.02	-0.02	2.22129747726708e-07	2.98010955160724e-08	-2.98010955160724e-08
8.9410000038147	0.02	-0.02	1.54963021567032e-07	1.99323693788966e-08	-1.99323693788966e-08
8.98100002527237	0.02	-0.02	1.26722105827557e-07	1.32233414186271e-08	-1.32233414186271e-08
9.02100004673004	0.02	-0.02	1.00492526349811e-07	1.1823159576029e-08	-1.1823159576029e-08
9.06100000858307	0.02	-0.02	8.86617724190881e-08	1.10396869870175e-08	-1.10396869870175e-08
9.10100003004074	0.02	-0.02	7.3021781709495e-08	9.87161047346361e-09	-9.87161047346361e-09
9.14100005149841	0.02	-0.02	8.19771618181369e-08	1.09322617228268e-08	-1.09322617228268e-08
9.18100001335144	0.02	-0.02	1.36003757165825e-07	1.43758454563443e-08	-1.43758454563443e-08
9.22100003480911	0.02	-0.02	1.56703386865502e-07	1.92044741432846e-08	-1.92044741432846e-08
9.26099999666214	0.02	-0.02	1.95626019696772e-07	2.717482534753e-08	-2.717482534753e-08
9.30100001811981	0.02	-0.02	2.20183332654046e-07	2.9451091438043e-08	-2.9451091438043e-08
9.34100003957748	0.02	-0.02	1.8949219685221e-07	2.3175079327446e-08	-2.3175079327446e-08
9.38100000143051	0.02	-0.02	1.74870261717508e-07	2.39137625735872e-08	-2.39137625735872e-08
9.42100002288818	0.02	-0.02	3.01686735207755e-07	3.97705343374516e-08	-3.97705343374516e-08
9.46100004434586	0.02	-0.02	4.33953753287565e-07	5.93614238787456e-08	-5.93614238787456e-08
9.50100000619888	0.02	-0.02	3.72792121451852e-07	5.59825340609462e-08	-5.59825340609462e-08
9.54100002765655	0.02	-0.02	5.44649837173722e-07	7.42260508341713e-08	-7.42260508341713e-08
9.58100004911423	0.02	-0.02	9.63187927845739e-07	1.64413541788046e-07	-1.64413541788046e-07
9.62100001096725	0.02	-0.02	1.50068319276662e-06	1.86537204947816e-07	-1.86537204947816e-07
9.66100003242493	0.02	-0.02	2.47546152405064e-07	3.61339352110692e-08	-3.61339352110692e-08
9.7010000538826	0.02	-0.02	6.52393926140741e-08	8.14498506025779e-09	-8.14498506025779e-09
9.74100001573563	0.02	-0.02	5.86371730924109e-08	7.43961393070891e-09	-7.43961393070891e-09
9.7810000371933	0.02	-0.02	4.47845318036437e-08	8.81504320106943e-09	-8.81504320106943e-09
9.82099999904633	0.02	-0.02	6.93010167304664e-08	1.1342265945824e-08	-1.1342265945824e-08
9.861000020504	0.02	-0.02	1.71890575745914e-07	2.84139359623556e-08	-2.84139359623556e-08
9.90100004196167	0.02	-0.02	6.03100984716988e-07	8.24750739307212e-08	-8.24750739307212e-08
9.9410000038147	0.02	-0.02	1.35046212337856e-06	1.78686241747633e-07	-1.78686241747633e-07
9.98100002527237	0.02	-0.02	1.80398028668833e-06	2.14128511578644e-07	-2.14128511578644e-07
10.02100004673	0.02	-0.02	1.10207665689604e-06	1.70078151075887e-07	-1.70078151075887e-07
10.0610000085831	0.02	-0.02	4.24874504825531e-07	5.21526828722813e-08	-5.21526828722813e-08
10.1010000300407	0.02	-0.02	2.67193710368959e-07	3.46389528630674e-08	-3.46389528630674e-08
10.1410000514984	0.02	-0.02	4.45883147625747e-07	6.16624684360854e-08	-6.16624684360854e-08
10.1810000133514	0.02	-0.02	7.74078242233379e-07	9.91626599610041e-08	-9.91626599610041e-08
10.2210000348091	0.02	-0.02	4.72241144368119e-07	1.01870330613638e-07	-1.01870330613638e-07
10.2609999966621	0.02	-0.02	6.45403704804662e-07	8.12576877464242e-08	-8.12576877464242e-08
10.3010000181198	0.02	-0.02	1.7853559447253e-07	2.60997745139992e-08	-2.60997745139992e-08
10.3410000395775	0.02	-0.02	9.47323793960734e-08	1.42282043913837e-08	-1.42282043913837e-08
10.3810000014305	0.02	-0.02	1.91221944018714e-07	2.33930668030746e-08	-2.33930668030746e-08
10.4210000228882	0.02	-0.02	2.06621818170096e-07	2.99836335947875e-08	-2.99836335947875e-08
10.4610000443459	0.02	-0.02	1.65141794986767e-07	2.03196476800931e-08	-2.03196476800931e-08
10.5010000061989	0.02	-0.02	1.59647828059957e-07	2.07729686812593e-08	-2.07729686812593e-08
10.5410000276566	0.02	-0.02	3.54083645261766e-07	4.44845802318963e-08	-4.44845802318963e-08
10.5810000491142	0.02	-0.02	5.44011166743509e-07	5.69896151733418e-08	-5.69896151733418e-08
10.6210000109673	0.02	-0.02	2.14867990517297e-07	2.20375366817881e-08	-2.20375366817881e-08
10.6610000324249	0.02	-0.02	1.29806453589391e-07	1.54020518754697e-08	-1.54020518754697e-08
10.7010000538826	0.02	-0.02	4.78965542055502e-07	4.8807104447133e-08	-4.8807104447133e-08
10.7410000157356	0.02	-0.02	2.35648969645348e-07	2.59660262792015e-08	-2.59660262792015e-08
10.7810000371933	0.02	-0.02	1.31341177712351e-07	1.44627341932184e-08	-1.44627341932184e-08
10.8209999990463	0.02	-0.02	1.14713030894292e-07	1.41674621860199e-08	-1.41674621860199e-08
10.861000020504	0.02	-0.02	1.54757911763054e-07	1.61123718487893e-08	-1.61123718487893e-08
10.9010000419617	0.02	-0.02	2.73674421626792e-07	3.07423372030874e-08	-3.07423372030874e-08
10.9410000038147	0.02	-0.02	4.44865337342494e-07	5.69088451061745e-08	-5.69088451061745e-08
10.9810000252724	0.02	-0.02	1.05706571387193e-06	1.20600360038897e-07	-1.20600360038897e-07
11.02100004673	0.02	-0.02	1.94468055083768e-06	2.06500924221882e-07	-2.06500924221882e-07
11.0610000085831	0.02	-0.02	8.213050758138e-07	7.96491771080774e-08	-7.96491771080774e-08
11.1010000300407	0.02	-0.02	3.70958786417322e-07	4.3818026026075e-08	-4.3818026026075e-08
11.1410000514984	0.02	-0.02	2.70081179672947e-07	3.02385381324075e-08	-3.02385381324075e-08
11.1810000133514	0.02	-0.02	2.74863652440144e-07	2.78856823761571e-08	-2.78856823761571e-08
11.2210000348091	0.02	-0.02	2.43398058941043e-07	2.54868251149249e-08	-2.54868251149249e-08
11.2609999966621	0.02	-0.02	7.4258645848428e-07	7.6754722798345e-08	-7.6754722798345e-08
11.3010000181198	0.02	-0.02	3.41585504243389e-06	3.07673325226811e-07	-3.07673325226811e-07
11.3410000395775	0.02	-0.02	7.87999142288079e-07	7.31019790960644e-08	-7.31019790960644e-08
11.3810000014305	0.02	-0.02	3.02724923109137e-07	2.83742670514659e-08	-2.83742670514659e-08
11.4210000228882	0.02	-0.02	1.74885617250456e-07	1.9382252519229e-08	-1.9382252519229e-08
11.4610000443459	0.02	-0.02	2.01609646421847e-07	2.41502167432187e-08	-2.41502167432187e-08
11.5010000061989	0.02	-0.02	3.72262950038606e-07	3.90228491114826e-08	-3.90228491114826e-08
11.5410000276566	0.02	-0.02	4.99121980856932e-07	7.33846678151589e-08	-7.33846678151589e-08
11.5810000491142	0.02	-0.02	7.78116714131179e-07	1.0086504855016e-07	-1.0086504855016e-07
11.6210000109673	0.02	-0.02	5.76883285758579e-07	6.19679062120901e-08	-6.19679062120901e-08
11.6610000324249	0.02	-0.02	3.17651485042257e-07	3.43795349594389e-08	-3.43795349594389e-08
11.7010000538826	0.02	-0.02	4.39262535220086e-07	4.98028762602624e-08	-4.98028762602624e-08
11.7410000157356	0.02	-0.02	8.21331383028188e-07	9.20967628531357e-08	-9.20967628531357e-08
11.7810000371933	0.02	-0.02	5.06271425049977e-07	4.74675304501917e-08	-4.74675304501917e-08
11.8209999990463	0.02	-0.02	1.7249249660157e-07	1.91028743948604e-08	-1.91028743948604e-08
11.861000020504	0.02	-0.02	9.11379513600388e-08	9.8410851149943e-09	-9.8410851149943e-09
11.9010000419617	0.02	-0.02	5.79649919864165e-08	7.09650084254993e-09	-7.09650084254993e-09
11.9410000038147	0.02	-0.02	1.20229873239076e-07	1.1806960619143e-08	-1.1806960619143e-08
11.9810000252724	0.02	-0.02	9.31998158521425e-08	1.08867365382742e-08	-1.08867365382742e-08
12.02100004673	0.02	-0.02	5.14082894786022e-08	4.70549652847193e-09	-4.70549652847193e-09
12.0610000085831	0.02	-0.02	4.02821159557021e-08	4.33148738818606e-09	-4.33148738818606e-09
12.1010000300407	0.02	-0.02	1.90435611228523e-07	2.27568108140376e-08	-2.27568108140376e-08
12.1410000514984	0.02	-0.02	4.63746465516949e-07	5.84721260478209e-08	-5.84721260478209e-08
12.1810000133514	0.02	-0.02	3.12436932449158e-07	3.88381161989534e-08	-3.88381161989534e-08
12.2210000348091	0.02	-0.02	2.23423092521452e-07	2.73030798716581e-08	-2.73030798716581e-08
12.2609999966621	0.02	-0.02	1.65156906369212e-07	2.07433230688578e-08	-2.07433230688578e-08
12.3010000181198	0.02	-0.02	1.68652257865751e-07	1.71299413125005e-08	-1.71299413125005e-08
12.3410000395775	0.02	-0.02	1.44435263693511e-07	1.96699050681483e-08	-1.96699050681483e-08
12.3810000014305	0.02	-0.02	1.66592801989435e-07	1.93549634118791e-08	-1.93549634118791e-08
12.4210000228882	0.02	-0.02	1.07228060662934e-07	1.36879007109837e-08	-1.36879007109837e-08
12.4610000443459	0.02	-0.02	9.14561395829169e-08	1.10328202883208e-08	-1.10328202883208e-08
12.5010000061989	0.02	-0.02	6.76797858253025e-08	1.07827850415904e-08	-1.07827850415904e-08
12.5410000276566	0.02	-0.02	1.39674309341273e-07	1.69757917587235e-08	-1.69757917587235e-08
12.5810000491142	0.02	-0.02	4.21542396813621e-07	5.02183761958434e-08	-5.02183761958434e-08
12.6210000109673	0.02	-0.02	7.62740233972045e-07	8.04126067874608e-08	-8.04126067874608e-08
12.6610000324249	0.02	-0.02	2.9428334838428e-07	3.60816732480947e-08	-3.60816732480947e-08
12.7010000538826	0.02	-0.02	1.74560719850658e-07	1.90573008024803e-08	-1.90573008024803e-08
12.7410000157356	0.02	-0.02	1.78172060154372e-07	2.07381934172684e-08	-2.07381934172684e-08
12.7810000371933	0.02	-0.02	1.68817738496783e-07	2.07015804451639e-08	-2.07015804451639e-08
12.8209999990463	0.02	-0.02	2.01258306951879e-07	2.23302784037503e-08	-2.23302784037503e-08
12.861000020504	0.02	-0.02	2.0459913807315e-07	2.62279714317101e-08	-2.62279714317101e-08
12.9010000419617	0.02	-0.02	3.8019478870191e-07	3.87758991845501e-08	-3.87758991845501e-08
12.9410000038147	0.02	-0.02	2.7454886239575e-07	3.29462856210401e-08	-3.29462856210401e-08
12.9810000252724	0.02	-0.02	2.16667782803999e-07	2.7222805115665e-08	-2.7222805115665e-08
13.02100004673	0.02	-0.02	1.61142598415401e-07	2.10119861220803e-08	-2.10119861220803e-08
13.0610000085831	0.02	-0.02	1.16673612368834e-07	1.60103536774943e-08	-1.60103536774943e-08
13.1010000300407	0.02	-0.02	7.95820809333332e-08	1.20880656781365e-08	-1.20880656781365e-08
13.1410000514984	0.02	-0.02	2.07947808961961e-07	2.22682604941838e-08	-2.22682604941838e-08
13.1810000133514	0.02	-0.02	3.89787171686251e-07	4.49531154129959e-08	-4.49531154129959e-08
13.2210000348091	0.02	-0.02	5.61184847746332e-07	6.61460038012673e-08	-6.61460038012673e-08
13.2609999966621	0.02	-0.02	5.56950781254556e-07	6.68904359066569e-08	-6.68904359066569e-08
13.3010000181198	0.02	-0.02	3.1054712033265e-07	4.63135313761065e-08	-4.63135313761065e-08
13.3410000395775	0.02	-0.02	2.03366586447741e-07	2.29137469282847e-08	-2.29137469282847e-08
13.3810000014305	0.02	-0.02	6.95956699253925e-08	1.00710527973845e-08	-1.00710527973845e-08
13.4210000228882	0.02	-0.02	5.03188420647828e-08	6.68511955965913e-09	-6.68511955965913e-09
13.4610000443459	0.02	-0.02	5.05986538211529e-08	7.14329059036417e-09	-7.14329059036417e-09
13.5010000061989	0.02	-0.02	6.32674638379719e-08	7.87049690207448e-09	-7.87049690207448e-09
13.5410000276566	0.02	-0.02	5.17667689995159e-08	8.09304043958111e-09	-8.09304043958111e-09
13.5810000491142	0.02	-0.02	6.64775492161541e-08	9.55769057927466e-09	-9.55769057927466e-09
13.6210000109673	0.02	-0.02	1.07370330974411e-07	1.47334191900263e-08	-1.47334191900263e-08
13.6610000324249	0.02	-0.02	1.99780308155448e-07	2.27850519046391e-08	-2.27850519046391e-08
13.7010000538826	0.02	-0.02	2.23856661663025e-07	3.19657407621391e-08	-3.19657407621391e-08
13.7410000157356	0.02	-0.02	4.42806888479659e-07	6.56076117992448e-08	-6.56076117992448e-08
13.7810000371933	0.02	-0.02	5.00086573787487e-07	7.96711515511373e-08	-7.96711515511373e-08
13.8209999990463	0.02	-0.02	2.57263043137761e-07	4.4774136593039e-08	-4.4774136593039e-08
13.861000020504	0.02	-0.02	1.44050117880082e-07	2.61033232425452e-08	-2.61033232425452e-08
13.9010000419617	0.02	-0.02	1.28311327568354e-07	1.77333588124097e-08	-1.77333588124097e-08
13.9410000038147	0.02	-0.02	1.43011550183107e-07	1.67186955676871e-08	-1.67186955676871e-08
13.9810000252724	0.02	-0.02	1.08967920698359e-07	1.49166943574695e-08	-1.49166943574695e-08
14.02100004673	0.02	-0.02	1.58510452421391e-07	1.54946481805491e-08	-1.54946481805491e-08
14.0610000085831	0.02	-0.02	1.45101396281486e-07	1.53629039571704e-08	-1.53629039571704e-08
14.1010000300407	0.02	-0.02	1.75013969778802e-07	2.19313922671426e-08	-2.19313922671426e-08
14.1410000514984	0.02	-0.02	5.79427019243661e-07	6.43424170222601e-08	-6.43424170222601e-08
14.1810000133514	0.02	-0.02	7.33339590402815e-07	7.8031056342135e-08	-7.8031056342135e-08
14.2210000348091	0.02	-0.02	2.85162724292243e-07	3.47821901816048e-08	-3.47821901816048e-08
14.2609999966621	0.02	-0.02	1.42867346324622e-07	1.8196544847212e-08	-1.8196544847212e-08
14.3010000181198	0.02	-0.02	1.6838392380576e-07	2.0474453582625e-08	-2.0474453582625e-08
14.3410000395775	0.02	-0.02	2.04894243609334e-07	2.9494902504165e-08	-2.9494902504165e-08
14.3810000014305	0.02	-0.02	4.63522420669538e-07	6.11904206840397e-08	-6.11904206840397e-08
14.4210000228882	0.02	-0.02	6.09669423514494e-07	8.08128413626941e-08	-8.08128413626941e-08
14.4610000443459	0.02	-0.02	4.01987891394722e-07	4.93760467001158e-08	-4.93760467001158e-08
14.5010000061989	0.02	-0.02	2.28541044694869e-07	2.83164482065312e-08	-2.83164482065312e-08
14.5410000276566	0.02	-0.02	1.11862356000271e-07	1.65474990010975e-08	-1.65474990010975e-08
14.5810000491142	0.02	-0.02	7.14690584862773e-08	9.95488820539733e-09	-9.95488820539733e-09
14.6210000109673	0.02	-0.02	5.36108591580378e-08	5.93474564049408e-09	-5.93474564049408e-09
14.6610000324249	0.02	-0.02	4.09959213819101e-08	6.07942504529138e-09	-6.07942504529138e-09
14.7010000538826	0.02	-0.02	1.192932539816e-07	1.50943888143253e-08	-1.50943888143253e-08
14.7410000157356	0.02	-0.02	3.39874246929475e-07	3.83286037460548e-08	-3.83286037460548e-08
14.7810000371933	0.02	-0.02	8.64078501349016e-07	9.35991317384853e-08	-9.35991317384853e-08
14.8209999990463	0.02	-0.02	6.87261602394055e-07	9.01774482995267e-08	-9.01774482995267e-08
14.861000020504	0.02	-0.02	1.36438403847926e-07	2.00980448908833e-08	-2.00980448908833e-08
14.9010000419617	0.02	-0.02	1.28931617895785e-07	1.44538826629497e-08	-1.44538826629497e-08
14.9410000038147	0.02	-0.02	1.27621315888029e-06	1.2549041995969e-07	-1.2549041995969e-07
14.9810000252724	0.02	-0.02	5.0668133558087e-07	6.61763597670571e-08	-6.61763597670571e-08
15.02100004673	0.02	-0.02	1.97644578524598e-07	2.03489650243694e-08	-2.03489650243694e-08
15.0610000085831	0.02	-0.02	9.85050632432897e-08	1.07153006644354e-08	-1.07153006644354e-08
15.1010000300407	0.02	-0.02	1.93906793100977e-07	2.24858270547725e-08	-2.24858270547725e-08
15.1410000514984	0.02	-0.02	3.81727643768716e-07	4.56959860858978e-08	-4.56959860858978e-08
15.1810000133514	0.02	-0.02	5.23295564048583e-07	7.16319992845364e-08	-7.16319992845364e-08
15.2210000348091	0.02	-0.02	3.1901728318259e-07	3.80787867116508e-08	-3.80787867116508e-08
15.2609999966621	0.02	-0.02	1.63037625676921e-07	2.07894579813765e-08	-2.07894579813765e-08
15.3010000181198	0.02	-0.02	1.16902158875996e-07	1.3417744652468e-08	-1.3417744652468e-08
15.3410000395775	0.02	-0.02	6.80129204138425e-08	9.06992678148352e-09	-9.06992678148352e-09
15.3810000014305	0.02	-0.02	6.46763268061334e-08	7.54828052051287e-09	-7.54828052051287e-09
15.4210000228882	0.02	-0.02	5.44916748475951e-08	5.86081618539088e-09	-5.86081618539088e-09
15.4610000443459	0.02	-0.02	3.51067856008742e-08	4.99873146286008e-09	-4.99873146286008e-09
15.5010000061989	0.02	-0.02	5.46871563713105e-08	6.91197199646798e-09	-6.91197199646798e-09
15.5410000276566	0.02	-0.02	7.85667318688775e-08	9.4298683504476e-09	-9.4298683504476e-09
15.5810000491142	0.02	-0.02	9.90330187415515e-08	1.14789016346176e-08	-1.14789016346176e-08
15.6210000109673	0.02	-0.02	1.23075281721156e-07	1.23220965041622e-08	-1.23220965041622e-08
15.6610000324249	0.02	-0.02	8.30491555553009e-08	1.03777124253538e-08	-1.03777124253538e-08
15.7010000538826	0.02	-0.02	7.19106282383816e-08	8.2904243394671e-09	-8.2904243394671e-09
15.7410000157356	0.02	-0.02	6.52515589653668e-08	7.93313499412754e-09	-7.93313499412754e-09
15.7810000371933	0.02	-0.02	1.30569686600618e-07	1.78258448642583e-08	-1.78258448642583e-08
15.8209999990463	0.02	-0.02	1.64533448030898e-07	2.58112805477529e-08	-2.58112805477529e-08
15.861000020504	0.02	-0.02	1.37624126475937e-07	1.39301120335528e-08	-1.39301120335528e-08
15.9010000419617	0.02	-0.02	1.08059938149322e-07	1.13778938067235e-08	-1.13778938067235e-08
15.9410000038147	0.02	-0.02	1.81678928400995e-07	2.00761051628392e-08	-2.00761051628392e-08
15.9810000252724	0.02	-0.02	3.72762373237265e-07	3.63317109478752e-08	-3.63317109478752e-08
16.02100004673	0.02	-0.02	4.72919502183513e-07	4.73691869901819e-08	-4.73691869901819e-08
16.0610000085831	0.02	-0.02	3.76383233177988e-07	5.38622321573759e-08	-5.38622321573759e-08
16.1010000300407	0.02	-0.02	6.79593819627448e-07	7.61987511401733e-08	-7.61987511401733e-08
16.1410000514984	0.02	-0.02	4.74482805034109e-07	5.76531336122208e-08	-5.76531336122208e-08
16.1810000133514	0.02	-0.02	1.48181910460176e-07	1.74931589337714e-08	-1.74931589337714e-08
16.2210000348091	0.02	-0.02	3.90873106491464e-08	7.25499283870875e-09	-7.25499283870875e-09
16.2609999966621	0.02	-0.02	6.58283570159111e-08	7.53965364326237e-09	-7.53965364326237e-09
16.3010000181198	0.02	-0.02	9.28931926301178e-08	1.00188627941081e-08	-1.00188627941081e-08
16.3410000395775	0.02	-0.02	2.23578444217566e-07	2.89702535343208e-08	-2.89702535343208e-08
16.3810000014305	0.02	-0.02	4.90898421257276e-07	8.40494792367889e-08	-8.40494792367889e-08
16.4210000228882	0.02	-0.02	3.86106928213803e-07	4.74003011630956e-08	-4.74003011630956e-08
16.4610000443459	0.02	-0.02	1.79193643044559e-07	1.89518764908364e-08	-1.89518764908364e-08
16.5010000061989	0.02	-0.02	7.21716321345588e-08	7.58523864887682e-09	-7.58523864887682e-09
16.5410000276566	0.02	-0.02	9.787259260163e-08	1.14810715126874e-08	-1.14810715126874e-08
16.5810000491142	0.02	-0.02	2.06895478607629e-07	2.56112923111565e-08	-2.56112923111565e-08
16.6210000109673	0.02	-0.02	2.78642234767946e-07	3.76907665036438e-08	-3.76907665036438e-08
16.6610000324249	0.02	-0.02	1.74509089097688e-07	2.41476268527794e-08	-2.41476268527794e-08
16.7010000538826	0.02	-0.02	1.54833025088646e-07	2.19187166884677e-08	-2.19187166884677e-08
16.7410000157356	0.02	-0.02	2.33999865355551e-07	3.02422824186866e-08	-3.02422824186866e-08
16.7810000371933	0.02	-0.02	2.95607426342127e-07	3.13433380746049e-08	-3.13433380746049e-08
16.8209999990463	0.02	-0.02	1.69519214620748e-07	1.84471395510892e-08	-1.84471395510892e-08
16.861000020504	0.02	-0.02	9.51519517614272e-08	1.06377126756385e-08	-1.06377126756385e-08
16.9010000419617	0.02	-0.02	5.9832442920033e-08	7.71111507789784e-09	-7.71111507789784e-09
16.9410000038147	0.02	-0.02	9.00667506355515e-08	9.46987055321041e-09	-9.46987055321041e-09
16.9810000252724	0.02	-0.02	7.86161451714739e-08	9.17018922763873e-09	-9.17018922763873e-09
17.02100004673	0.02	-0.02	5.10590688184842e-08	9.24451380951649e-09	-9.24451380951649e-09
17.0610000085831	0.02	-0.02	8.61576700803935e-08	1.10787422415336e-08	-1.10787422415336e-08
17.1010000300407	0.02	-0.02	1.34546079974263e-07	2.13340910979495e-08	-2.13340910979495e-08
17.1410000514984	0.02	-0.02	3.30984704209055e-07	4.26285268911051e-08	-4.26285268911051e-08
17.1810000133514	0.02	-0.02	3.85878374257545e-07	5.79733931768318e-08	-5.79733931768318e-08
17.2210000348091	0.02	-0.02	2.21689738336745e-07	3.14458550299622e-08	-3.14458550299622e-08
17.2609999966621	0.02	-0.02	1.34638137573353e-07	1.94425077398987e-08	-1.94425077398987e-08
17.3010000181198	0.02	-0.02	9.6729999343384e-08	1.60410777805824e-08	-1.60410777805824e-08
17.3410000395775	0.02	-0.02	1.62681701447973e-07	2.52492321810178e-08	-2.52492321810178e-08
17.3810000014305	0.02	-0.02	2.25819885865383e-07	3.91743309590773e-08	-3.91743309590773e-08
17.4210000228882	0.02	-0.02	5.15392415476721e-07	6.74830089080985e-08	-6.74830089080985e-08
17.4610000443459	0.02	-0.02	3.90758335227153e-07	7.89543702442142e-08	-7.89543702442142e-08
17.5010000061989	0.02	-0.02	4.17582623193794e-07	6.98159458953614e-08	-6.98159458953614e-08
17.5410000276566	0.02	-0.02	3.72118520861369e-07	5.06281024922292e-08	-5.06281024922292e-08
17.5810000491142	0.02	-0.02	3.36307629142591e-07	5.47591022370751e-08	-5.47591022370751e-08
17.6210000109673	0.02	-0.02	4.49860545306774e-07	1.01004802104739e-07	-1.01004802104739e-07
17.6610000324249	0.02	-0.02	1.1425534882427e-06	2.01978709536734e-07	-2.01978709536734e-07
17.7010000538826	0.02	-0.02	3.32764063365677e-07	8.06256535619137e-08	-8.06256535619137e-08
17.7410000157356	0.02	-0.02	1.46823190365181e-07	2.55593648071748e-08	-2.55593648071748e-08
17.7810000371933	0.02	-0.02	5.41023125735604e-08	8.72920040602091e-09	-8.72920040602091e-09
17.8209999990463	0.02	-0.02	4.76655987523376e-08	7.23894430263297e-09	-7.23894430263297e-09
17.861000020504	0.02	-0.02	5.85912233795915e-08	7.66992209601527e-09	-7.66992209601527e-09
17.9010000419617	0.02	-0.02	7.87659580475226e-08	9.31591170202237e-09	-9.31591170202237e-09
17.9410000038147	0.02	-0.02	6.01496442390321e-08	1.04191974083184e-08	-1.04191974083184e-08
17.9810000252724	0.02	-0.02	1.0501279928064e-07	1.2488249602369e-08	-1.2488249602369e-08
18.02100004673	0.02	-0.02	9.50955566179877e-08	1.36358948349837e-08	-1.36358948349837e-08
18.0610000085831	0.02	-0.02	1.71760227347696e-07	2.87067044059024e-08	-2.87067044059024e-08
18.1010000300407	0.02	-0.02	3.47962259820633e-07	5.67717740323033e-08	-5.67717740323033e-08
18.1410000514984	0.02	-0.02	6.0217379406144e-07	8.36543597891179e-08	-8.36543597891179e-08
18.1810000133514	0.02	-0.02	4.09584101824332e-07	5.82687123544708e-08	-5.82687123544708e-08
18.2210000348091	0.02	-0.02	2.93904661448868e-07	3.8124094651978e-08	-3.8124094651978e-08
18.2609999966621	0.02	-0.02	1.78235561451429e-07	2.36040344342405e-08	-2.36040344342405e-08
18.3010000181198	0.02	-0.02	8.03959708737235e-08	1.42370139194635e-08	-1.42370139194635e-08
18.3410000395775	0.02	-0.02	7.54690916762257e-08	1.31240121268333e-08	-1.31240121268333e-08
18.3810000014305	0.02	-0.02	1.91172942588862e-07	2.67370969693749e-08	-2.67370969693749e-08
18.4210000228882	0.02	-0.02	4.00835768362652e-07	5.37342089765021e-08	-5.37342089765021e-08
18.4610000443459	0.02	-0.02	7.76432036263365e-07	1.08877754709365e-07	-1.08877754709365e-07
18.5010000061989	0.02	-0.02	1.18163026843267e-06	1.68629612271177e-07	-1.68629612271177e-07
18.5410000276566	0.02	-0.02	1.170760513057e-06	1.54338023388696e-07	-1.54338023388696e-07
18.5810000491142	0.02	-0.02	2.94586927098251e-07	4.37851431094147e-08	-4.37851431094147e-08
18.6210000109673	0.02	-0.02	1.81091080750899e-07	2.03135381005036e-08	-2.03135381005036e-08
18.6610000324249	0.02	-0.02	1.22147810163191e-07	1.60365966396836e-08	-1.60365966396836e-08
18.7010000538826	0.02	-0.02	1.50018375689869e-07	1.80547647834254e-08	-1.80547647834254e-08
18.7410000157356	0.02	-0.02	2.57794587426434e-07	3.74967313060754e-08	-3.74967313060754e-08
18.7810000371933	0.02	-0.02	4.26308462102053e-07	6.13136736197805e-08	-6.13136736197805e-08
18.8209999990463	0.02	-0.02	5.06068158065604e-07	6.52109609051726e-08	-6.52109609051726e-08
18.861000020504	0.02	-0.02	4.758263987624e-07	7.58463184841975e-08	-7.58463184841975e-08
18.9010000419617	0.02	-0.02	7.34352895865578e-07	1.07958962856548e-07	-1.07958962856548e-07
18.9410000038147	0.02	-0.02	7.19155468559312e-07	1.13977513039128e-07	-1.13977513039128e-07
18.9810000252724	0.02	-0.02	3.48181677268232e-07	5.19662651449852e-08	-5.19662651449852e-08
19.02100004673	0.02	-0.02	1.92422158553427e-07	2.78341297578103e-08	-2.78341297578103e-08
19.0610000085831	0.02	-0.02	1.40470354550314e-07	2.33144293974526e-08	-2.33144293974526e-08
19.1010000300407	0.02	-0.02	1.45559943196276e-07	2.1116905250806e-08	-2.1116905250806e-08
19.1410000514984	0.02	-0.02	1.35494755713478e-07	2.17223733413571e-08	-2.17223733413571e-08
19.1810000133514	0.02	-0.02	2.30831039404884e-07	3.19125073528282e-08	-3.19125073528282e-08
19.2210000348091	0.02	-0.02	8.24529365319084e-07	1.20804428354545e-07	-1.20804428354545e-07
19.2609999966621	0.02	-0.02	8.98053366862518e-07	1.74914730629912e-07	-1.74914730629912e-07
19.3010000181198	0.02	-0.02	3.11676219855902e-07	5.66929868809854e-08	-5.66929868809854e-08
19.3410000395775	0.02	-0.02	9.82205594457399e-08	1.80038479132603e-08	-1.80038479132603e-08
19.3810000014305	0.02	-0.02	1.58899403128702e-07	3.21602578102395e-08	-3.21602578102395e-08
19.4210000228882	0.02	-0.02	3.70341680417076e-07	7.79526956881037e-08	-7.79526956881037e-08
19.4610000443459	0.02	-0.02	1.02549035164631e-06	1.99737538697581e-07	-1.99737538697581e-07
19.5010000061989	0.02	-0.02	6.27485876138966e-07	1.6647603846388e-07	-1.6647603846388e-07
19.5410000276566	0.02	-0.02	7.22765961894934e-07	1.25864566218434e-07	-1.25864566218434e-07
19.5810000491142	0.02	-0.02	4.75376496192711e-07	8.74142096743679e-08	-8.74142096743679e-08
19.6210000109673	0.02	-0.02	2.85412778608709e-07	4.91773382751843e-08	-4.91773382751843e-08
19.6610000324249	0.02	-0.02	1.18015144820269e-07	2.83672195402089e-08	-2.83672195402089e-08
19.7010000538826	0.02	-0.02	1.02739794422219e-07	1.75284206918526e-08	-1.75284206918526e-08
19.7410000157356	0.02	-0.02	1.13144945038415e-07	2.15935047286142e-08	-2.15935047286142e-08
19.7810000371933	0.02	-0.02	1.87821527879563e-07	3.12087633630261e-08	-3.12087633630261e-08
19.8209999990463	0.02	-0.02	1.72149249369846e-07	3.20698873527914e-08	-3.20698873527914e-08
19.861000020504	0.02	-0.02	9.73921511035659e-08	1.74450425848806e-08	-1.74450425848806e-08
19.9010000419617	0.02	-0.02	6.2371272464201e-08	9.90363550326746e-09	-9.90363550326746e-09
19.9410000038147	0.02	-0.02	8.4760865772486e-08	1.65406216910034e-08	-1.65406216910034e-08
19.9810000252724	0.02	-0.02	1.81824509950949e-07	3.62705777424383e-08	-3.62705777424383e-08
20.02100004673	0.02	-0.02	4.31051719984133e-07	7.88316530927197e-08	-7.88316530927197e-08
20.0610000085831	0.02	-0.02	3.36099730425711e-07	6.38520768025054e-08	-6.38520768025054e-08
20.1010000300407	0.02	-0.02	1.70688319862573e-07	4.0404404518269e-08	-4.0404404518269e-08
20.1410000514984	0.02	-0.02	1.27688277963493e-07	2.69422464817315e-08	-2.69422464817315e-08
20.1810000133514	0.02	-0.02	1.06763238631923e-07	2.11192632213601e-08	-2.11192632213601e-08
20.2210000348091	0.02	-0.02	6.79920365933135e-08	2.21984983347572e-08	-2.21984983347572e-08
20.2609999966621	0.02	-0.02	1.60856476070111e-07	2.67798616038678e-08	-2.67798616038678e-08
20.3010000181198	0.02	-0.02	1.62895632622837e-07	3.1993164557296e-08	-3.1993164557296e-08
20.3410000395775	0.02	-0.02	1.76157192856156e-07	3.35971322000243e-08	-3.35971322000243e-08
20.3810000014305	0.02	-0.02	2.33935728175465e-07	4.88457885621167e-08	-4.88457885621167e-08
20.4210000228882	0.02	-0.02	3.99915506477007e-07	6.69654494900269e-08	-6.69654494900269e-08
20.4610000443459	0.02	-0.02	4.75625967938552e-07	8.65657182773612e-08	-8.65657182773612e-08
20.5010000061989	0.02	-0.02	6.54450655121166e-07	1.15182527336406e-07	-1.15182527336406e-07
20.5410000276566	0.02	-0.02	5.95426568613431e-07	1.14701886403473e-07	-1.14701886403473e-07
20.5810000491142	0.02	-0.02	4.45013007892746e-07	9.53758737217198e-08	-9.53758737217198e-08
20.6210000109673	0.02	-0.02	4.76109664620639e-07	8.64741377728546e-08	-8.64741377728546e-08
20.6610000324249	0.02	-0.02	5.22266827018527e-07	9.04631946641112e-08	-9.04631946641112e-08
20.7010000538826	0.02	-0.02	5.25257191267417e-07	1.17135629757629e-07	-1.17135629757629e-07
20.7410000157356	0.02	-0.02	9.06123052136539e-07	1.81197458675217e-07	-1.81197458675217e-07
20.7810000371933	0.02	-0.02	1.14437216685627e-06	1.93976221962588e-07	-1.93976221962588e-07
20.8209999990463	0.02	-0.02	7.45058525223215e-07	1.52822435902158e-07	-1.52822435902158e-07
20.9210000228882	0.08	-0.08	1.79471545624347e-07	3.51302974920193e-08	-3.51302974920193e-08
21.0610000284513	0.06	-0.06	8.229351686307e-08	1.8536740070814e-08	-1.8536740070814e-08
21.1410000514984	0.02	-0.02	1.10509913377774e-07	2.64690998729821e-08	-2.64690998729821e-08
21.2210000149409	0.06	-0.06	4.78833864613881e-08	1.05786545100949e-08	-1.05786545100949e-08
21.3410000197093	0.06	-0.06	3.52420638697509e-08	1.25832789073648e-08	-1.25832789073648e-08
21.441000033617	0.04	-0.04	1.48358563338563e-07	3.62663338458524e-08	-3.62663338458524e-08
21.5210000169277	0.04	-0.04	2.08848894970046e-07	6.2188531768469e-08	-6.2188531768469e-08
21.6010000300407	0.04	-0.04	6.28930951031394e-07	1.18731579710296e-07	-1.18731579710296e-07
21.6810000431538	0.04	-0.04	5.3442099823634e-07	1.4183038981338e-07	-1.4183038981338e-07
21.7610000264645	0.04	-0.04	7.88020688604375e-07	1.76129589315665e-07	-1.76129589315665e-07
21.9210000228882	0.12	-0.12	6.12080474521308e-07	1.44623461810646e-07	-1.44623461810646e-07
22.1010000300407	0.06	-0.06	1.21346710692079e-06	3.01277033456737e-07	-3.01277033456737e-07
22.2210000149409	0.06	-0.06	1.85552979122293e-06	3.76556537477453e-07	-3.76556537477453e-07
22.4610000244776	0.18	-0.18	6.27052891694217e-07	1.35796260090764e-07	-1.35796260090764e-07
22.7010000340144	0.06	-0.06	5.5221678610116e-07	1.2114508809968e-07	-1.2114508809968e-07
22.8210000189145	0.06	-0.06	3.83255090773345e-07	8.92926927985628e-08	-8.92926927985628e-08
23.0010000260671	0.12	-0.12	2.05153404491042e-07	4.20669572878459e-08	-4.20669572878459e-08
23.1810000332197	0.06	-0.06	3.19799613945523e-07	7.01126680257718e-08	-7.01126680257718e-08
23.3010000181198	0.06	-0.06	2.64518665550488e-07	7.70782137535932e-08	-7.70782137535932e-08
23.3810000014305	0.02	-0.02	6.98173799250207e-07	1.44075526322382e-07	-1.44075526322382e-07
23.6410000266631	0.24	-0.24	2.47938122260504e-07	5.05757153760843e-08	-5.05757153760843e-08
23.9610000294447	0.08	-0.08	4.18436999851542e-07	9.86187795049374e-08	-9.86187795049374e-08
24.2210000215636	0.18	-0.18	3.17597692556268e-07	7.49627729789405e-08	-7.49627729789405e-08
24.9410000258905	0.54	-0.54	2.88350651977328e-07	4.6579052753093e-08	-4.6579052753093e-08
25.6610000258022	0.18	-0.18	2.59051361658286e-07	6.09479304211789e-08	-6.09479304211789e-08
25.9410000276566	0.1	-0.1	3.02936918775628e-07	7.42078073646613e-08	-7.42078073646613e-08
26.2410000216961	0.2	-0.2	1.696727819679e-07	4.67919856659674e-08	-4.67919856659674e-08
26.5210000318289	0.08	-0.08	2.91905736521422e-07	7.24011143499272e-08	-7.24011143499272e-08
26.6810000282526	0.08	-0.08	3.5936973943145e-07	7.75392189887104e-08	-7.75392189887104e-08
27.1210000242127	0.36	-0.36	2.04841348784885e-07	4.36967769011128e-08	-4.36967769011128e-08
27.841000026332	0.36	-0.36	2.27196185439075e-07	6.18400130805968e-08	-6.18400130805968e-08
28.5610000251399	0.36	-0.36	3.92328639679919e-07	8.80911193161334e-08	-8.80911193161334e-08
29.2810000239478	0.36	-0.36	3.36083540273297e-07	1.20772684227626e-07	-1.20772684227626e-07
30.0010000260671	0.36	-0.36	8.17259909679725e-07	1.55388201593874e-07	-1.55388201593874e-07
31.9610000249743	1.6	-1.6	3.73556255646228e-07	8.20698823685746e-08	-8.20698823685746e-08
37.021000025369	3.46	-3.46	3.68107790505127e-07	7.21496782280019e-08	-7.21496782280019e-08

## XRT - xrtwtflux
822.920	2.323	-2.058	7.69513321341151e-10	1.19173761034337e-10	-1.19192930207199e-10
827.394	1.744	-2.151	8.69420677952197e-10	1.29615353253576e-10	-1.29632471433632e-10
831.237	1.835	-2.099	8.26926531716552e-10	1.25630443640684e-10	-1.25641145159257e-10
834.664	1.878	-1.593	5.9853432143634e-10	1.12432120986309e-10	-1.12436426540889e-10
838.510	1.491	-1.967	5.50713228171078e-10	1.09635938809877e-10	-1.09638565594866e-10
842.121	1.556	-2.12	5.80551706881017e-10	1.05994303765796e-10	-1.05996797239912e-10
845.384	1.884	-1.708	6.52722331976407e-10	1.19170806730384e-10	-1.19173187213475e-10
849.032	1.876	-1.763	9.58067231857407e-10	1.51242633934798e-10	-1.51246293938553e-10
853.577	1.862	-2.67	4.73249094339163e-10	8.88971922112998e-11	-8.88985805657079e-11
857.419	1.716	-1.981	4.83318356377376e-10	1.05330311682703e-10	-1.05331481123612e-10
860.891	1.618	-1.755	6.1189816073279e-10	1.1494170193438e-10	-1.14943348382392e-10
864.547	2.241	-2.038	7.48451116688016e-10	1.11573267198767e-10	-1.11575811626059e-10
868.888	2.138	-2.1	6.28139380789731e-10	1.06599264258757e-10	-1.06601138878796e-10
872.849	2.245	-1.823	8.20749288644466e-10	1.22351057592394e-10	-1.22353867328554e-10
877.177	2.762	-2.083	6.8711202163205e-10	1.04386531594755e-10	-1.04388818464629e-10
881.597	1.770	-1.658	6.35006391495993e-10	1.22772608003969e-10	-1.22774288259184e-10
885.332	2.122	-1.964	5.48359342001213e-10	9.84887065627783e-11	-9.84902422876456e-11
889.711	1.820	-2.258	4.92376556779707e-10	9.24902109964557e-11	-9.24915377447081e-11
893.714	2.573	-2.182	6.35896608562391e-10	9.47944864257615e-11	-9.47966592130143e-11
898.293	1.719	-2.006	5.45245282113236e-10	9.95481776611978e-11	-9.95496786788349e-11
902.024	1.729	-2.011	6.09775878937672e-10	1.07232830433852e-10	-1.07234598446861e-10
905.370	2.042	-1.617	5.56054305815317e-10	1.04451674355895e-10	-1.04453274824066e-10
909.234	1.974	-1.822	6.31174482776751e-10	1.08246023121701e-10	-1.08248040485656e-10
913.111	1.415	-1.903	6.20593390033969e-10	1.19985920133268e-10	-1.19987774005481e-10
916.345	2.162	-1.818	5.361578150172e-10	1.00714269836981e-10	-1.00715947369193e-10
920.119	1.837	-1.612	6.0532901801122e-10	1.17034780189865e-10	-1.17036726506654e-10
923.584	2.014	-1.628	6.59045527485833e-10	1.14725626650966e-10	-1.14728110325523e-10
927.314	1.841	-1.715	5.79327653912986e-10	1.08823513608041e-10	-1.0882545680526e-10
931.247	2.168	-2.093	6.96606082101917e-10	1.05828769636876e-10	-1.05831672517357e-10
934.847	2.132	-1.431	5.82375687981743e-10	1.07517751122783e-10	-1.07519707162314e-10
939.065	1.730	-2.086	5.66775304298185e-10	1.03478982844248e-10	-1.03480979178405e-10
942.874	1.938	-2.079	5.11567027245722e-10	1.04911187987954e-10	-1.04912709148426e-10
946.501	1.811	-1.688	7.0355193461586e-10	1.24372134677215e-10	-1.24374620157089e-10
950.620	1.949	-2.308	5.28167191352678e-10	9.92133101093937e-11	-9.92150778436995e-11
954.466	2.388	-1.896	5.06337524916563e-10	9.24445867703873e-11	-9.2446255603085e-11
958.899	2.469	-2.045	4.34758723006829e-10	8.40565700313478e-11	-8.40580206080823e-11
963.247	2.002	-1.88	5.30405177448187e-10	9.68388011896764e-11	-9.68410167300547e-11
967.481	2.640	-2.232	6.22173910867026e-10	9.37969712753379e-11	-9.38001476486989e-11
971.744	2.769	-1.624	4.47823120881123e-10	8.91524189978548e-11	-8.91540359960439e-11
976.400	1.604	-1.887	6.01640952338833e-10	1.1301493208944e-10	-1.13017045110513e-10
980.307	2.146	-2.303	4.58016646541756e-10	8.8553303861592e-11	-8.85548106422692e-11
984.288	1.585	-1.835	5.99198340557851e-10	1.12556058314254e-10	-1.12558119915038e-10
987.933	1.904	-2.06	5.55861279980498e-10	1.01486374516197e-10	-1.01488272863162e-10
991.990	2.460	-2.153	7.1296207603652e-10	1.14590336499909e-10	-1.14593095707447e-10
996.337	1.774	-1.887	6.2517594919809e-10	1.17435830874171e-10	-1.17437846302316e-10
999.900	1.777	-1.789	6.02133169472326e-10	1.09934420149954e-10	-1.0993640204661e-10
1003.739	1.638	-2.062	5.52650339327103e-10	1.00900102132105e-10	-1.00901927131067e-10
1007.461	1.738	-2.083	5.21153731113345e-10	9.78958370768232e-11	-9.78975279323309e-11
1011.180	1.819	-1.981	5.47150881611863e-10	9.98960388934029e-11	-9.98979550333287e-11
1014.830	1.801	-1.83	6.07050608693483e-10	1.20851353720259e-10	-1.20853332060317e-10
1018.386	1.698	-1.755	7.04042862082969e-10	1.40160514194599e-10	-1.40162774137893e-10
1021.847	1.777	-1.764	7.49358505636357e-10	1.40762806765353e-10	-1.40765336179714e-10
1026.530	2.055	-2.905	5.41188798789752e-10	1.0463384444039e-10	-1.04635570412142e-10
1030.684	2.306	-2.099	5.57622792419471e-10	1.2152362540186e-10	-1.21525273137499e-10
1034.531	1.926	-1.542	6.97704642558995e-10	1.31059991356603e-10	-1.31062540368416e-10
1038.426	2.171	-1.969	7.70797124876856e-10	1.17099931500523e-10	-1.17103297432486e-10
1042.481	1.989	-1.884	5.41984820805446e-10	1.01808850866343e-10	-1.01810652293017e-10
1046.934	1.596	-2.464	5.29543392491014e-10	9.66813339818444e-11	-9.66831186324974e-11
1050.489	1.644	-1.958	5.52836262197837e-10	1.13374545147284e-10	-1.13376220742788e-10
1054.504	1.580	-2.371	5.51540713150528e-10	1.0360383502577e-10	-1.03605604507486e-10
1059.141	2.352	-3.056	3.78669472803165e-10	7.53853359395506e-11	-7.5386517449697e-11
1063.281	1.936	-1.788	5.65454620672877e-10	1.03237849189714e-10	-1.03239743725209e-10
1068.068	1.737	-2.851	4.2021419621903e-10	8.12445189203603e-11	-8.12458788526568e-11
1072.664	1.826	-2.859	4.15041195470482e-10	7.79631504295351e-11	-7.79644952225143e-11
1076.333	2.132	-1.844	4.9041117674265e-10	9.21210195500584e-11	-9.21226135694958e-11
1080.746	1.757	-2.28	5.12726006745097e-10	9.36109245750275e-11	-9.36127075638437e-11
1084.520	1.587	-2.018	5.91995878337163e-10	1.08083636826058e-10	-1.08085606287259e-10
1087.985	1.853	-1.878	5.66637036980457e-10	1.03453717438606e-10	-1.0345553847825e-10
1091.887	2.465	-2.049	4.63480939951709e-10	8.46199869596674e-11	-8.4621595897984e-11
1096.416	1.796	-2.065	5.97160053855891e-10	1.06009504368659e-10	-1.06011650028997e-10
1100.330	1.926	-2.118	4.77100376710494e-10	9.22429084862845e-11	-9.22445207451132e-11
1104.431	1.447	-2.175	5.53985477273524e-10	1.01143878058971e-10	-1.01145791834066e-10
1107.902	2.547	-2.024	5.02271875570331e-10	8.69938964841825e-11	-8.69957465692105e-11
1112.346	1.795	-1.897	5.40764371095003e-10	1.01579580458817e-10	-1.01581338081059e-10
1116.423	1.764	-2.282	4.75312754677304e-10	9.74762451052944e-11	-9.74776040434426e-11
1120.063	2.418	-1.877	5.03316218451659e-10	9.4545139862816e-11	-9.45468102126245e-11
1123.805	2.012	-1.324	6.95574746864655e-10	1.26994544337051e-10	-1.26996980037043e-10
1128.200	2.065	-2.383	5.35538614115411e-10	9.77759457639659e-11	-9.77777317773516e-11
1133.196	2.734	-2.931	3.89679749547185e-10	7.3199142827161e-11	-7.32003921938139e-11
1138.401	1.822	-2.471	4.85815943885089e-10	9.39279955928084e-11	-9.39295376359892e-11
1142.237	1.487	-2.015	6.10197003718305e-10	1.11406709161376e-10	-1.11408829382718e-10
1146.216	1.801	-2.492	4.67208864312858e-10	8.77626157459527e-11	-8.77641527735488e-11
1150.755	2.065	-2.739	6.1663879568322e-10	9.92561970903744e-11	-9.92585358916356e-11
1154.598	1.640	-1.778	5.91428595765601e-10	1.14347255306209e-10	-1.14349139887921e-10
1164.522	21.288	-8.284	5.79643365701479e-10	1.05828343767544e-10	-1.0583038209942e-10
1187.993	2.654	-2.182	4.10107422104916e-10	7.70364019237402e-11	-7.70378361173808e-11
1192.542	1.832	-1.896	5.73307009235998e-10	1.0769256469708e-10	-1.07694579965109e-10
1196.229	1.694	-1.855	6.25368720784997e-10	1.20909252097891e-10	-1.20911392263948e-10
1199.912	2.309	-1.989	5.45341620231182e-10	1.05436727607583e-10	-1.05438588636243e-10
1204.006	1.746	-1.784	6.67187863135742e-10	1.25327542669489e-10	-1.25329852174794e-10
1208.022	1.722	-2.27	5.87554669077208e-10	1.07272731993352e-10	-1.07274701757676e-10
1211.970	2.074	-2.226	7.73405417815177e-10	1.26959358082565e-10	-1.26962143095489e-10
1216.526	1.518	-2.482	5.82893360250117e-10	1.09493247443847e-10	-1.09495079912839e-10
1219.993	1.800	-1.95	5.7143063760125e-10	1.07340045403545e-10	-1.07341932131177e-10
1223.830	1.630	-2.037	5.32617380297916e-10	1.00049269574296e-10	-1.00051173228898e-10
1227.681	2.181	-2.221	4.71851828493092e-10	8.86347763183181e-11	-8.86364742274765e-11
1231.517	2.074	-1.655	5.49078045071058e-10	1.16050488539027e-10	-1.16052161321783e-10
1235.476	1.718	-1.885	6.89940676898109e-10	1.25965888495757e-10	-1.25968273451105e-10

## XRT - xrtpcflux
1249.489	6.023	-6.514	4.47216610544183e-10	1.00317935663359e-10	-1.00317935663359e-10
1262.089	5.959	-6.577	5.08800519421621e-10	1.04132954989368e-10	-1.04132954989368e-10
1275.222	7.870	-7.173	3.69990029907293e-10	7.9223803035404e-11	-7.9223803035404e-11
1289.246	6.383	-6.154	4.65050876160021e-10	9.7506116314811e-11	-9.7506116314811e-11
1301.175	6.990	-5.547	4.55937960988254e-10	1.00096815808522e-10	-1.00096815808522e-10
1319.093	9.131	-10.928	3.08804608526235e-10	6.62181305951144e-11	-6.62181305951144e-11
1336.115	7.153	-7.891	3.59086485955586e-10	8.02941548825959e-11	-8.02941548825959e-11
1351.806	9.013	-8.539	3.24616612981299e-10	6.94080631638494e-11	-6.94080631638494e-11
1367.958	7.905	-7.139	3.33173450070043e-10	7.47362238188558e-11	-7.47362238188558e-11
1384.750	8.664	-8.887	2.88643076856873e-10	6.33687921720592e-11	-6.33687921720592e-11
1401.433	7.025	-8.019	3.2665840642288e-10	7.33912194429286e-11	-7.33912194429286e-11
1416.649	11.867	-8.191	2.75345803480147e-10	5.88731953168868e-11	-5.88731953168868e-11
1437.052	11.523	-8.536	2.80348395459787e-10	6.02031952404313e-11	-6.02031952404313e-11
1454.837	8.782	-6.262	3.55409486573092e-10	7.94720020910352e-11	-7.94720020910352e-11
1473.799	9.878	-10.181	3.03539598083681e-10	6.37305425929025e-11	-6.37305425929025e-11
1494.736	11.507	-11.059	2.89360831929162e-10	5.96154109499189e-11	-5.96154109499189e-11
1511.935	9.352	-5.692	3.94694824236944e-10	8.45137301588506e-11	-8.45137301588506e-11
1529.176	9.662	-7.889	2.94182053612477e-10	6.61998521618316e-11	-6.61998521618316e-11
1547.230	9.159	-8.392	2.97593847079599e-10	6.65439922613764e-11	-6.65439922613764e-11
1567.318	9.129	-10.929	2.76318997089301e-10	5.90812850768286e-11	-5.90812850768286e-11
1588.158	8.348	-11.71	2.8469744779549e-10	5.98573367795159e-11	-5.98573367795159e-11
1607.046	9.519	-10.539	2.85969965962072e-10	5.88385711526951e-11	-5.88385711526951e-11
1627.841	8.782	-11.277	2.6059487594672e-10	5.8455670351893e-11	-5.8455670351893e-11
1650.281	8.908	-13.658	2.73944619437762e-10	6.02331595220616e-11	-6.02331595220616e-11
1672.503	14.266	-13.314	2.46216127851228e-10	5.27970509371539e-11	-5.27970509371539e-11
1691.896	4.903	-5.126	6.49152685617135e-10	1.38599114679686e-10	-1.38599114679686e-10
1705.820	8.531	-9.021	3.32201260921958e-10	7.4518121119822e-11	-7.4518121119822e-11
1722.286	7.108	-7.936	3.82891992717283e-10	8.40602920684595e-11	-8.40602920684595e-11
1740.247	9.205	-10.853	3.18013189512817e-10	6.49141664853013e-11	-6.49141664853013e-11
1762.463	12.063	-13.011	2.30847364720587e-10	4.84682304046732e-11	-4.84682304046732e-11
1783.413	8.664	-8.887	2.91350249696952e-10	6.38663828022825e-11	-6.38663828022825e-11
1806.353	13.305	-14.276	1.91114069470406e-10	4.31437171799569e-11	-4.31437171799569e-11
1826.877	7.825	-7.219	3.9916946818159e-10	8.75012235594737e-11	-8.75012235594737e-11
1845.225	7.027	-10.524	3.37444909729777e-10	7.5574517131837e-11	-7.5574517131837e-11
1859.270	8.026	-7.017	3.79848090710016e-10	8.50711798718852e-11	-8.50711798718852e-11
1875.868	6.473	-8.571	4.65563140141123e-10	9.32305602219074e-11	-9.32305602219074e-11
1897.553	9.861	-15.213	2.17555916336446e-10	4.75461992132233e-11	-4.75461992132233e-11
1919.188	10.792	-11.774	2.15694512616924e-10	4.84606512306459e-11	-4.84606512306459e-11
1936.017	6.499	-6.037	4.72856393038803e-10	1.00958453331009e-10	-1.00958453331009e-10
1961.207	11.397	-18.691	2.73833615150919e-10	5.38341707120139e-11	-5.38341707120139e-11
1980.744	11.918	-8.14	2.9897884368458e-10	6.7279260389726e-11	-6.7279260389726e-11
2004.165	11.063	-11.502	2.6470557157207e-10	5.65166620004772e-11	-5.65166620004772e-11
2027.695	10.099	-12.467	2.46750735529415e-10	5.39266458899826e-11	-5.39266458899826e-11
2046.692	6.146	-8.898	3.70269980404388e-10	8.29260158281917e-11	-8.29260158281917e-11
2066.943	10.968	-14.105	2.69266900234471e-10	5.63786008037697e-11	-5.63786008037697e-11
2089.412	11.065	-11.501	2.94546174027436e-10	6.35279936595874e-11	-6.35279936595874e-11
2115.131	12.927	-14.654	2.22093859307075e-10	4.98984142664082e-11	-4.98984142664082e-11
2138.075	12.548	-10.018	2.87636955775783e-10	6.15900288126543e-11	-6.15900288126543e-11
2164.399	11.298	-13.775	2.36475033369364e-10	5.19158294645193e-11	-5.19158294645193e-11
2184.468	8.779	-8.772	3.28445967626625e-10	7.37928273310755e-11	-7.37928273310755e-11
2208.097	12.731	-14.85	2.32904563473155e-10	5.09006080110488e-11	-5.09006080110488e-11
2233.602	12.300	-12.774	2.39569624191169e-10	5.39103926184207e-11	-5.39103926184207e-11
2258.178	10.289	-12.277	2.63001759282359e-10	5.89955573730662e-11	-5.89955573730662e-11
2286.132	9.916	-17.665	2.09717816859624e-10	4.69686021911239e-11	-4.69686021911239e-11
2305.194	8.405	-9.147	3.14854084918466e-10	7.06269270470909e-11	-7.06269270470909e-11
2324.037	9.620	-10.438	3.19328768874447e-10	6.57021677835414e-11	-6.57021677835414e-11
2341.551	9.657	-7.894	3.03162899472626e-10	6.85479955557811e-11	-6.85479955557811e-11
2365.988	12.801	-14.779	1.86894002030022e-10	4.22585015158775e-11	-4.22585015158775e-11
2393.224	10.639	-14.435	2.27404483202176e-10	4.76135281568835e-11	-4.76135281568835e-11
2425.081	21.398	-21.218	2.21605493777148e-10	3.57753799133865e-11	-3.57753799133865e-11
6633.996	14.751	-22.858	7.36653383174186e-11	1.61028703776965e-11	-1.61028703776965e-11
6662.304	14.024	-13.556	1.02499067638561e-10	2.19613393797595e-11	-2.19613393797595e-11
6696.377	17.560	-20.05	6.86204044162652e-11	1.53718193520705e-11	-1.53718193520705e-11
6729.727	14.298	-15.79	8.83122276774332e-11	1.98550846977766e-11	-1.98550846977766e-11
6770.218	21.446	-26.193	6.5676916424994e-11	1.43566373756114e-11	-1.43566373756114e-11
6816.973	22.330	-25.308	7.25361550676251e-11	1.63677702751705e-11	-1.63677702751705e-11
6862.608	19.319	-23.305	7.54598901970765e-11	1.70275077842849e-11	-1.70275077842849e-11
6902.753	19.291	-20.826	7.83337585778713e-11	1.72425054496953e-11	-1.72425054496953e-11
6942.694	14.452	-20.65	9.3568078442231e-11	1.95410667138516e-11	-1.95410667138516e-11
6973.332	11.395	-16.185	1.17018468250913e-10	2.44385303898203e-11	-2.44385303898203e-11
6996.878	10.415	-12.151	1.40690503075734e-10	2.94286872162214e-11	-2.94286872162214e-11
7028.095	14.300	-20.802	7.89326664816662e-11	1.76819018108865e-11	-1.76819018108865e-11
7059.045	13.438	-16.65	9.45598494328938e-11	2.06703049454059e-11	-2.06703049454059e-11
7096.910	28.227	-24.427	4.83263469159396e-11	1.08849464762664e-11	-1.08849464762664e-11
7146.818	15.928	-21.682	6.48875150894225e-11	1.45356211447492e-11	-1.45356211447492e-11
7181.302	19.054	-18.555	6.99770678059918e-11	1.53496719557648e-11	-1.53496719557648e-11
7228.722	16.766	-28.366	6.37560356813552e-11	1.36377375049258e-11	-1.36377375049258e-11
7262.282	20.815	-16.794	6.89271129334406e-11	1.56104255596453e-11	-1.56104255596453e-11
7304.522	16.186	-21.424	7.30376764611343e-11	1.59656569564238e-11	-1.59656569564238e-11
7341.507	21.824	-20.8	6.1352241640084e-11	1.38188745113748e-11	-1.38188745113748e-11
7381.055	12.364	-17.724	9.41472640490921e-11	2.06514763176917e-11	-2.06514763176917e-11
7416.159	14.870	-22.739	7.52203365980605e-11	1.65571925193078e-11	-1.65571925193078e-11
7453.335	15.304	-22.306	7.11321734514578e-11	1.59925261212367e-11	-1.59925261212367e-11
7484.808	18.933	-16.169	7.87869024637782e-11	1.71927184734879e-11	-1.71927184734879e-11
7520.154	11.167	-16.413	9.45687613423095e-11	2.0636600352255e-11	-2.0636600352255e-11
7552.741	16.191	-21.419	7.21372582425193e-11	1.54560492399571e-11	-1.54560492399571e-11
7586.727	14.799	-17.796	7.89820218093277e-11	1.77251135830453e-11	-1.77251135830453e-11
7613.521	15.586	-11.995	9.80121379930242e-11	2.13879990950004e-11	-2.13879990950004e-11
7652.662	21.577	-23.555	5.46381831017523e-11	1.22842038396844e-11	-1.22842038396844e-11
7692.353	14.481	-18.114	8.00395665815027e-11	1.71491900040493e-11	-1.71491900040493e-11
7727.882	29.098	-21.048	4.75449788319181e-11	1.0631380296924e-11	-1.0631380296924e-11
7779.235	30.399	-22.254	4.76511834798863e-11	1.04524225508278e-11	-1.04524225508278e-11
7832.250	17.501	-22.616	6.58412847066632e-11	1.43677492431009e-11	-1.43677492431009e-11
7884.078	28.356	-34.327	4.10199511776348e-11	9.34146993841899e-12	-9.34146993841899e-12
7935.862	21.703	-23.428	5.54614483675275e-11	1.24920391172333e-11	-1.24920391172333e-11
7979.748	20.442	-22.183	5.76893404236099e-11	1.29231321140629e-11	-1.29231321140629e-11
8021.153	16.647	-20.963	7.20136504780327e-11	1.54040891655388e-11	-1.54040891655388e-11
8057.345	23.079	-19.545	5.90481274988808e-11	1.32756851153393e-11	-1.32756851153393e-11
8112.261	35.232	-31.837	6.56196112931086e-11	1.47263282517672e-11	-1.47263282517672e-11
8200.076	47.020	-52.583	6.32111001456259e-11	1.0957323194203e-11	-1.0957323194203e-11
12415.579	34.344	-35.861	2.26509292936108e-11	4.96972809813621e-12	-4.96972809813621e-12
12488.132	47.039	-38.209	2.28116634208141e-11	5.12928927556849e-12	-5.12928927556849e-12
12621.913	71.218	-86.742	1.90898209915089e-11	4.01535638562532e-12	-4.01535638562532e-12
18314.937	26.584	-23.562	2.93399153104136e-11	6.57730498038057e-12	-6.57730498038057e-12
18383.879	40.384	-42.358	1.74087066242732e-11	3.92258382119301e-12	-3.92258382119301e-12
18464.731	52.302	-40.468	1.52883826176529e-11	3.42728881367778e-12	-3.42728881367778e-12
18533.826	35.861	-16.792	2.68659944031755e-11	6.00741930854272e-12	-6.00741930854272e-12
18612.030	52.935	-42.343	1.50784032906188e-11	3.38452382555445e-12	-3.38452382555445e-12
18693.040	27.086	-28.075	2.64572402400783e-11	5.96142664554751e-12	-5.96142664554751e-12
18772.229	38.160	-52.103	1.71551604825652e-11	3.76175595304031e-12	-3.76175595304031e-12
18855.125	50.541	-44.737	1.55588254924012e-11	3.50128375219192e-12	-3.50128375219192e-12
18951.662	36.746	-45.995	1.71973412407168e-11	3.86506908181151e-12	-3.86506908181151e-12
19023.378	30.220	-34.97	2.12009326724109e-11	4.75274042429736e-12	-4.75274042429736e-12
19101.399	37.447	-47.801	1.68829895670293e-11	3.69758231125238e-12	-3.69758231125238e-12
19172.684	33.860	-33.837	2.03307599924796e-11	4.55187545781976e-12	-4.55187545781976e-12
19247.395	49.412	-40.851	1.52593849342791e-11	3.45597288504665e-12	-3.45597288504665e-12
19333.025	46.524	-36.218	1.75786929746608e-11	3.9407208975678e-12	-3.9407208975678e-12
19418.400	33.861	-38.851	2.08316197139231e-11	4.66401337619296e-12	-4.66401337619296e-12
19522.539	57.595	-70.278	1.26581121863138e-11	2.71438231358605e-12	-2.71438231358605e-12
19619.364	38.496	-39.23	1.86354643784484e-11	4.1882847868151e-12	-4.1882847868151e-12
19699.467	41.135	-41.606	1.74975943540349e-11	3.92254041228529e-12	-3.92254041228529e-12
19785.167	48.206	-44.565	1.6379332785868e-11	3.58727570222152e-12	-3.58727570222152e-12
19885.007	43.644	-51.634	1.50290040003054e-11	3.37774017942623e-12	-3.37774017942623e-12
19981.034	37.881	-52.383	1.57647031696285e-11	3.53406870374372e-12	-3.53406870374372e-12
20118.201	83.064	-99.287	1.22871888887252e-11	2.37136079698576e-12	-2.37136079698576e-12
24145.605	141.894	-215.902	9.20067456348952e-12	2.0698100618237e-12	-2.0698100618237e-12
24405.461	105.190	-117.961	1.53926219616531e-11	3.30207376041528e-12	-3.30207376041528e-12
24729.036	225.409	-218.386	7.0393563754174e-12	1.6054957492175e-12	-1.6054957492175e-12
25100.228	127.515	-145.783	1.12745108051783e-11	2.54987450521462e-12	-2.54987450521462e-12
25388.446	127.638	-160.703	1.07918160266241e-11	2.42775787815355e-12	-2.42775787815355e-12
25760.468	208.568	-244.383	1.04587911257024e-11	1.9739433977209e-12	-1.9739433977209e-12
35957.719	116.904	-108.754	7.07882361061672e-12	1.59676183450629e-12	-1.59676183450629e-12
36163.743	91.406	-89.12	6.50875188619281e-12	1.69430787336843e-12	-1.69430787336843e-12
36345.128	88.040	-89.979	8.75945970173007e-12	1.96895047650271e-12	-1.96895047650271e-12
36546.092	70.111	-112.923	8.44640856048277e-12	1.89526804285133e-12	-1.89526804285133e-12
36708.942	72.744	-92.739	9.07299211489769e-12	2.04479037395445e-12	-2.04479037395445e-12
36903.552	76.212	-121.866	5.87996583657497e-12	1.4828904024246e-12	-1.4828904024246e-12
37093.108	107.299	-113.345	4.8167645029372e-12	1.25680165933371e-12	-1.25680165933371e-12
37365.177	240.232	-164.77	3.91673553357423e-12	9.12301985557687e-13	-9.12301985557687e-13
42121.467	143.113	-212.537	3.57194698689787e-12	9.68356429378803e-13	-9.68356429378803e-13
42345.565	64.439	-80.986	1.04252073173926e-11	2.28013599429042e-12	-2.28013599429042e-12
42503.796	111.807	-93.793	5.19244508789936e-12	1.35501765728582e-12	-1.35501765728582e-12
42699.720	108.947	-84.116	5.54778310974134e-12	1.44311772255575e-12	-1.44311772255575e-12
43032.960	348.688	-224.293	4.40657277920481e-12	8.87487333780096e-13	-8.87487333780096e-13
47937.344	163.707	-207.376	2.86231583463442e-12	7.51770242321167e-13	-7.51770242321167e-13
48306.874	96.867	-205.824	3.88247413139991e-12	1.01642765273218e-12	-1.01642765273218e-12
48512.423	129.513	-108.682	4.49627016343561e-12	1.17585816283869e-12	-1.17585816283869e-12
48879.958	270.958	-238.022	4.09464738890636e-12	7.67496132788799e-13	-7.67496132788799e-13
54220.864	130.003	-103.177	4.73900884170064e-12	1.24078372140727e-12	-1.24078372140727e-12
54603.143	315.313	-252.276	3.46013831687757e-12	7.37362575549106e-13	-7.37362575549106e-13
58888.021	263.479	-209.749	3.10281890540301e-12	7.59578925913934e-13	-7.59578925913934e-13
70365.281	216.956	-194.243	3.10668795596307e-12	8.0716985629951e-13	-8.0716985629951e-13
70789.273	251.803	-207.035	2.78197769668963e-12	7.20997718527847e-13	-7.20997718527847e-13
71807.117	421.027	-766.041	2.0912151893112e-12	4.65871894655853e-13	-4.65871894655853e-13
76194.608	276.529	-270.064	2.24663075622264e-12	5.89747172065192e-13	-5.89747172065192e-13
76694.628	212.782	-223.491	2.85972216928163e-12	7.45360562814643e-13	-7.45360562814643e-13
77389.090	585.021	-481.68	1.7995760677185e-12	4.44733592704756e-13	-4.44733592704756e-13
81959.626	224.836	-261.582	2.23138519944043e-12	5.82346916714051e-13	-5.82346916714051e-13
82444.432	208.898	-259.97	2.31133917212071e-12	6.04026419555707e-13	-6.04026419555707e-13
83053.983	704.461	-400.652	2.00749601833456e-12	4.10809531289064e-13	-4.10809531289064e-13
87846.219	359.327	-375.316	1.53209179130622e-12	4.02917062738469e-13	-4.02917062738469e-13
88566.699	408.592	-361.153	1.91558325717256e-12	4.47554597190037e-13	-4.47554597190037e-13
93969.531	923.037	-731.427	1.2707180621686e-12	2.54121629445897e-13	-2.54121629445897e-13
123218.489	4677.928	-1116.571	6.28690184868535e-13	1.78458168877904e-13	-1.78458168877904e-13
128933.653	949.502	-1037.236	8.51697611080095e-13	1.93692568567317e-13	-1.93692568567317e-13
134352.705	1230.156	-681.929	9.7778341067203e-13	2.2110349538426e-13	-2.2110349538426e-13
204187.786	10625.008	-7020.869	4.78754282666658e-13	8.47388766058283e-14	-8.47388766058283e-14
262923.982	5295.362	-8021.14	3.25305154444676e-13	7.99152287637015e-14	-7.99152287637015e-14
274681.390	4737.125	-2461.69	4.09411061074591e-13	1.09771987071036e-13	-1.09771987071036e-13
508680.429	386935.699	-103591.427	5.40906110410392e-14	1.54207385749806e-14	-1.54207385749806e-14
