READ TERR 1 2
! xrtwtslewflux
82.9208650357857	0.371254960864988	-0.399067037937215	2.78700493502064e-09	4.15525891455777e-10	-4.15549271622897e-10
83.5765463686684	0.263546605143716	-0.284426372017691	3.99736446845243e-09	5.96163126667944e-10	-5.96288649974322e-10
84.1922322290242	0.286538759066332	-0.352139255212066	3.87510221751415e-09	5.78554580951212e-10	-5.79102683274812e-10
84.7792052937363	0.318691716216179	-0.300434305645823	3.55772072647492e-09	5.30414363893063e-10	-5.30486466840872e-10
85.460235831272	0.2852991419755	-0.362338821319497	3.44990423282307e-09	5.14564076028731e-10	-5.14626139471875e-10
86.0721185125854	0.264077449946583	-0.326583539337918	3.80090723906069e-09	5.67045714369475e-10	-5.67091911595424e-10
86.7746382984396	0.472454680617687	-0.43844233590761	2.48901026581299e-09	3.71376984395312e-10	-3.71398285055165e-10
87.6907733299994	0.380028660135807	-0.443680350942103	2.79558892223207e-09	4.1748769069944e-10	-4.17475244652835e-10
88.4394603296253	0.337627673636277	-0.368658339490111	3.33903458940996e-09	4.99830508511133e-10	-5.00068515466678e-10
89.2302631117992	0.630449850454383	-0.453175108537621	2.24425428331779e-09	3.37746332119736e-10	-3.3922332031493e-10
90.3059559380034	0.518999065361172	-0.445242975749835	2.65242652144073e-09	4.04716058969816e-10	-4.11813360093606e-10
91.2430297118999	0.491958262267033	-0.418074708535258	3.44123800836926e-09	5.15895825686459e-10	-5.39779578035833e-10
NO NO NO NO NO NO
! xrtwtflux
99.663	0.641	-0.707	2.41442191745445e-09	4.88645070782752e-10	-4.80339647142721e-10
101.270	0.782	-0.966	1.9184376239543e-09	3.60391060652933e-10	-3.65997926032658e-10
102.875	0.786	-0.824	2.05196003929675e-09	3.68664440622661e-10	-3.8017914827987e-10
104.409	0.850	-0.747	2.06794856193553e-09	3.7462399692975e-10	-3.8595868974822e-10
105.934	0.683	-0.675	2.39862531559524e-09	4.26877172488484e-10	-4.39587338476422e-10
107.609	0.922	-0.992	1.70089720293329e-09	2.9337125926567e-10	-3.00654438420954e-10
109.543	0.938	-1.012	1.51603594651837e-09	2.56940891829498e-10	-2.62235729789348e-10
111.444	0.698	-0.964	1.57899334554129e-09	2.61277431299725e-10	-2.64994028732812e-10
112.824	0.518	-0.682	2.22725702281204e-09	3.6149048959844e-10	-3.66551495783013e-10
113.769	0.412	-0.428	3.30524733153315e-09	5.20133421614509e-10	-5.2714848761305e-10
114.596	0.416	-0.415	3.15067114444947e-09	5.23845533765706e-10	-5.2935590338338e-10
115.408	0.327	-0.396	3.85326688681332e-09	6.12886396971196e-10	-6.18196184450686e-10
116.093	0.351	-0.359	4.0855836828073e-09	6.3913701192102e-10	-6.44974681764099e-10
116.804	0.414	-0.36	4.76495153648166e-09	6.95729963018313e-10	-7.0313035174829e-10
117.594	0.377	-0.376	5.82960182836274e-09	7.57459951783782e-10	-7.6560783494094e-10
118.332	0.436	-0.361	5.55816907054019e-09	7.1835342485741e-10	-7.25081502429692e-10
119.169	0.403	-0.401	5.6206608285458e-09	7.19787840283288e-10	-7.24745144402525e-10
119.980	0.397	-0.408	5.3894383837464e-09	7.12398273885362e-10	-7.16346472437472e-10
120.698	0.378	-0.322	5.96595317944496e-09	7.72467520963093e-10	-7.77564477341829e-10
121.392	0.322	-0.316	6.26305653518275e-09	8.11845790318456e-10	-8.17446006433882e-10
122.087	0.323	-0.373	5.8931828658236e-09	7.55346909217275e-10	-7.60740149453574e-10
122.812	0.312	-0.403	5.87277220825317e-09	7.51926345887426e-10	-7.57078257480234e-10
123.549	0.298	-0.424	5.81495402109849e-09	7.43387986291859e-10	-7.48174597701712e-10
124.135	0.299	-0.288	6.9365108269809e-09	8.96998948054987e-10	-9.02609541707195e-10
124.816	0.355	-0.381	5.77448429020674e-09	7.39179660613028e-10	-7.44200672556617e-10
125.524	0.325	-0.353	6.87440226065124e-09	8.90998827986491e-10	-8.97123163748926e-10
126.245	0.399	-0.396	5.85191866125872e-09	7.68391983283143e-10	-7.73830356278064e-10
126.995	0.352	-0.351	6.10416802792485e-09	7.80531690610603e-10	-7.85603473881008e-10
127.710	0.345	-0.363	5.63884627816276e-09	7.29676480175385e-10	-7.34372355844564e-10
128.363	0.322	-0.308	6.25401694084273e-09	7.9876771031761e-10	-8.03705946483422e-10
129.048	0.402	-0.363	5.04824942422073e-09	6.41974588205119e-10	-6.45189256814464e-10
129.753	0.275	-0.303	4.42202401636846e-09	6.89759060611055e-10	-6.92075568920997e-10
130.380	0.336	-0.352	4.60443184557571e-09	6.42217796595821e-10	-6.45010622379685e-10
131.069	0.379	-0.352	5.17399219662056e-09	6.64711378112695e-10	-6.67688991326269e-10
131.824	0.382	-0.376	4.99502350892408e-09	6.38942661696807e-10	-6.41066447386305e-10
132.526	0.254	-0.32	4.47856907990724e-09	6.82130649060107e-10	-6.83428485289094e-10
133.040	0.317	-0.26	4.40904603674161e-09	6.83972508959052e-10	-6.85262436831953e-10
133.684	0.292	-0.327	6.15072054090004e-09	7.85550639586012e-10	-7.87843014160378e-10
134.298	0.338	-0.322	4.61416431699135e-09	6.50293370283337e-10	-6.51817597063788e-10
134.967	0.349	-0.331	3.7560348546298e-09	5.82053697749215e-10	-5.82994228810279e-10
135.598	0.303	-0.283	6.58516343031908e-09	8.2637678372633e-10	-8.27682730808656e-10
136.165	0.309	-0.264	4.41720864657303e-09	7.00621053195248e-10	-7.01374342001582e-10
136.890	0.301	-0.416	3.59429662694909e-09	5.46145716021883e-10	-5.46858499069401e-10
137.464	0.282	-0.273	4.63332745889214e-09	7.03925470193354e-10	-7.04820116892295e-10
138.111	0.303	-0.366	3.78294284389358e-09	5.86614936333934e-10	-5.87662198328637e-10
138.788	0.364	-0.373	5.13567745422827e-09	6.56446218219531e-10	-6.58500218913614e-10
139.455	0.310	-0.304	4.17604996332821e-09	6.36548255687133e-10	-6.37888478005646e-10
140.103	0.311	-0.338	3.94433418103903e-09	6.02214373855472e-10	-6.03743066620355e-10
140.793	0.320	-0.379	3.74428803545273e-09	5.64757027144632e-10	-5.65967660074236e-10
141.534	0.383	-0.421	3.07172780519912e-09	4.84943437794041e-10	-4.85725935621167e-10
142.200	0.344	-0.283	4.04442984055571e-09	6.15568040031702e-10	-6.16627181838056e-10
142.897	0.316	-0.352	3.78720362640268e-09	5.76448440867403e-10	-5.77447729392209e-10
143.506	0.291	-0.293	4.52439132118524e-09	6.85390552516218e-10	-6.86368234399881e-10
144.065	0.365	-0.268	4.03312851830947e-09	6.24904845887272e-10	-6.25891997555299e-10
144.793	0.395	-0.363	3.32027176483796e-09	5.34260937608931e-10	-5.35159680962591e-10
145.526	0.361	-0.338	3.81437145620605e-09	5.80361223208291e-10	-5.81311445994296e-10
146.207	0.314	-0.32	4.26331463417591e-09	6.48827070029463e-10	-6.49929091671132e-10
146.866	0.282	-0.346	4.3020649886644e-09	6.55180895530005e-10	-6.5641080061888e-10
147.504	0.344	-0.355	3.7560335420278e-09	5.93442385040562e-10	-5.94519535647651e-10
148.181	0.384	-0.333	3.71885477181703e-09	5.78105829132645e-10	-5.79513436144682e-10
148.975	0.303	-0.41	3.68590279273122e-09	5.83236029389212e-10	-5.84525060707819e-10
149.671	0.390	-0.393	3.45997788893814e-09	5.27342259328761e-10	-5.28437297614981e-10
150.399	0.329	-0.338	4.06594212575692e-09	6.19149431688997e-10	-6.20293187956392e-10
151.023	0.404	-0.295	3.89401098591483e-09	5.92407636555274e-10	-5.93359306186524e-10
151.794	0.378	-0.367	3.67065746697695e-09	5.59185670875493e-10	-5.60277934715281e-10
152.629	0.399	-0.457	3.18418048653481e-09	5.02838923087506e-10	-5.03686699767917e-10
153.548	0.515	-0.52	2.64569951974525e-09	4.17215022640113e-10	-4.17770332564411e-10
154.412	0.389	-0.348	3.73781250016809e-09	5.89354397232746e-10	-5.90118713048902e-10
155.249	0.359	-0.448	3.40118368615049e-09	5.49660917535025e-10	-5.50273826708599e-10
155.930	0.253	-0.322	4.89093125683871e-09	7.56576700400086e-10	-7.57465009458304e-10
156.601	0.363	-0.418	3.60466542587341e-09	5.57699103395273e-10	-5.58376930651186e-10
157.465	0.558	-0.501	2.70391349571995e-09	4.11341895878937e-10	-4.12000098607208e-10
158.479	0.467	-0.456	3.10764544442681e-09	4.74671106628956e-10	-4.75930020418171e-10
159.537	0.588	-0.591	2.40424956308364e-09	3.7434468362379e-10	-3.75417489962412e-10
160.653	0.557	-0.528	2.65824282403827e-09	4.05556578916836e-10	-4.06506434684418e-10
161.828	0.626	-0.618	2.29436318391659e-09	3.55851656172938e-10	-3.56504386878573e-10
162.937	0.436	-0.482	3.15461308216035e-09	4.81558032239975e-10	-4.82758437549694e-10
163.764	0.560	-0.392	3.11271136577788e-09	4.70680772062295e-10	-4.72004861700792e-10
165.065	0.641	-0.741	2.07603226800445e-09	3.23105138865313e-10	-3.23994276754395e-10
166.296	0.496	-0.589	2.69398201098588e-09	4.10850864696716e-10	-4.11771198139547e-10
167.232	0.563	-0.441	2.881289023843e-09	4.48510051681306e-10	-4.49764947003262e-10
168.469	0.646	-0.674	2.16745417708827e-09	3.43566350828743e-10	-3.44486809113408e-10
169.715	0.550	-0.6	2.57425676312667e-09	3.92228640987654e-10	-3.93012327191777e-10
170.838	0.786	-0.573	2.12694713630826e-09	3.37418437521563e-10	-3.38395627184941e-10
172.354	0.686	-0.731	2.117962905917e-09	3.26341000238317e-10	-3.27986256966498e-10
173.754	0.720	-0.714	2.08573717849682e-09	3.26891200129109e-10	-3.28416644012702e-10
175.031	0.751	-0.557	2.34048668694742e-09	3.61337226919385e-10	-3.6335105383257e-10
176.540	0.512	-0.758	2.4277683689544e-09	3.74697579349542e-10	-3.76758391573323e-10
177.579	0.498	-0.527	2.9820056390957e-09	4.68440248847195e-10	-4.70925605234754e-10
178.866	0.638	-0.789	2.15551654294888e-09	3.38303952566564e-10	-3.40014792789563e-10
180.366	0.751	-0.863	1.94093719197899e-09	2.99237816605254e-10	-3.00794522555145e-10
181.587	0.516	-0.47	3.15441742690214e-09	4.88408982984093e-10	-4.91520161517027e-10
182.823	0.664	-0.72	2.2296772537165e-09	3.44749422014635e-10	-3.46815704389192e-10
184.089	0.651	-0.602	2.462039838445e-09	3.81665680540697e-10	-3.84221977715266e-10
185.389	0.619	-0.65	2.43892370873516e-09	3.77617841241903e-10	-3.80022502866947e-10
186.692	0.569	-0.684	2.45134276590451e-09	3.79874375829356e-10	-3.82383216820142e-10
187.968	0.660	-0.708	2.22756837325701e-09	3.45612928281579e-10	-3.48008065304754e-10
189.479	0.640	-0.851	1.9974810772625e-09	3.16394863787588e-10	-3.1878475191674e-10
190.694	0.608	-0.575	2.54749906739406e-09	3.97950273103097e-10	-4.0143202003224e-10
191.930	0.851	-0.628	2.03509901444912e-09	3.2187936727269e-10	-3.24183293992536e-10
193.452	0.626	-0.671	2.39011564220224e-09	3.71548531397736e-10	-3.74316310139034e-10
194.629	0.593	-0.551	2.74083291826836e-09	4.27069379951478e-10	-4.3051824813558e-10
195.973	0.767	-0.751	2.06172265388236e-09	3.26341125569227e-10	-3.2874227708666e-10
197.612	0.555	-0.872	2.26107366590413e-09	3.51965297697923e-10	-3.5471461620363e-10
198.821	0.755	-0.654	2.31716890013306e-09	3.61716095501607e-10	-3.64812968576249e-10
200.295	0.750	-0.72	2.22197838237882e-09	3.5207735567193e-10	-3.54769912691318e-10
202.017	0.793	-0.971	1.88140527475262e-09	2.98317593839891e-10	-3.0065147099755e-10
203.504	0.799	-0.694	2.28932954039759e-09	3.57177606629064e-10	-3.60185601341706e-10
205.318	0.954	-1.015	1.69906942768217e-09	2.75225989549061e-10	-2.77586593460793e-10
206.981	0.704	-0.709	2.42160074088662e-09	3.86101350931852e-10	-3.89692657981009e-10
208.789	0.749	-1.104	1.88308151834052e-09	2.94811474420468e-10	-2.97563791119869e-10
210.365	0.926	-0.826	2.00230489885722e-09	3.12403988298312e-10	-3.1503660358686e-10
212.150	0.840	-0.859	2.04749184834787e-09	3.26919460144042e-10	-3.3008308415947e-10
213.968	0.821	-0.978	1.97349422421219e-09	3.08443988592843e-10	-3.11184607273704e-10
215.545	1.101	-0.756	1.89687231094564e-09	3.017694324973e-10	-3.04399722665065e-10
217.509	1.274	-0.862	1.67000269192514e-09	2.66083239828987e-10	-2.68509520255674e-10
219.946	0.938	-1.163	1.71123055095754e-09	2.72082154395009e-10	-2.74410190234095e-10
221.921	0.995	-1.037	1.75473214383997e-09	2.84612723973478e-10	-2.87152188080559e-10
224.102	1.380	-1.186	1.34174799890722e-09	2.25358071229647e-10	-2.27201749531007e-10
226.659	0.988	-1.177	1.62349361504596e-09	2.62812778273798e-10	-2.65020779078437e-10
228.632	0.895	-0.986	1.86889545595453e-09	3.0427909947206e-10	-3.07299193775333e-10
230.849	1.302	-1.322	1.3133718756676e-09	2.13228044924672e-10	-2.15184792660666e-10
233.815	1.537	-1.663	1.08017096447524e-09	1.70994213105575e-10	-1.73089040389455e-10
237.543	1.568	-2.191	8.6379864750805e-10	1.38668585495859e-10	-1.40208218278678e-10
240.882	1.784	-1.771	8.49972018057357e-10	1.40778452985276e-10	-1.42116162700561e-10
245.132	2.332	-2.466	6.16835667812067e-10	1.0074774351033e-10	-1.01832320312931e-10
249.742	2.425	-2.278	6.14960476018713e-10	1.00323721201314e-10	-1.0137191102535e-10
254.736	2.760	-2.57	5.07819522116421e-10	8.69351475009537e-11	-8.76437390202324e-11
260.149	2.564	-2.653	5.38322089869815e-10	8.57750991974253e-11	-8.65578172985024e-11
264.764	1.929	-2.051	4.58524752255339e-10	8.89190206564076e-11	-8.94719786301265e-11
269.229	2.741	-2.536	3.18645729528252e-10	6.72870007947214e-11	-6.76857037314588e-11
273.615	2.203	-1.645	4.62055477200665e-10	8.9610244061884e-11	-9.01693565571374e-11
278.672	3.158	-2.854	2.64263306497757e-10	5.72345130617078e-11	-5.75052684245016e-11
NO NO NO NO NO NO
! xrtpcflux
289.782	5.404	-4.625	2.01874648408214e-10	4.52887477055507e-11	-4.52887477055507e-11
299.728	5.487	-4.542	2.28651116718667e-10	4.87485619826942e-11	-4.87485619826942e-11
314.071	8.696	-8.855	1.22259411501048e-10	2.75181129647377e-11	-2.75181129647377e-11
330.962	9.356	-8.196	1.53128353543864e-10	3.13855718579754e-11	-3.13855718579754e-11
350.305	10.071	-9.988	1.14645039998156e-10	2.56354132193463e-11	-2.56354132193463e-11
372.684	20.287	-12.308	7.67827992921396e-11	1.72255285881519e-11	-1.72255285881519e-11
405.494	12.550	-12.523	1.11212892550643e-10	2.43445100941764e-11	-2.43445100941764e-11
434.015	11.610	-15.97	9.65102633148976e-11	2.17225108256601e-11	-2.17225108256601e-11
457.292	10.899	-11.667	1.29290747959674e-10	2.70359178685105e-11	-2.70359178685105e-11
479.786	10.970	-11.596	1.19440884713279e-10	2.60641418569732e-11	-2.60641418569732e-11
510.569	12.783	-19.812	9.34572033611063e-11	1.95986985164607e-11	-1.95986985164607e-11
537.820	15.619	-14.469	8.46039100566633e-11	1.89490122124888e-11	-1.89490122124888e-11
565.938	10.067	-12.499	1.02659787489662e-10	2.30686524170827e-11	-2.30686524170827e-11
596.617	27.027	-20.612	4.72660656622641e-11	1.0586332321894e-11	-1.0586332321894e-11
638.260	17.979	-14.616	7.68337494819115e-11	1.72937134047711e-11	-1.72937134047711e-11
674.661	11.665	-18.422	9.92505063137371e-11	2.07838640357968e-11	-2.07838640357968e-11
704.302	17.128	-17.975	6.89545193616179e-11	1.5494750405493e-11	-1.5494750405493e-11
732.322	11.673	-10.893	1.06437417655367e-10	2.32627966247125e-11	-2.32627966247125e-11
769.842	16.777	-25.847	6.16474949108714e-11	1.38984887530999e-11	-1.38984887530999e-11
802.989	16.225	-16.37	9.29747085009658e-11	2.09958632861771e-11	-2.09958632861771e-11
834.991	16.818	-15.777	1.04632759207475e-10	2.28327437028533e-11	-2.28327437028533e-11
871.439	15.473	-19.63	7.9399722097301e-11	1.7812606545528e-11	-1.7812606545528e-11
912.937	16.599	-26.026	5.94648654175315e-11	1.3384338689515e-11	-1.3384338689515e-11
949.453	15.185	-19.917	8.82395324082875e-11	1.84517124791324e-11	-1.84517124791324e-11
995.989	23.810	-31.351	5.23742195798933e-11	1.18665298456987e-11	-1.18665298456987e-11
1051.655	23.305	-31.856	5.11631300080044e-11	1.12347296898209e-11	-1.12347296898209e-11
1095.492	14.571	-20.532	7.36561851604714e-11	1.65785130095832e-11	-1.65785130095832e-11
1133.765	31.458	-23.703	4.98606123859454e-11	1.12041652187087e-11	-1.12041652187087e-11
1198.599	24.292	-33.376	6.02099244522586e-11	1.28751020257766e-11	-1.28751020257766e-11
1257.672	20.380	-34.781	5.61459115216468e-11	1.25958208046232e-11	-1.25958208046232e-11
1304.657	28.556	-26.605	5.72004255041081e-11	1.28113668168736e-11	-1.28113668168736e-11
1367.278	31.125	-34.065	4.79189014441825e-11	1.05554356548227e-11	-1.05554356548227e-11
1424.881	28.683	-26.478	4.94412250771564e-11	1.10735093845908e-11	-1.10735093845908e-11
1484.056	24.668	-30.492	4.56551784190039e-11	1.02591636333982e-11	-1.02591636333982e-11
1534.400	24.471	-25.675	5.27619406688383e-11	1.16039985024801e-11	-1.16039985024801e-11
1583.614	27.911	-24.743	4.71280361692107e-11	1.0590131098694e-11	-1.0590131098694e-11
1639.361	17.295	-27.837	6.4383696229225e-11	1.41599880292208e-11	-1.41599880292208e-11
1680.684	21.103	-24.029	6.8688061794664e-11	1.54602955862888e-11	-1.54602955862888e-11
1726.861	35.102	-25.074	5.09390826566614e-11	1.14277181253462e-11	-1.14277181253462e-11
1793.211	28.928	-31.248	5.07819923410226e-11	1.09242364166587e-11	-1.09242364166587e-11
1860.552	31.791	-38.414	4.09837818202179e-11	8.77693618244966e-12	-8.77693618244966e-12
1914.724	30.272	-22.381	4.83865334997449e-11	1.08729256621515e-11	-1.08729256621515e-11
1979.415	30.773	-34.418	3.90616153066233e-11	8.76311765385879e-12	-8.76311765385879e-12
2034.478	15.826	-24.291	6.73266149497433e-11	1.50546881389469e-11	-1.50546881389469e-11
2085.829	29.665	-35.525	4.35992812380418e-11	9.79718111212145e-12	-9.79718111212145e-12
2147.739	35.453	-32.244	3.99116128161817e-11	9.01297988357486e-12	-9.01297988357486e-12
2204.564	41.311	-21.372	4.16835002980394e-11	9.38210956823571e-12	-9.38210956823571e-12
2265.273	23.226	-19.398	7.39193515157352e-11	1.65831357549377e-11	-1.65831357549377e-11
2311.278	19.845	-22.779	7.66305027884364e-11	1.72196277247931e-11	-1.72196277247931e-11
2376.603	37.252	-45.479	6.52303726080091e-11	1.16744485244885e-11	-1.16744485244885e-11
5893.280	40.417	-49.846	1.56335348057416e-11	3.51580605677904e-12	-3.51580605677904e-12
5965.884	27.989	-32.186	2.40857376477905e-11	5.39188169407967e-12	-5.39188169407967e-12
6030.413	33.665	-36.54	2.37462168008441e-11	5.07850042153911e-12	-5.07850042153911e-12
6107.529	36.784	-43.45	1.9378970198542e-11	4.34317216990088e-12	-4.34317216990088e-12
6186.725	55.372	-42.413	1.57184012112363e-11	3.52277450909012e-12	-3.52277450909012e-12
6281.298	38.526	-39.2	2.00047123888286e-11	4.5039966885061e-12	-4.5039966885061e-12
6356.030	31.491	-36.206	2.49450405879815e-11	5.5970236181871e-12	-5.5970236181871e-12
6442.430	50.398	-54.909	1.82451137732207e-11	4.02511093457847e-12	-4.02511093457847e-12
6525.650	37.383	-32.821	2.46043134884163e-11	5.50797098903905e-12	-5.50797098903905e-12
6597.536	25.672	-34.503	2.95039214527003e-11	6.33622352734025e-12	-6.33622352734025e-12
6652.268	31.116	-29.059	2.55032366349481e-11	5.74197246382307e-12	-5.74197246382307e-12
6721.330	37.274	-37.946	1.90744726597176e-11	4.27492857368364e-12	-4.27492857368364e-12
6797.559	38.771	-38.956	1.76493846313813e-11	3.96914711121469e-12	-3.96914711121469e-12
6878.928	30.114	-42.598	1.93739141042334e-11	4.35697402222056e-12	-4.35697402222056e-12
6949.750	32.004	-40.708	1.92384236559698e-11	4.31167325069357e-12	-4.31167325069357e-12
7024.594	37.394	-42.84	1.70008344707169e-11	3.8145486924916e-12	-3.8145486924916e-12
7096.312	25.851	-34.324	2.24140617587456e-11	5.02913687479632e-12	-5.02913687479632e-12
7173.146	36.774	-50.982	1.70740567902344e-11	3.83097790579332e-12	-3.83097790579332e-12
7255.771	36.889	-45.852	2.0331325762014e-11	4.56182539062833e-12	-4.56182539062833e-12
7353.255	64.771	-60.595	1.2306376311737e-11	2.76123300935078e-12	-2.76123300935078e-12
7476.143	42.175	-58.118	1.31648084358569e-11	2.95722618007476e-12	-2.95722618007476e-12
7553.387	40.151	-35.068	1.73163565809166e-11	3.89872251999484e-12	-3.89872251999484e-12
7622.351	28.855	-28.813	2.42579224041927e-11	5.4366331053085e-12	-5.4366331053085e-12
7710.543	66.029	-59.337	1.16760116969661e-11	2.61979509161941e-12	-2.61979509161941e-12
7830.876	48.495	-54.305	1.42419062577989e-11	3.12821723243997e-12	-3.12821723243997e-12
7920.838	43.782	-41.467	1.59397070049903e-11	3.58055472026737e-12	-3.58055472026737e-12
8046.592	138.869	-81.972	8.76348360068838e-12	1.91458071649044e-12	-1.91458071649044e-12
11665.712	87.724	-75.252	1.00870383632789e-11	2.28267283218633e-12	-2.28267283218633e-12
11817.912	85.962	-64.477	1.0456937479536e-11	2.34941868526991e-12	-2.34941868526991e-12
12001.442	75.437	-97.568	9.8915961588803e-12	2.22505730261043e-12	-2.22505730261043e-12
12155.163	74.663	-78.284	1.16870329284336e-11	2.61641125324488e-12	-2.61641125324488e-12
12283.698	51.434	-53.873	1.60170567303036e-11	3.59434544392411e-12	-3.59434544392411e-12
12463.885	84.370	-128.752	7.42311503070296e-12	1.66978758804153e-12	-1.66978758804153e-12
12644.089	79.677	-95.834	9.35584045169326e-12	2.01426861441955e-12	-2.01426861441955e-12
12811.060	65.653	-87.293	9.35084150604038e-12	2.09589718040448e-12	-2.09589718040448e-12
12988.770	88.527	-112.058	7.04515505192765e-12	1.58287411194048e-12	-1.58287411194048e-12
13158.325	74.426	-81.028	9.06120307603624e-12	2.0382653390877e-12	-2.0382653390877e-12
13337.324	103.534	-104.574	5.03674430368443e-12	1.31507693135978e-12	-1.31507693135978e-12
13560.028	126.547	-119.17	5.66769689069485e-12	1.28413168047419e-12	-1.28413168047419e-12
13797.713	150.896	-111.138	8.43697849255229e-12	1.83851326940245e-12	-1.83851326940245e-12
17482.318	68.178	-119.871	5.00458343207415e-12	1.31291997191608e-12	-1.31291997191608e-12
17661.323	72.206	-110.828	5.16950528145531e-12	1.35754768983005e-12	-1.35754768983005e-12
17821.973	99.605	-88.444	7.05194787441682e-12	1.58626155469238e-12	-1.58626155469238e-12
18021.313	123.416	-99.735	4.65847034110514e-12	1.21480752287919e-12	-1.21480752287919e-12
18301.270	111.741	-156.541	3.96815900329692e-12	1.04626802135075e-12	-1.04626802135075e-12
18510.472	98.110	-97.46	5.4719659244644e-12	1.43553436157194e-12	-1.43553436157194e-12
18710.442	71.144	-101.861	8.24628942516843e-12	1.85629901877895e-12	-1.85629901877895e-12
18872.613	109.558	-91.027	6.92389481166654e-12	1.55861868393615e-12	-1.55861868393615e-12
19068.469	104.258	-86.298	7.15048671311017e-12	1.60842624295152e-12	-1.60842624295152e-12
19240.083	105.648	-67.356	7.66416765839587e-12	1.72783522644804e-12	-1.72783522644804e-12
19539.207	169.996	-193.475	5.29438867621779e-12	1.15664552510089e-12	-1.15664552510089e-12
23253.609	73.857	-119.207	4.9846344946565e-12	1.29804143232357e-12	-1.29804143232357e-12
23411.639	174.080	-84.173	3.71565240803371e-12	9.72209600462e-13	-9.72209600462e-13
23778.211	183.606	-192.491	2.57706281037982e-12	6.76881223775353e-13	-6.76881223775353e-13
24118.354	136.818	-156.538	3.39510452962092e-12	8.84114240400457e-13	-8.84114240400457e-13
24422.492	131.050	-167.321	3.57688188975573e-12	9.14425320972619e-13	-9.14425320972619e-13
24714.602	144.832	-161.061	3.35663768742197e-12	8.79112122895519e-13	-8.79112122895519e-13
25105.764	389.734	-246.331	3.11163629602071e-12	6.08053425408592e-13	-6.08053425408592e-13
29239.340	305.071	-281.64	1.69585550151623e-12	4.46072663990122e-13	-4.46072663990122e-13
30016.654	204.731	-472.243	1.4467650420276e-12	3.79090339949689e-13	-3.79090339949689e-13
30784.922	482.000	-563.537	1.35766180522844e-12	2.95114693683117e-13	-2.95114693683117e-13
35868.083	1171.222	-1127.972	6.62764409858524e-13	1.32880464241947e-13	-1.32880464241947e-13
41521.721	1289.866	-1024.372	5.08489784423504e-13	1.16961968015632e-13	-1.16961968015632e-13
47231.403	1322.613	-970.541	5.55944129265072e-13	1.21953590259847e-13	-1.21953590259847e-13
55006.249	4211.165	-3007.981	4.89310980727528e-13	1.06171452559382e-13	-1.06171452559382e-13
115155.078	64917.542	-27580.115	4.7159418110179e-14	1.40390942652262e-14	-1.40390942652262e-14
211132.529	20899.340	-26360.567	3.10769907984153e-14	1.44869503082498e-14	-1.14180625111397e-14
NO NO NO NO NO NO
! batSNR4flux
0.240999985933304	0.24	-0.24	6.96150110555337e-09	1.66325433640007e-09	-1.66325433640007e-09
0.720999990105629	0.24	-0.24	1.15658779299962e-08	3.24325375608292e-09	-3.24325375608292e-09
1.08099998950958	0.12	-0.12	3.1888603016559e-08	7.28524950606706e-09	-7.28524950606706e-09
1.36099998325109	0.16	-0.16	4.43648118425764e-08	9.43751634333672e-09	-9.43751634333672e-09
1.6809999909997	0.16	-0.16	3.96574037869664e-08	1.47711176885386e-08	-1.47711176885386e-08
2.00099998384714	0.16	-0.16	9.59273151141323e-08	2.21460693263318e-08	-2.21460693263318e-08
2.3809999851747	0.22	-0.22	8.28510362164298e-08	2.60080515757827e-08	-2.60080515757827e-08
2.74099999019078	0.14	-0.14	8.8975596065201e-08	2.14550445492636e-08	-2.14550445492636e-08
3.36099998821815	0.48	-0.48	2.65962590689855e-08	5.60616187179981e-09	-5.60616187179981e-09
4.32099998662869	0.48	-0.48	5.53624797095569e-09	1.82160359074156e-09	-1.82160359074156e-09
5.28099998752276	0.48	-0.48	5.19566080738357e-09	1.29885501527509e-09	-1.29885501527509e-09
5.8809999815623	0.12	-0.12	1.54293838514972e-08	3.81069923855616e-09	-3.81069923855616e-09
6.2809999861036	0.28	-0.28	1.1329773515301e-08	3.21778646646175e-09	-3.21778646646175e-09
6.70099999427795	0.14	-0.14	2.58577706322231e-08	6.11088920694513e-09	-6.11088920694513e-09
7.38099998597746	0.54	-0.54	2.11103275759628e-08	4.87540826635319e-09	-4.87540826635319e-09
8.10099999030431	0.18	-0.18	4.28530231580575e-08	9.54852056976168e-09	-9.54852056976168e-09
8.48099998354911	0.2	-0.2	4.06151803150234e-08	9.64272056883205e-09	-9.64272056883205e-09
9.12099998658354	0.44	-0.44	3.05531005504687e-08	7.24050653227372e-09	-7.24050653227372e-09
10.4409999875589	0.88	-0.88	2.95511234373429e-08	6.17625054467901e-09	-6.17625054467901e-09
11.7609999885342	0.44	-0.44	5.08863688855612e-08	1.05196263187877e-08	-1.05196263187877e-08
13.5209999871254	1.32	-1.32	3.16544453402552e-08	7.59028079800574e-09	-7.59028079800574e-09
15.2809999857166	0.44	-0.44	6.93641518845501e-08	1.61905923710452e-08	-1.61905923710452e-08
16.3209999871254	0.6	-0.6	6.24488366254328e-08	1.56141454292083e-08	-1.56141454292083e-08
17.0609999915532	0.14	-0.14	1.44102167562422e-07	3.53947167148145e-08	-3.53947167148145e-08
17.8809999815623	0.12	-0.12	1.78704235535458e-07	4.16849422681113e-08	-4.16849422681113e-08
19.3209999882091	0.44	-0.44	1.07144436239619e-07	2.61078797677958e-08	-2.61078797677958e-08
20.7209999863803	0.960000000000001	-0.960000000000001	7.3349395231433e-08	1.54139807190035e-08	-1.54139807190035e-08
25.6209999870649	3.94	-3.94	2.38516153586602e-08	4.68629788913463e-09	-4.68629788913463e-09
