## BAT - batSNR4flux
0.0810000044107437	0.08	-0.08	1.29826394930209e-07	3.34470551787688e-08	-3.34470551787688e-08
0.201000024080276	0.04	-0.04	2.12145196410373e-07	4.86588091179026e-08	-4.86588091179026e-08
0.281000007390976	0.04	-0.04	2.5284403538373e-07	5.3703528362016e-08	-5.3703528362016e-08
0.361000020503998	0.04	-0.04	1.56356371944224e-07	5.68254283812308e-08	-5.68254283812308e-08
0.441000003814697	0.04	-0.04	2.59068494018008e-07	6.25280304988515e-08	-6.25280304988515e-08
0.521000016927719	0.04	-0.04	2.88468312652989e-07	6.73520633108375e-08	-6.73520633108375e-08
0.580999989509583	0.02	-0.02	6.53859980519992e-07	1.20023125875868e-07	-1.20023125875868e-07
0.621000010967255	0.02	-0.02	5.22921616210249e-07	1.22553877624031e-07	-1.22553877624031e-07
0.700999994277954	0.02	-0.02	7.21263854726173e-07	1.70107952924913e-07	-1.70107952924913e-07
0.741000015735626	0.02	-0.02	9.47524712710379e-07	2.01727881726635e-07	-2.01727881726635e-07
0.781000037193298	0.02	-0.02	1.40251928097444e-06	2.63710182006264e-07	-2.63710182006264e-07
0.841000009775162	0.04	-0.04	1.30783635097487e-06	2.64379135888087e-07	-2.64379135888087e-07
0.921000022888184	0.04	-0.04	2.04298089841455e-06	4.81903191639359e-07	-4.81903191639359e-07
1.02100000699361	0.06	-0.06	1.36096934038268e-06	2.28726712308331e-07	-2.28726712308331e-07
1.10100003004074	0.02	-0.02	9.19122384683188e-07	2.0214759852892e-07	-2.0214759852892e-07
1.14099999189377	0.02	-0.02	7.54771908934163e-07	1.44428323552921e-07	-1.44428323552921e-07
1.20100002408028	0.04	-0.04	3.41857395452645e-07	7.80459929338698e-08	-7.80459929338698e-08
1.26099999666214	0.02	-0.02	3.37182136844197e-07	7.88798187929812e-08	-7.88798187929812e-08
1.32100002884865	0.04	-0.04	2.29807669063317e-07	4.7113997656187e-08	-4.7113997656187e-08
1.38100000143051	0.02	-0.02	2.06351500406069e-07	4.76866339399046e-08	-4.76866339399046e-08
1.46099998474121	0.02	-0.02	1.87672349696031e-07	3.65614052284488e-08	-3.65614052284488e-08
1.50100000619888	0.02	-0.02	1.32565184815512e-07	3.24753186147793e-08	-3.24753186147793e-08
1.54100002765656	0.02	-0.02	7.04612256105439e-08	3.09724139644918e-08	-3.09724139644918e-08
1.58099998950958	0.02	-0.02	1.69097944679715e-07	2.88582882552633e-08	-2.88582882552633e-08
1.62100001096725	0.02	-0.02	1.21421679809192e-07	2.85382574714886e-08	-2.85382574714886e-08
1.66100003242493	0.02	-0.02	1.31823329853662e-07	2.73307616848352e-08	-2.73307616848352e-08
1.70099999427795	0.02	-0.02	1.34357286194443e-07	2.60483946470384e-08	-2.60483946470384e-08
1.74100001573563	0.02	-0.02	1.35516357223864e-07	2.36508600956177e-08	-2.36508600956177e-08
1.7810000371933	0.02	-0.02	1.41205626109062e-07	2.04922191890154e-08	-2.04922191890154e-08
1.82099999904633	0.02	-0.02	7.96571778071842e-08	1.66335025161335e-08	-1.66335025161335e-08
1.861000020504	0.02	-0.02	8.58552916395445e-08	1.47217805844274e-08	-1.47217805844274e-08
1.90100004196167	0.02	-0.02	5.04697170905534e-08	1.15073501389498e-08	-1.15073501389498e-08
1.9410000038147	0.02	-0.02	4.97856592824931e-08	1.00853345128728e-08	-1.00853345128728e-08
1.98100002527237	0.02	-0.02	4.59450975601521e-08	1.19117002559943e-08	-1.19117002559943e-08
2.0209999871254	0.02	-0.02	9.50783078841713e-08	2.08745934172103e-08	-2.08745934172103e-08
2.06100000858307	0.02	-0.02	1.70988671458594e-07	3.46261275058341e-08	-3.46261275058341e-08
2.10100003004074	0.02	-0.02	2.28802625918121e-07	5.25207480503965e-08	-5.25207480503965e-08
2.14099999189377	0.02	-0.02	4.40815870664066e-07	8.75177220425918e-08	-8.75177220425918e-08
2.18100001335144	0.02	-0.02	7.03672029152805e-07	1.55708430376397e-07	-1.55708430376397e-07
2.22100003480911	0.02	-0.02	7.6362701371872e-07	1.63393684212038e-07	-1.63393684212038e-07
2.26099999666214	0.02	-0.02	5.9001086979076e-07	1.18203335756315e-07	-1.18203335756315e-07
2.30100001811981	0.02	-0.02	4.64624018407719e-07	9.54704128244435e-08	-9.54704128244435e-08
2.361000020504	0.04	-0.04	2.2772454740993e-07	4.1407293796157e-08	-4.1407293796157e-08
2.42100002288818	0.02	-0.02	1.84037390605925e-07	4.02587081944892e-08	-4.02587081944892e-08
2.46099998474121	0.02	-0.02	1.94467245652624e-07	3.32144668139813e-08	-3.32144668139813e-08
2.50100000619888	0.02	-0.02	1.55086080302632e-07	2.86604666023407e-08	-2.86604666023407e-08
2.54100002765656	0.02	-0.02	1.15893708445515e-07	2.42410896753572e-08	-2.42410896753572e-08
2.60100000023842	0.04	-0.04	6.26639825035985e-08	1.2105204001616e-08	-1.2105204001616e-08
2.70100001414617	0.06	-0.06	4.04816289499482e-08	6.83953809941853e-09	-6.83953809941853e-09
2.7810000371933	0.02	-0.02	1.76801643706803e-07	3.56730515772065e-08	-3.56730515772065e-08
2.84100000977516	0.04	-0.04	2.70009237978643e-07	5.35321875650742e-08	-5.35321875650742e-08
2.90100004196167	0.02	-0.02	8.69801629084502e-07	1.69795736807563e-07	-1.69795736807563e-07
2.9410000038147	0.02	-0.02	1.08971054184183e-06	2.89140528057484e-07	-2.89140528057484e-07
2.98100002527237	0.02	-0.02	1.96460061784553e-06	4.7123424424488e-07	-4.7123424424488e-07
3.0209999871254	0.02	-0.02	2.30770082888998e-06	5.2096391978164e-07	-5.2096391978164e-07
3.06100000858307	0.02	-0.02	1.78447390008764e-06	3.3038494029834e-07	-3.3038494029834e-07
3.10100003004074	0.02	-0.02	6.90520488353e-07	1.86984203270601e-07	-1.86984203270601e-07
3.14099999189377	0.02	-0.02	6.00757596159755e-07	1.27378980860727e-07	-1.27378980860727e-07
3.18100001335144	0.02	-0.02	4.67403014858017e-07	1.12604717752751e-07	-1.12604717752751e-07
3.22100003480911	0.02	-0.02	6.47564931343278e-07	1.51498836595893e-07	-1.51498836595893e-07
3.26099999666214	0.02	-0.02	9.21245764803668e-07	2.09747414475825e-07	-2.09747414475825e-07
3.32100002884865	0.04	-0.04	8.40145178237465e-07	2.16822764448799e-07	-2.16822764448799e-07
3.38100000143051	0.02	-0.02	1.60443859892307e-06	3.7762355817515e-07	-3.7762355817515e-07
3.42100002288818	0.02	-0.02	1.23934333266877e-06	3.25048845804267e-07	-3.25048845804267e-07
3.46099998474121	0.02	-0.02	1.34424067643611e-06	3.18326511572173e-07	-3.18326511572173e-07
3.50100000619888	0.02	-0.02	1.24646983381678e-06	2.8731889433099e-07	-2.8731889433099e-07
3.54100002765656	0.02	-0.02	1.24285411208693e-06	2.7827563946865e-07	-2.7827563946865e-07
3.58099998950958	0.02	-0.02	9.93671961760262e-07	2.2533612061257e-07	-2.2533612061257e-07
3.66100001255671	0.06	-0.06	6.96425381745795e-07	1.17203974040868e-07	-1.17203974040868e-07
3.74100001573563	0.02	-0.02	7.29155798559545e-07	1.78222457883835e-07	-1.78222457883835e-07
3.80100001811981	0.04	-0.04	4.16356774957678e-07	1.0002475918623e-07	-1.0002475918623e-07
3.861000020504	0.02	-0.02	5.77144029829141e-07	1.19850356715365e-07	-1.19850356715365e-07
3.98100001335144	0.1	-0.1	1.66365402580777e-07	3.85476655991526e-08	-3.85476655991526e-08
4.20100001414617	0.12	-0.12	7.26190718878862e-08	1.90986215127768e-08	-1.90986215127768e-08
4.34100003957748	0.02	-0.02	1.36870783990962e-07	3.27651636122347e-08	-3.27651636122347e-08
4.42100000301997	0.06	-0.06	6.1738893345652e-08	1.47239342970533e-08	-1.47239342970533e-08
4.60100001017253	0.12	-0.12	3.08776930307211e-08	6.17174661292692e-09	-6.17174661292692e-09
4.78100001732508	0.06	-0.06	4.91801153068904e-08	1.11971526592201e-08	-1.11971526592201e-08
4.90100002209345	0.06	-0.06	6.92997115667823e-08	1.57606445538967e-08	-1.57606445538967e-08
5.04100001275539	0.08	-0.08	8.37805796715796e-08	1.90027329888889e-08	-1.90027329888889e-08
5.36100001056989	0.24	-0.24	1.09169103395834e-07	2.44580252707123e-08	-2.44580252707123e-08
5.76100001901388	0.16	-0.16	3.67043732706185e-07	8.01899664871815e-08	-8.01899664871815e-08
6.10100001017253	0.18	-0.18	4.83684182529257e-07	9.94399717337805e-08	-9.94399717337805e-08
6.34100001970927	0.06	-0.06	7.62804117242065e-07	1.77152546073872e-07	-1.77152546073872e-07
6.46100000460943	0.06	-0.06	7.22857914640142e-07	1.75976117670963e-07	-1.75976117670963e-07
7.00100001364946	0.48	-0.48	2.37847501550033e-07	6.88225318605554e-08	-6.88225318605554e-08
7.64100001424551	0.16	-0.16	5.48088836109376e-07	1.28399482920137e-07	-1.28399482920137e-07
13.9010000134296	6.09999999999996	-6.09999999999996	2.42389498485686e-07	5.80089047529258e-08	-5.80089047529258e-08

## XRT - xrtwtflux
113.696	2.184	-1.739	3.72762490026063e-10	7.46788686820547e-11	-7.46788686820547e-11
118.491	2.035	-2.612	2.8651412927143e-10	6.76891082654544e-11	-6.76891082654544e-11
123.889	3.269	-3.362	2.4920151495926e-10	4.69077739056977e-11	-4.69077685798593e-11
130.842	3.198	-3.684	2.51794410560044e-10	4.73958422100372e-11	-4.73958422100372e-11
138.417	3.363	-4.378	2.062385950824e-10	4.55354714926725e-11	-4.55354714926725e-11
366.386	0.893	-0.908	1.44628485752972e-09	2.15599598221749e-10	-2.15599598221749e-10
368.217	0.835	-0.939	1.41211789451353e-09	2.1926934744394e-10	-2.1926934744394e-10
369.907	0.749	-0.854	1.58544948012295e-09	2.36345081253701e-10	-2.36345027876111e-10
371.471	0.933	-0.816	1.43710168521032e-09	2.14230660573764e-10	-2.14230607785527e-10
373.213	0.681	-0.808	1.66329706624698e-09	2.53034988001243e-10	-2.53034988001243e-10
374.687	0.821	-0.793	1.53579252378218e-09	2.33637842395062e-10	-2.33637842395062e-10
376.620	0.837	-1.112	1.19842054557118e-09	1.99612146350819e-10	-1.99612146350819e-10
378.116	0.583	-0.659	2.00635364136824e-09	2.99089778988776e-10	-2.99089726654954e-10
379.780	0.848	-1.081	1.24374835719695e-09	1.93125445329465e-10	-1.93125445329465e-10
381.761	0.860	-1.133	1.24279104174847e-09	1.89064035271484e-10	-1.89063982460021e-10
383.375	0.837	-0.755	1.56120434034398e-09	2.47483381339251e-10	-2.47483326652218e-10
384.838	0.598	-0.626	2.12588386805725e-09	3.23407619333568e-10	-3.23407619333568e-10
386.177	0.613	-0.741	1.85950947722134e-09	2.82884522743519e-10	-2.82884469055788e-10
387.662	0.743	-0.871	1.5273147709342e-09	2.27678893250819e-10	-2.27678841487228e-10
389.409	1.022	-1.004	1.17624654549355e-09	1.82643930363329e-10	-1.82643878743933e-10
391.489	0.881	-1.059	1.24651319685879e-09	1.89630287420958e-10	-1.89630235872891e-10
393.293	0.658	-0.924	1.55021661273981e-09	2.31092812407571e-10	-2.31092812407571e-10
394.950	1.028	-0.998	1.19072865170646e-09	1.81143866874247e-10	-1.8114381542815e-10
396.852	0.665	-0.874	1.59039449306722e-09	2.37082178852668e-10	-2.37082178852668e-10
398.709	0.985	-1.192	1.12549587461157e-09	1.67779167296737e-10	-1.67779167296737e-10
400.644	1.025	-0.949	1.22726562147059e-09	1.86702124691156e-10	-1.86702073016531e-10
402.531	0.753	-0.862	1.5292172459923e-09	2.27962458909573e-10	-2.27962458909573e-10
404.343	1.061	-1.058	1.14825439008035e-09	1.74682284502001e-10	-1.74682232621295e-10
406.102	0.703	-0.699	1.65234085813663e-09	2.67456096881578e-10	-2.67456096881578e-10
407.692	0.977	-0.886	1.32108591350545e-09	1.96936058256809e-10	-1.96936058256809e-10
409.788	0.968	-1.119	1.18324822872514e-09	1.76388375973126e-10	-1.76388324112053e-10
411.664	0.881	-0.908	1.36846213333988e-09	2.08182152795066e-10	-2.08182152795066e-10
413.447	0.831	-0.901	1.44465054810788e-09	2.15355958193176e-10	-2.15355958193176e-10
415.250	1.079	-0.972	1.14724836363215e-09	1.85699273138652e-10	-1.85699273138652e-10
417.068	0.848	-0.739	1.54144498294092e-09	2.34497764962353e-10	-2.34497764962353e-10
418.873	0.851	-0.956	1.28047569602201e-09	2.07264126364236e-10	-2.07264126364236e-10
420.595	0.920	-0.871	1.36856024195585e-09	2.04013073185649e-10	-2.04013073185649e-10
422.370	0.624	-0.854	1.65657141405449e-09	2.46947321288342e-10	-2.46947269850907e-10
424.065	0.925	-1.071	1.20714722156585e-09	1.83641575384055e-10	-1.83641575384055e-10
426.236	1.157	-1.246	1.00493780834443e-09	1.52879754445439e-10	-1.52879754445439e-10
428.457	1.202	-1.063	1.08608062162338e-09	1.61903516500635e-10	-1.61903464848944e-10
431.161	1.273	-1.502	8.48168357508888e-10	1.34452378860486e-10	-1.34452378860486e-10
433.667	1.096	-1.233	1.04222685118824e-09	1.5855247409525e-10	-1.58552422347024e-10
435.977	1.586	-1.215	8.39798964563567e-10	1.33125647869659e-10	-1.33125647869659e-10
438.715	1.099	-1.152	1.09637752293615e-09	1.63438461265431e-10	-1.63438409451626e-10
441.341	1.107	-1.528	9.2453807621516e-10	1.40648622620747e-10	-1.40648570683266e-10
443.993	1.438	-1.544	7.92530153939574e-10	1.25632553925617e-10	-1.2563250194944e-10
446.759	1.346	-1.328	9.08760597615422e-10	1.38248396643241e-10	-1.38248396643241e-10
449.290	1.325	-1.185	9.79955632875952e-10	1.46083275291122e-10	-1.46083275291122e-10
451.816	1.343	-1.201	9.50549560951297e-10	1.44605772956267e-10	-1.44605721398352e-10
455.233	1.505	-2.074	6.74229067355451e-10	1.02569520621491e-10	-1.02569469167292e-10
457.964	1.636	-1.225	8.16460523076248e-10	1.29426030435348e-10	-1.29425979063336e-10
460.776	1.081	-1.176	1.08095177650205e-09	1.71353353200903e-10	-1.71353353200903e-10
463.457	1.623	-1.599	8.29488917549376e-10	1.23653034026585e-10	-1.23653034026585e-10
466.433	1.311	-1.354	9.10429800723894e-10	1.53747907523124e-10	-1.53747907523124e-10
469.014	1.087	-1.27	1.09262024236332e-09	1.62878340612859e-10	-1.62878340612859e-10
471.656	1.436	-1.555	8.31512287128354e-10	1.23954654615695e-10	-1.2395460239493e-10
474.378	1.300	-1.285	9.19032451129749e-10	1.48759161301301e-10	-1.48759108207653e-10
476.802	1.348	-1.125	9.4359693457134e-10	1.5934906164209e-10	-1.59349007763152e-10
479.742	1.672	-1.591	7.57812878804249e-10	1.17670828884632e-10	-1.17670828884632e-10
482.329	0.810	-0.915	1.43609600894002e-09	2.14080739492811e-10	-2.14080739492811e-10
484.642	1.338	-1.504	8.63715427858914e-10	1.2875520661081e-10	-1.2875520661081e-10
487.932	2.184	-1.952	5.99151852041101e-10	8.93163526988269e-11	-8.93163526988269e-11
491.769	1.509	-1.652	7.75332058040516e-10	1.1795014978543e-10	-1.1795014978543e-10
494.847	1.237	-1.568	8.66614954373957e-10	1.31836870337806e-10	-1.31836870337806e-10
498.468	1.620	-2.384	6.02711218370748e-10	9.16896011639951e-11	-9.16896011639951e-11
501.738	1.708	-1.65	4.76012148725148e-10	8.96008362564065e-11	-8.96008362564065e-11
505.171	1.867	-1.725	6.83257241522271e-10	1.01854075242418e-10	-1.01854075242418e-10
508.735	2.069	-1.697	6.33758977111532e-10	9.84081739314398e-11	-9.84081222464745e-11
512.626	1.311	-1.822	7.6493961302916e-10	1.18777425539246e-10	-1.18777425539246e-10
515.753	1.641	-1.816	6.95722590770718e-10	1.08029686580867e-10	-1.08029686580867e-10
519.234	2.427	-1.84	4.9273218919995e-10	8.34955174541556e-11	-8.34954651245696e-11
523.281	1.730	-1.621	7.24448359034663e-10	1.12490057310014e-10	-1.12490057310014e-10
526.620	1.570	-1.609	4.36613719335549e-10	9.96867674027953e-11	-9.96867674027953e-11
529.917	1.847	-1.727	6.53546516495289e-10	1.03600786822855e-10	-1.03600735441069e-10
533.933	1.930	-2.169	5.72274807618438e-10	9.07174286377698e-11	-9.07174286377698e-11
537.935	2.394	-2.072	5.44367792560086e-10	8.28138928589384e-11	-8.28138410249016e-11
541.736	1.831	-1.407	4.96483583612353e-10	9.34542240108077e-11	-9.34542240108077e-11
545.285	2.096	-1.718	4.21204173979814e-10	7.92842249147139e-11	-7.92842249147139e-11
549.762	1.384	-2.38	4.36297535898379e-10	7.9656716605679e-11	-7.9656716605679e-11
552.957	1.975	-1.811	4.33356211450189e-10	7.91196913925908e-11	-7.91196913925908e-11
556.992	2.067	-2.06	3.78963455423992e-10	7.35747968805347e-11	-7.35747968805347e-11
561.089	1.192	-2.03	4.84784101755271e-10	9.41196358344068e-11	-9.41196358344068e-11
564.302	1.721	-2.021	4.95050622231653e-10	8.4900562057151e-11	-8.49005105757754e-11

## XRT - xrtpcflux
162.017	15.363	-12.218	1.85763466342818e-10	4.21809173779238e-11	-4.21809173779238e-11
193.412	19.070	-16.033	1.64714863544689e-10	3.45285364896887e-11	-3.45285364896887e-11
227.076	12.986	-14.595	1.86415879161467e-10	4.07977785686987e-11	-4.07977785686987e-11
253.524	11.611	-13.462	2.1173017341976e-10	4.64732457563865e-11	-4.64732457563865e-11
284.135	21.118	-19	1.51656235997107e-10	3.26957087100418e-11	-3.26957087100418e-11
318.125	7.186	-12.873	2.760881948344e-10	6.19240596846062e-11	-6.19240596846062e-11
332.352	5.496	-7.041	7.1301904014598e-10	1.20943687568097e-10	-1.20943687568097e-10
343.221	4.655	-5.374	8.74696497430279e-10	1.44274870685388e-10	-1.44274870685388e-10
355.570	7.350	-7.693	8.82417459685253e-10	1.17255469403568e-10	-1.17255469403568e-10
575.940	6.399	-6.138	3.96082650370987e-10	8.66840721902853e-11	-8.66840721902853e-11
589.960	14.945	-7.621	2.09533588531248e-10	4.68531375151717e-11	-4.68531375151717e-11
613.445	9.011	-8.54	3.10627705065522e-10	6.52896987949507e-11	-6.52896987949507e-11
634.168	8.346	-11.713	2.56760693396789e-10	5.5200593866225e-11	-5.5200593866225e-11
653.140	9.433	-10.626	2.81837357294451e-10	5.85712838263912e-11	-5.85712838263912e-11
670.972	9.151	-8.4	2.82227816299232e-10	6.19469442359285e-11	-6.19469442359285e-11
689.297	8.378	-9.173	3.20909546367105e-10	6.56722916571866e-11	-6.56722916571866e-11
708.688	11.552	-11.013	2.19025848963e-10	4.80745846758243e-11	-4.80745846758243e-11
737.282	15.553	-17.042	1.59113274241322e-10	3.40173709916786e-11	-3.40173709916786e-11
763.373	12.029	-10.537	2.17789313808866e-10	4.80840071700701e-11	-4.80840071700701e-11
785.825	12.142	-10.423	2.25258274841171e-10	4.92985606383939e-11	-4.92985606383939e-11
812.924	10.116	-14.957	2.01552268919285e-10	4.46302093648394e-11	-4.46302093648394e-11
834.042	16.579	-11.002	1.92750449891067e-10	4.25558620509332e-11	-4.25558620509332e-11
870.979	22.267	-20.358	1.18256723614761e-10	2.68523103165406e-11	-2.68523103165406e-11
906.340	11.978	-13.095	2.27158588519006e-10	4.76183778935191e-11	-4.76183778935191e-11
936.583	19.345	-18.265	1.34666468171496e-10	2.94722341523054e-11	-2.94722341523054e-11
970.032	18.491	-14.104	1.52801345755743e-10	3.43770719896641e-11	-3.43770719896641e-11
999.242	9.340	-10.719	2.89328940988541e-10	6.0489634369696e-11	-6.0489634369696e-11
1022.817	13.345	-14.235	1.85193991495205e-10	4.07677937102853e-11	-4.07677937102853e-11
1050.918	17.839	-14.756	1.45412022759453e-10	3.28152847950813e-11	-3.28152847950813e-11
1086.334	12.511	-17.577	1.80644452564684e-10	3.98830799710813e-11	-3.98830799710813e-11
1123.459	15.502	-24.615	1.48649478660693e-10	3.25324705027991e-11	-3.25324705027991e-11
1167.589	16.504	-28.627	1.42929569511462e-10	2.99617688568288e-11	-2.99617688568288e-11
1198.531	10.635	-14.438	2.65490773307245e-10	5.21894477863383e-11	-5.21894477863383e-11
1227.830	11.424	-18.664	1.70918940040349e-10	3.74062128743155e-11	-3.74062128743155e-11
1254.760	17.089	-15.506	1.46776209245014e-10	3.29205556366975e-11	-3.29205556366975e-11
1288.237	13.700	-16.388	1.69699041090483e-10	3.7139232800298e-11	-3.7139232800298e-11
1324.079	20.482	-22.142	1.23549717579479e-10	2.78815949616497e-11	-2.78815949616497e-11
1353.953	8.159	-9.392	3.28743039983625e-10	7.37340265905937e-11	-7.37340265905937e-11
1370.166	6.990	-8.053	3.87039416758483e-10	8.44589474081661e-11	-8.44589474081661e-11
1391.429	13.308	-14.273	1.91578041428804e-10	4.31010112960044e-11	-4.31010112960044e-11
1421.126	13.698	-16.39	1.62265467475599e-10	3.62836657411514e-11	-3.62836657411514e-11
1451.988	17.935	-17.164	1.73626999443043e-10	3.48956638878527e-11	-3.48956638878527e-11
4761.352	16.427	-18.676	1.2952940909021e-10	2.86042689483944e-11	-2.86042689483944e-11
4811.742	16.183	-33.964	8.43751182115188e-11	1.90444106214399e-11	-1.90444106214399e-11
4847.718	22.832	-19.793	9.50915905042882e-11	2.12631297448458e-11	-2.12631297448458e-11
4889.465	23.709	-18.915	9.02556730012043e-11	2.05002863906914e-11	-2.05002863906914e-11
4935.352	17.939	-22.178	9.77078569585171e-11	2.191626632617e-11	-2.191626632617e-11
4985.921	22.532	-32.629	7.51986505443967e-11	1.6458411124895e-11	-1.6458411124895e-11
5032.008	16.561	-23.556	1.01686868497129e-10	2.28087806839007e-11	-2.28087806839007e-11
5064.025	14.632	-15.456	1.44964887736641e-10	3.19173485423212e-11	-3.19173485423212e-11
5096.732	19.535	-18.074	1.12260904391946e-10	2.47168227077327e-11	-2.47168227077327e-11
5131.931	19.439	-15.664	1.11081931516637e-10	2.49161311850335e-11	-2.49161311850335e-11
5170.165	16.307	-18.795	1.14157093738497e-10	2.56059001314897e-11	-2.56059001314897e-11
5211.275	22.837	-24.802	8.57036573300947e-11	1.94663564452958e-11	-1.94663564452958e-11
5256.722	20.013	-22.611	1.00563268525046e-10	2.2009857597475e-11	-2.2009857597475e-11
5293.624	13.199	-16.889	1.38211494296888e-10	3.03398497327783e-11	-3.03398497327783e-11
5331.253	23.210	-24.429	8.30156292423935e-11	1.87965087208421e-11	-1.87965087208421e-11
5374.214	15.351	-19.751	1.21038810343568e-10	2.649125628945e-11	-2.649125628945e-11
5407.857	21.825	-18.292	1.02756947525732e-10	2.29771466165067e-11	-2.29771466165067e-11
5463.388	23.962	-33.706	7.54264916853572e-11	1.6557435589972e-11	-1.6557435589972e-11
5500.505	19.440	-13.155	1.27893925922532e-10	2.87768417826579e-11	-2.87768417826579e-11
5542.127	15.429	-22.181	1.11985456747782e-10	2.51973401028306e-11	-2.51973401028306e-11
5574.220	15.930	-16.665	1.30684693453936e-10	2.93131120246581e-11	-2.93131120246581e-11
5620.957	29.369	-30.806	7.03476428409958e-11	1.59784670355846e-11	-1.59784670355846e-11
5667.494	12.920	-17.168	1.41576480919142e-10	3.18554886267179e-11	-3.18554886267179e-11
5708.888	24.180	-28.474	8.80239734705304e-11	1.89812776406419e-11	-1.89812776406419e-11
5757.739	35.505	-24.671	6.92870988518643e-11	1.55413797946616e-11	-1.55413797946616e-11
5830.167	25.759	-36.923	6.81068874098238e-11	1.50402006889628e-11	-1.50402006889628e-11
5872.964	23.079	-17.038	1.02858027522514e-10	2.31436215920295e-11	-2.31436215920295e-11
5922.464	26.233	-26.42	8.44396087962421e-11	1.8591318213203e-11	-1.8591318213203e-11
5969.616	21.706	-20.919	1.00382546978019e-10	2.26574726197176e-11	-2.26574726197176e-11
6015.363	23.597	-24.042	9.22808460619112e-11	2.03177503921782e-11	-2.03177503921782e-11
6059.506	19.571	-20.546	1.01976703923935e-10	2.30897017043111e-11	-2.30897017043111e-11
6118.301	18.444	-39.224	6.98493930457085e-11	1.5716496026365e-11	-1.5716496026365e-11
6154.161	22.702	-17.415	1.00024833480066e-10	2.25061433392016e-11	-2.25061433392016e-11
6210.602	41.469	-33.739	9.5727536471272e-11	1.60098860106378e-11	-1.60098860106378e-11
6467.837	38.520	-31.685	5.50884614658848e-11	1.24777346294131e-11	-1.24777346294131e-11
6531.953	19.536	-25.596	8.97979339141941e-11	1.98371278565423e-11	-1.98371278565423e-11
6572.792	16.306	-21.303	1.10570835116941e-10	2.48835320831087e-11	-2.48835320831087e-11
6622.417	24.350	-33.319	7.78378240780745e-11	1.76305365839115e-11	-1.76305365839115e-11
6682.629	19.298	-35.863	9.35946178472991e-11	2.05491916089155e-11	-2.05491916089155e-11
6735.875	31.243	-33.947	7.22270811543463e-11	1.62544270848321e-11	-1.62544270848321e-11
6792.049	27.722	-24.932	8.45741313541618e-11	1.90945229538793e-11	-1.90945229538793e-11
6844.703	27.721	-24.932	8.70198523542797e-11	1.87159113524557e-11	-1.87159113524557e-11
6891.347	16.180	-18.922	1.10563621697352e-10	2.48819065334088e-11	-2.48819065334088e-11
6932.713	22.452	-25.186	8.0850848276057e-11	1.81951628211887e-11	-1.81951628211887e-11
6981.977	23.335	-26.811	8.23820392212074e-11	1.85397625403545e-11	-1.85397625403545e-11
7020.600	19.814	-15.288	1.23126249570325e-10	2.75318716836649e-11	-2.75318716836649e-11
7055.702	14.800	-15.288	1.39963856235453e-10	3.14983237455894e-11	-3.14983237455894e-11
7097.648	20.492	-27.146	9.19843577846486e-11	2.01339618441772e-11	-2.01339618441772e-11
7158.890	52.018	-40.749	8.55346365115426e-11	1.38555297191506e-11	-1.38555297191506e-11
10846.490	18.433	-14.162	9.77909737905685e-11	2.20085617483418e-11	-2.20085617483418e-11
10889.485	28.092	-24.562	6.09955232019764e-11	1.37274805411443e-11	-1.37274805411443e-11
10960.807	34.497	-43.23	4.24331166688994e-11	9.48833548887603e-12	-9.48833548887603e-12
11029.380	26.099	-34.077	5.67830515756481e-11	1.25450407210532e-11	-1.25450407210532e-11
11078.963	21.648	-23.484	8.36049561361413e-11	1.7481821514375e-11	-1.7481821514375e-11
11128.594	27.178	-27.983	6.45293066798424e-11	1.41248021652721e-11	-1.41248021652721e-11
11192.229	28.734	-36.457	5.44115709101713e-11	1.19469045504207e-11	-1.19469045504207e-11
11251.167	22.449	-30.205	6.36901613285093e-11	1.4241548488191e-11	-1.4241548488191e-11
11315.341	36.002	-41.725	4.19837044594227e-11	9.44873329265635e-12	-9.44873329265635e-12
11381.482	20.007	-30.139	7.36927227976966e-11	1.61305848679466e-11	-1.61305848679466e-11
11423.545	30.598	-22.056	6.92002842328568e-11	1.55740306823046e-11	-1.55740306823046e-11
11491.965	27.368	-37.822	6.00901796268987e-11	1.30016587766398e-11	-1.30016587766398e-11
11543.767	25.712	-24.434	6.91981963669014e-11	1.55735484308784e-11	-1.55735484308784e-11
11606.448	33.237	-36.968	4.8284276601756e-11	1.08315975218807e-11	-1.08315975218807e-11
11667.005	25.333	-27.321	6.63651091077384e-11	1.48876641833104e-11	-1.48876641833104e-11
11720.438	32.076	-28.1	5.92826989518573e-11	1.30567442655716e-11	-1.30567442655716e-11
11773.941	28.718	-21.428	6.8313352860465e-11	1.53247157610075e-11	-1.53247157610075e-11
11840.996	36.883	-38.336	4.46818662376884e-11	1.01216023759766e-11	-1.01216023759766e-11
11920.786	32.313	-42.907	5.18753031951613e-11	1.14253006224562e-11	-1.14253006224562e-11
11985.548	32.741	-32.45	6.17076940646625e-11	1.38877655467958e-11	-1.38877655467958e-11
12054.628	26.344	-36.339	6.26475486309705e-11	1.38838013919847e-11	-1.38838013919847e-11
12110.669	27.971	-29.697	6.06681645246903e-11	1.36982254412393e-11	-1.36982254412393e-11
12168.585	37.752	-29.945	4.90191769351288e-11	1.10321213443198e-11	-1.10321213443198e-11
12232.406	29.092	-26.068	5.93444676017357e-11	1.33558945994131e-11	-1.33558945994131e-11
12284.113	30.038	-22.615	6.3902326381444e-11	1.4074200510995e-11	-1.4074200510995e-11
12348.583	30.758	-34.432	5.19267531760428e-11	1.14013292894296e-11	-1.14013292894296e-11
12419.262	32.792	-39.92	4.65846057133433e-11	1.02283744175588e-11	-1.02283744175588e-11
12477.119	22.574	-25.065	7.00546570545498e-11	1.58691967311515e-11	-1.58691967311515e-11
12541.295	31.110	-41.602	4.93340867230806e-11	1.12120294846452e-11	-1.12120294846452e-11
12599.724	32.856	-27.319	6.3189869417548e-11	1.41753640555896e-11	-1.41753640555896e-11
12667.545	25.211	-34.965	5.9599649294304e-11	1.3413331665902e-11	-1.3413331665902e-11
12726.218	29.220	-33.462	5.49159893517255e-11	1.2319286784108e-11	-1.2319286784108e-11
12783.628	42.015	-28.19	4.68517332449876e-11	1.06478710892039e-11	-1.06478710892039e-11
12863.869	31.978	-38.226	4.6483654129074e-11	1.04276672181957e-11	-1.04276672181957e-11
12923.570	27.426	-27.723	7.40462171097349e-11	1.48092382357878e-11	-1.48092382357878e-11
16276.671	22.990	-32.171	4.70219411793576e-11	1.03272499693666e-11	-1.03272499693666e-11
16325.981	28.842	-26.319	4.50378485321521e-11	1.00707679098452e-11	-1.00707679098452e-11
16386.028	28.970	-31.206	4.22257661983696e-11	9.5059741729039e-12	-9.5059741729039e-12
16442.324	15.299	-27.326	6.28686783214727e-11	1.40578654876334e-11	-1.40578654876334e-11
16486.444	36.368	-28.822	4.08268964928295e-11	8.73104914924312e-12	-8.73104914924312e-12
16555.152	25.329	-32.339	3.71237045859845e-11	8.38579417574578e-12	-8.38579417574578e-12
16624.465	56.306	-43.984	3.91975029955461e-11	6.33127398391788e-12	-6.33127398391788e-12
17972.791	21.070	-36.599	6.07254622159219e-11	1.35786281700678e-11	-1.35786281700678e-11
18026.699	34.859	-32.838	5.24503289313004e-11	1.18531018183843e-11	-1.18531018183843e-11
18098.274	48.533	-36.716	3.73917410637155e-11	8.42018010092703e-12	-8.42018010092703e-12
18181.399	30.597	-34.593	4.30371818729203e-11	9.65732383995788e-12	-9.65732383995788e-12
18251.976	30.225	-39.98	3.94287204691658e-11	8.81652942155912e-12	-8.81652942155912e-12
18317.711	27.173	-35.51	5.06617112227988e-11	1.11673227505007e-11	-1.11673227505007e-11
18385.868	29.220	-40.985	4.79280766690632e-11	1.07548146352808e-11	-1.07548146352808e-11
18461.955	45.904	-46.866	3.37329273342661e-11	7.62320661804272e-12	-7.62320661804272e-12
18535.557	27.462	-27.699	5.26653875112851e-11	1.18596270858152e-11	-1.18596270858152e-11
18627.157	48.691	-64.138	4.02323211793667e-11	7.07886214231518e-12	-7.07886214231518e-12
22009.937	36.490	-31.207	3.23548085334534e-11	7.2810935661943e-12	-7.2810935661943e-12
22085.150	39.005	-38.722	2.88080729746068e-11	6.4622490247894e-12	-6.4622490247894e-12
22164.441	34.934	-40.286	3.01826466530185e-11	6.6265597417557e-12	-6.6265597417557e-12
22255.028	22.073	-55.654	2.71951511386535e-11	6.11997144073366e-12	-6.11997144073366e-12
22304.222	20.519	-27.121	4.98383353674371e-11	1.07185878933262e-11	-1.07185878933262e-11
22351.439	23.448	-26.699	4.24789820723971e-11	9.49858909570216e-12	-9.49858909570216e-12
22407.726	27.337	-32.839	3.65804966310389e-11	8.20576345413832e-12	-8.20576345413832e-12
22463.889	41.379	-28.826	3.01090716758819e-11	6.77571547297538e-12	-6.77571547297538e-12
22543.374	24.576	-38.107	3.47655695864947e-11	7.79863548611169e-12	-7.79863548611169e-12
22608.932	39.253	-40.981	2.58461889790607e-11	5.91098971403086e-12	-5.91098971403086e-12
22698.015	42.934	-49.83	3.2815224046917e-11	6.17492557917287e-12	-6.17492557917287e-12
27691.123	52.733	-42.545	1.81537476495021e-11	3.97878392492041e-12	-3.97878392492041e-12
27778.575	32.978	-34.719	3.08516125079178e-11	6.99365625957597e-12	-6.99365625957597e-12
27891.337	60.627	-79.784	3.68914670533352e-11	8.15139725426341e-12	-8.15139725426341e-12
27976.405	30.719	-24.442	3.93502487023009e-11	8.81913089011712e-12	-8.81913089011712e-12
28047.105	55.298	-39.98	2.74418983373347e-11	6.20563208795273e-12	-6.20563208795273e-12
28146.161	28.955	-43.757	5.56021011208405e-11	1.19499030595955e-11	-1.19499030595955e-11
28210.032	32.782	-34.916	2.77826948850287e-11	6.07590028099745e-12	-6.07590028099745e-12
28279.031	56.553	-36.218	3.12294950206957e-11	7.01408344766241e-12	-7.01408344766241e-12
28393.180	47.710	-57.596	4.43619019750452e-11	9.28572985004381e-12	-9.28572985004381e-12
29454.397	45.767	-34.467	2.98434594815927e-11	6.70549406033551e-12	-6.70549406033551e-12
29529.492	33.355	-29.328	2.58620829938647e-11	5.78293887431273e-12	-5.78293887431273e-12
29592.178	25.829	-29.332	2.28469238035274e-11	5.13396805735631e-12	-5.13396805735631e-12
29647.862	27.815	-29.854	3.32686971713564e-11	7.2039216577438e-12	-7.2039216577438e-12
29713.406	24.953	-37.73	3.43873651825214e-11	7.68924758568909e-12	-7.68924758568909e-12
29786.668	39.447	-48.309	2.70512389668956e-11	5.76734371757761e-12	-5.76734371757761e-12
29871.112	32.730	-44.997	2.74141759540368e-11	6.12999768018347e-12	-6.12999768018347e-12
29934.551	31.973	-30.71	3.34245165290656e-11	7.51011523520652e-12	-7.51011523520652e-12
29995.853	33.354	-29.329	3.52828173230576e-11	7.90852150809701e-12	-7.90852150809701e-12
30079.846	39.625	-50.638	2.55933627572282e-11	5.75054405806343e-12	-5.75054405806343e-12
30150.010	24.618	-30.539	4.57790174735987e-11	9.78152987465712e-12	-9.78152987465712e-12
33831.989	52.667	-42.612	1.80413542838797e-11	4.07917305414722e-12	-4.07917305414722e-12
33925.017	37.366	-40.361	1.99802620738309e-11	4.52766077655249e-12	-4.52766077655249e-12
34002.195	27.885	-39.813	2.45987035666536e-11	5.36787697535016e-12	-5.36787697535016e-12
34060.789	29.467	-30.709	2.58899740662065e-11	5.80197927691577e-12	-5.80197927691577e-12
34124.600	35.861	-34.344	2.13174688494385e-11	4.78786312710582e-12	-4.78786312710582e-12
34213.209	55.066	-52.749	1.44685406557812e-11	3.12863038704343e-12	-3.12863038704343e-12
34303.626	27.333	-35.35	2.22572369243033e-11	5.01003641625894e-12	-5.01003641625894e-12
34364.051	27.084	-33.092	2.27342310581734e-11	5.11740574508553e-12	-5.11740574508553e-12
34424.853	36.486	-33.718	1.9968911609049e-11	4.47506019088231e-12	-4.47506019088231e-12
34499.443	39.623	-38.104	1.87003812042067e-11	4.2187681087571e-12	-4.2187681087571e-12
34582.937	31.349	-43.871	2.12700838268445e-11	4.65128852718636e-12	-4.65128852718636e-12
34645.623	26.330	-31.338	2.67855180647443e-11	6.00267377806393e-12	-6.00267377806393e-12
34702.836	39.316	-30.882	2.40370420642837e-11	5.15574392965033e-12	-5.15574392965033e-12
39232.345	36.237	-38.983	2.74680352410144e-11	6.17015981284955e-12	-6.17015981284955e-12
39314.962	28.839	-46.381	2.73450680288115e-11	6.12850994844421e-12	-6.12850994844421e-12
39400.449	58.689	-56.648	1.74824972533597e-11	3.94516278660002e-12	-3.94516278660002e-12
39513.540	38.370	-54.401	2.20980863385019e-11	4.9639065715812e-12	-4.9639065715812e-12
39598.160	44.013	-46.251	2.30582806973167e-11	5.16776551586968e-12	-5.16776551586968e-12
39676.392	35.986	-34.219	3.00317393809076e-11	6.71529950995238e-12	-6.71529950995238e-12
39755.493	52.164	-43.115	2.38563983593134e-11	5.3466381835488e-12	-5.3466381835488e-12
39852.654	40.251	-44.998	2.88107172540719e-11	6.4866187650597e-12	-6.4866187650597e-12
39943.545	37.117	-50.64	2.70010613667995e-11	6.06526481443489e-12	-6.06526481443489e-12
40017.491	33.376	-36.829	3.23074654438514e-11	7.12740057900512e-12	-7.12740057900512e-12
40104.768	31.347	-53.902	2.34029859898796e-11	5.24501817536763e-12	-5.24501817536763e-12
40164.696	29.088	-28.58	3.73075842945654e-11	8.34223219184842e-12	-8.34223219184842e-12
40243.548	30.470	-49.764	2.53422127271327e-11	5.70598505099068e-12	-5.70598505099068e-12
40299.214	24.951	-25.196	2.74249207390903e-11	6.13239928941588e-12	-6.13239928941588e-12
40356.758	27.583	-32.593	2.2226943310488e-11	4.98169919295757e-12	-4.98169919295757e-12
40419.064	25.453	-34.723	2.17524463772189e-11	4.87535116824813e-12	-4.87535116824813e-12
40480.031	29.675	-35.515	2.06738900145957e-11	4.53151673069311e-12	-4.53151673069311e-12
40573.987	48.546	-64.28	1.57599474103254e-11	2.97834973090772e-12	-2.97834973090772e-12
45015.679	39.827	-57.959	2.1952137180571e-11	4.80052693262795e-12	-4.80052693262795e-12
45099.975	35.766	-44.469	2.3348494582494e-11	5.10588524860855e-12	-5.10588524860855e-12
45190.891	47.649	-55.151	1.59889756169689e-11	3.59123329040034e-12	-3.59123329040034e-12
45266.494	34.730	-27.953	2.48443156340708e-11	5.55535862770109e-12	-5.55535862770109e-12
45351.115	32.851	-49.891	1.81441832438038e-11	4.06621461927015e-12	-4.06621461927015e-12
45434.761	44.483	-50.795	1.58845554535637e-11	3.47365952434321e-12	-3.47365952434321e-12
45507.198	32.222	-27.954	2.46336078535941e-11	5.52053065050268e-12	-5.52053065050268e-12
45587.052	40.124	-47.633	1.75486322899215e-11	3.93274904248188e-12	-3.93274904248188e-12
45663.408	31.466	-36.232	2.38418940075677e-11	5.22488357848585e-12	-5.22488357848585e-12
45740.061	30.032	-45.187	2.13310675234654e-11	4.67464195089878e-12	-4.67464195089878e-12
45820.856	52.038	-50.762	1.45201770181083e-11	3.28335089450048e-12	-3.28335089450048e-12
45924.539	46.140	-51.645	1.49553691770425e-11	3.36660481526624e-12	-3.36660481526624e-12
45997.755	30.593	-27.076	2.50899714545005e-11	5.63537600849686e-12	-5.63537600849686e-12
46056.427	29.589	-28.079	2.47156482639103e-11	5.57623607764622e-12	-5.57623607764622e-12
46128.887	34.856	-42.871	1.82755513746744e-11	4.09565567120045e-12	-4.09565567120045e-12
46203.100	45.892	-39.357	1.67098385861719e-11	3.73643404295537e-12	-3.73643404295537e-12
46304.526	39.745	-55.533	1.72719383141173e-11	3.60843318960736e-12	-3.60843318960736e-12
46391.275	53.288	-47.004	1.41163959956413e-11	3.18487966788722e-12	-3.18487966788722e-12
46496.554	63.331	-51.991	1.53498973761703e-11	3.09200463888981e-12	-3.09200463888981e-12
80292.792	99.807	-80.72	9.69380885171873e-12	2.20622384592499e-12	-2.20622384592499e-12
80435.846	49.524	-43.246	1.69526285862254e-11	3.81577867833984e-12	-3.81577867833984e-12
80544.910	58.304	-59.54	1.33775804181769e-11	3.01773767664205e-12	-3.01773767664205e-12
80651.975	59.054	-48.761	1.48697977781625e-11	3.33228254580575e-12	-3.33228254580575e-12
80791.753	74.729	-80.725	1.05763200000594e-11	2.38582410218487e-12	-2.38582410218487e-12
80947.959	63.948	-81.476	1.27440620202504e-11	2.79262611868376e-12	-2.79262611868376e-12
81071.826	47.895	-59.92	1.54205030847106e-11	3.47092071643773e-12	-3.47092071643773e-12
81178.137	49.398	-58.416	1.47258492832739e-11	3.30002401154799e-12	-3.30002401154799e-12
81272.538	50.276	-45.002	1.58548761769413e-11	3.54525854262629e-12	-3.54525854262629e-12
81405.666	82.630	-82.853	9.40099319515917e-12	2.1160201561284e-12	-2.1160201561284e-12
81551.971	86.763	-63.676	1.07493154872874e-11	2.41950655763e-12	-2.41950655763e-12
81736.641	105.177	-97.906	1.4589172463182e-11	2.44341413644575e-12	-2.44341413644575e-12
85133.896	37.989	-49.767	1.54540459293742e-11	3.47011284414819e-12	-3.47011284414819e-12
85213.127	46.514	-41.242	1.55176226207853e-11	3.5064274667145e-12	-3.5064274667145e-12
85330.497	46.988	-70.856	2.14622335894938e-11	4.7019098138484e-12	-4.7019098138484e-12
85436.401	56.421	-58.916	1.32021374783588e-11	2.88094214266519e-12	-2.88094214266519e-12
85542.337	43.256	-49.515	1.38946860089621e-11	3.1134438446012e-12	-3.1134438446012e-12
85638.619	47.267	-53.025	1.20469534710215e-11	2.70507035494832e-12	-2.70507035494832e-12
85743.549	67.703	-57.663	9.54575210050446e-12	2.14344051009908e-12	-2.14344051009908e-12
85881.390	47.707	-70.138	1.06418623882352e-11	2.34085292964658e-12	-2.34085292964658e-12
85977.484	51.906	-48.387	1.19114362909323e-11	2.69155826830373e-12	-2.69155826830373e-12
86078.275	51.407	-48.886	1.21528500664806e-11	2.74033230555034e-12	-2.74033230555034e-12
86184.897	50.093	-55.215	1.2492285898692e-11	2.73146847957396e-12	-2.73146847957396e-12
86268.084	34.603	-33.095	1.8616181763944e-11	4.17141035893252e-12	-4.17141035893252e-12
86351.952	46.014	-49.265	1.32827314528654e-11	2.98881991568024e-12	-2.98881991568024e-12
86471.680	74.217	-73.715	9.44593820584899e-12	2.0777897513617e-12	-2.0777897513617e-12
86592.151	59.053	-46.254	1.34216908645658e-11	3.01376015231529e-12	-3.01376015231529e-12
86698.300	50.689	-47.096	1.55389327375047e-11	3.41121103177671e-12	-3.41121103177671e-12
86824.737	64.662	-75.747	1.11817203962809e-11	2.45960256585001e-12	-2.45960256585001e-12
86952.203	47.518	-62.803	1.29403426516811e-11	2.89960021061933e-12	-2.89960021061933e-12
87050.489	54.540	-50.768	1.27009675509256e-11	2.85791391248839e-12	-2.85791391248839e-12
87176.225	71.720	-71.197	8.93754314352105e-12	2.01956508349687e-12	-2.01956508349687e-12
87294.327	36.359	-46.382	1.7168777167106e-11	3.66735291991813e-12	-3.66735291991813e-12
87373.557	47.392	-42.871	1.43883737904976e-11	3.23082284255428e-12	-3.23082284255428e-12
87487.452	96.457	-66.503	1.39717882523405e-11	2.37298187652263e-12	-2.37298187652263e-12
90922.831	46.516	-51.27	1.28438071404133e-11	2.88434983846462e-12	-2.88434983846462e-12
91007.133	39.942	-37.785	1.68720321473077e-11	3.68177970850078e-12	-3.68177970850078e-12
91123.041	46.892	-75.967	1.03455277781768e-11	2.32330878775083e-12	-2.32330878775083e-12
91218.462	44.242	-48.529	1.46062433611749e-11	3.19387607343122e-12	-3.19387607343122e-12
91330.642	87.516	-67.938	8.32187641236505e-12	1.86082761939113e-12	-1.86082761939113e-12
91463.286	45.136	-45.128	1.43878652405277e-11	3.22414803726608e-12	-3.22414803726608e-12
91559.943	46.264	-51.522	1.3206374886359e-11	2.9657730280215e-12	-2.9657730280215e-12
91665.482	58.562	-59.275	1.15597524555745e-11	2.52771433550479e-12	-2.52771433550479e-12
125444.065	79.367	-91.131	8.40262884084782e-12	1.8951738457651e-12	-1.8951738457651e-12
125607.669	83.754	-84.237	8.55943664789662e-12	1.93473256093448e-12	-1.93473256093448e-12
125763.122	83.755	-71.699	9.12873676073606e-12	2.04564358377032e-12	-2.04564358377032e-12
125960.945	94.041	-114.068	6.78920670158434e-12	1.53127364423185e-12	-1.53127364423185e-12
126152.077	88.441	-97.091	8.17108696581923e-12	1.77324962150057e-12	-1.77324962150057e-12
160005.660	75.478	-115.079	6.77023076807186e-12	1.53689598372681e-12	-1.53689598372681e-12
160170.893	83.250	-89.756	7.45705687654028e-12	1.68427292553968e-12	-1.68427292553968e-12
160350.187	94.513	-96.043	7.06552771534085e-12	1.56792476518704e-12	-1.56792476518704e-12
160540.472	82.240	-95.772	7.22929514476298e-12	1.63695785647436e-12	-1.63695785647436e-12
165976.809	60.557	-89.882	8.80014989919579e-12	1.98271617634455e-12	-1.98271617634455e-12
166128.994	88.896	-91.628	7.6470215766036e-12	1.69301618763208e-12	-1.69301618763208e-12
182829.213	80.994	-92.011	7.0931414997418e-12	1.60259595795121e-12	-1.60259595795121e-12
182988.823	74.331	-78.615	8.32823080768039e-12	1.83538880980659e-12	-1.83538880980659e-12
183150.776	110.456	-87.622	6.05445862944554e-12	1.36507675516608e-12	-1.36507675516608e-12
183338.204	73.469	-76.971	7.96062007712394e-12	1.79112895085172e-12	-1.79112895085172e-12
183521.687	115.644	-110.015	5.65613102402997e-12	1.25647178650044e-12	-1.25647178650044e-12
183834.060	186.879	-196.729	6.48227315258705e-12	1.04796699165646e-12	-1.04796699165646e-12
211596.966	93.906	-91.636	6.81499630967776e-12	1.53073538171619e-12	-1.53073538171619e-12
211777.702	91.190	-86.83	5.31688385797842e-12	1.38106116200948e-12	-1.38106116200948e-12
211955.011	104.438	-86.119	6.50595819458425e-12	1.46132157109381e-12	-1.46132157109381e-12
212139.803	80.114	-80.355	7.62619016012859e-12	1.72068040603552e-12	-1.72068040603552e-12
212287.987	79.862	-68.07	8.08572702563256e-12	1.83264369509793e-12	-1.83264369509793e-12
212526.717	174.594	-158.868	4.14562732593486e-12	8.74640885299351e-13	-8.74640885299351e-13
217356.024	59.679	-103.298	7.27973097358623e-12	1.65813795676228e-12	-1.65813795676228e-12
217489.661	99.047	-73.959	6.9231207434978e-12	1.55875487757962e-12	-1.55875487757962e-12
217702.613	101.725	-113.905	4.2305011891452e-12	1.09901587402768e-12	-1.09901587402768e-12
217890.591	126.870	-86.253	6.01649267416274e-12	1.33029604885312e-12	-1.33029604885312e-12
218097.630	72.777	-80.17	8.55994093349018e-12	1.88022300327195e-12	-1.88022300327195e-12
218235.843	77.481	-65.436	8.75035166245163e-12	1.96563272351597e-12	-1.96563272351597e-12
218475.320	166.451	-161.995	3.18233833354191e-12	7.90984074342596e-13	-7.90984074342596e-13
223251.300	264.434	-309.743	2.26065684644515e-12	5.94212708775918e-13	-5.94212708775918e-13
223908.935	371.521	-393.201	2.80219608464257e-12	5.82736027943199e-13	-5.82736027943199e-13
228721.240	68.597	-84.35	8.4331875023123e-12	1.86495590943912e-12	-1.86495590943912e-12
228892.048	73.301	-102.211	5.29287141231622e-12	1.37939410731665e-12	-1.37939410731665e-12
229075.004	126.028	-109.655	5.51173552703626e-12	1.21346702916568e-12	-1.21346702916568e-12
291821.611	110.453	-80.104	6.63558610090348e-12	1.51365338602368e-12	-1.51365338602368e-12
292042.343	135.695	-110.28	5.93911517313734e-12	1.30522972318144e-12	-1.30522972318144e-12
292309.665	91.526	-131.626	4.47981102228362e-12	1.16942369332989e-12	-1.16942369332989e-12
292579.523	222.833	-178.333	5.34911029105488e-12	9.38910931112996e-13	-9.38910931112996e-13
297704.046	127.138	-201.322	2.77813654736113e-12	7.26217004325494e-13	-7.26217004325494e-13
297939.077	95.200	-107.893	4.49342720215344e-12	1.17217684454198e-12	-1.17217684454198e-12
298173.087	129.474	-138.81	3.3738333504687e-12	8.85599051237896e-13	-8.85599051237896e-13
298402.694	80.395	-100.133	5.35285475363092e-12	1.35904486964762e-12	-1.35904486964762e-12
298630.476	110.854	-147.387	4.94660860851797e-12	1.08577952348932e-12	-1.08577952348932e-12
303383.591	91.189	-121.934	4.38756206178738e-12	1.14121719909086e-12	-1.14121719909086e-12
303678.594	189.836	-203.815	2.35366340253049e-12	6.110683225874e-13	-6.110683225874e-13
304007.746	106.403	-139.315	3.77087442965359e-12	9.79010425625005e-13	-9.79010425625005e-13
304217.862	101.887	-103.714	4.46455790853938e-12	1.16770108157289e-12	-1.16770108157289e-12
304490.974	189.815	-171.225	2.52932289812453e-12	6.64003406032487e-13	-6.64003406032487e-13
309112.481	148.191	-82.483	3.81738042096389e-12	9.92043852538162e-13	-9.92043852538162e-13
309363.384	100.382	-102.711	4.31265765917344e-12	1.13301364245325e-12	-1.13301364245325e-12
309583.359	126.124	-119.593	3.54115944519762e-12	9.28296492413672e-13	-9.28296492413672e-13
309853.308	139.503	-143.825	3.12430042384476e-12	8.11929348532545e-13	-8.11929348532545e-13
310101.084	159.998	-108.273	3.51936605770907e-12	8.90614785506826e-13	-8.90614785506826e-13
412492.969	101.720	-204.173	3.00122977408634e-12	7.76414104727257e-13	-7.76414104727257e-13
412794.504	191.328	-199.815	2.3570597857448e-12	6.13329448588929e-13	-6.13329448588929e-13
413188.999	130.306	-203.167	2.7371889051498e-12	7.19241553755362e-13	-7.19241553755362e-13
413533.665	226.916	-214.359	3.04128755806437e-12	6.57057608045407e-13	-6.57057608045407e-13
418469.522	225.788	-315.794	1.71080958164421e-12	4.48008992165492e-13	-4.48008992165492e-13
418904.154	172.269	-208.844	2.45799753028472e-12	6.42913349738192e-13	-6.42913349738192e-13
419233.882	228.656	-157.46	3.7095027655858e-12	7.80621606359542e-13	-7.80621606359542e-13
424032.471	136.488	-139.317	3.7760646960121e-12	9.92204970875725e-13	-9.92204970875725e-13
424305.266	121.948	-136.307	4.12645651556501e-12	1.07582614979641e-12	-1.07582614979641e-12
424540.195	122.707	-112.982	4.85827203892026e-12	1.21897884311553e-12	-1.21897884311553e-12
424834.143	129.638	-171.241	3.50737247245315e-12	9.25235407821795e-13	-9.25235407821795e-13
425203.876	316.516	-240.095	3.31601613701082e-12	6.62116508482753e-13	-6.62116508482753e-13
515897.854	115.593	-162.72	3.61805764379959e-12	9.38258825232816e-13	-9.38258825232816e-13
516249.369	205.367	-235.922	2.2425770001396e-12	5.87331408964496e-13	-5.87331408964496e-13
516660.574	245.481	-205.837	2.19611500029386e-12	5.72637114411364e-13	-5.72637114411364e-13
517019.458	302.797	-113.403	2.36893294374977e-12	6.2179518562675e-13	-6.2179518562675e-13
521639.963	240.975	-262.997	1.89974341873203e-12	4.94933252316384e-13	-4.94933252316384e-13
522238.043	244.653	-357.105	1.57694078437128e-12	4.11762424585993e-13	-4.11762424585993e-13
522792.584	289.346	-309.887	3.09930488936476e-12	5.80218489512024e-13	-5.80218489512024e-13
527387.957	191.656	-249.632	2.3288224354001e-12	6.05327439118399e-13	-6.05327439118399e-13
527823.553	295.134	-243.941	1.91995781700404e-12	4.99609475060945e-13	-4.99609475060945e-13
528400.139	260.117	-281.451	2.16045794989079e-12	5.3021373525736e-13	-5.3021373525736e-13
544546.044	109.073	-124.108	4.77967913987541e-12	1.24504200703364e-12	-1.24504200703364e-12
544804.425	236.814	-149.308	3.62409649142653e-12	8.44301634276504e-13	-8.44301634276504e-13
550461.082	520.417	-342.095	2.58933041457352e-12	4.77089449610593e-13	-4.77089449610593e-13
567865.112	455.224	-572.769	1.79122960730492e-12	3.47599589962085e-13	-3.47599589962085e-13
574868.334	292.218	-289.476	2.90808693207166e-12	5.74279978316833e-13	-5.74279978316833e-13
579016.926	192.824	-158.202	3.98739525664649e-12	1.04190299733721e-12	-1.04190299733721e-12
579564.036	277.550	-354.286	2.46529864909399e-12	6.27104963558196e-13	-6.27104963558196e-13
585903.050	417.805	-364.473	2.21316025676292e-12	4.50401142959178e-13	-4.50401142959178e-13
640336.613	2624.136	-4193.755	1.72161109570653e-12	3.31459166024339e-13	-3.31459166024339e-13
654242.591	478.147	-544.831	2.58607754861677e-12	4.96227818849942e-13	-4.96227818849942e-13
660086.400	455.281	-635.395	2.40980226064335e-12	5.22252415465056e-13	-5.22252415465056e-13
764580.828	300.383	-369.066	1.96732565977853e-12	4.8219447127261e-13	-4.8219447127261e-13
770335.040	245.796	-363.478	2.38441360146956e-12	5.53502436680787e-13	-5.53502436680787e-13
783143.770	2798.571	-1693.658	1.8028278869174e-12	3.39687642244515e-13	-3.39687642244515e-13
803449.104	5652.424	-4804.412	1.10599183757269e-12	2.31494610315257e-13	-2.31494610315257e-13
814653.565	447.383	-407.607	2.00467797480233e-12	3.97907890972262e-13	-3.97907890972262e-13
872905.634	294.479	-530.431	1.28925285571164e-12	3.41850722787072e-13	-3.41850722787072e-13
873597.980	304.168	-397.867	2.16943755528437e-12	4.7788754347262e-13	-4.7788754347262e-13
878504.996	273.401	-275.704	1.9849163100036e-12	5.19851821333844e-13	-5.19851821333844e-13
878918.047	203.844	-139.65	3.19572167669484e-12	8.35121302394598e-13	-8.35121302394598e-13
942427.819	353.766	-315.683	1.73392756747031e-12	4.2554542966393e-13	-4.2554542966393e-13
947429.336	392.435	-397.372	1.58509939834262e-12	4.15603058294885e-13	-4.15603058294885e-13
948152.716	388.642	-330.945	1.77837166226414e-12	4.49639368273098e-13	-4.49639368273098e-13
953308.924	180.457	-333.544	1.85514685528316e-12	4.86762520575577e-13	-4.86762520575577e-13
953908.277	393.464	-418.896	1.88188673006379e-12	3.88911420016546e-13	-3.88911420016546e-13
959272.243	488.442	-837.92	8.54899532530053e-13	2.06663081792297e-13	-2.06663081792297e-13
996090.270	2252.271	-3204.751	1.5993394541159e-12	3.4614183662355e-13	-3.4614183662355e-13
1032830.236	490.231	-540.269	2.45009679033429e-12	5.43655381258679e-13	-5.43655381258679e-13
1038580.920	501.686	-556.395	2.19946568201668e-12	4.89902805213498e-13	-4.89902805213498e-13
1044446.608	695.757	-673.228	1.29468231024423e-12	2.57660261626733e-13	-2.57660261626733e-13
1096052.750	628.622	-587.418	1.35848019387182e-12	2.75938029219548e-13	-2.75938029219548e-13
1101407.837	258.015	-318.671	1.67197755481035e-12	4.36883824577049e-13	-4.36883824577049e-13
1101992.777	387.649	-326.925	1.69697125681995e-12	3.9448251094502e-13	-3.9448251094502e-13
1108820.031	460.272	-454.893	1.05852295888365e-12	2.79211945979025e-13	-2.79211945979025e-13
1113157.971	802.824	-548.611	1.03947423048965e-12	2.33005020578889e-13	-2.33005020578889e-13
1181689.540	232.440	-221.387	2.31849543661789e-12	6.03287348215744e-13	-6.03287348215744e-13
1182469.670	610.676	-547.69	1.32251823875385e-12	2.86920606094227e-13	-2.86920606094227e-13
1187583.680	234.108	-415.29	1.63229027799425e-12	4.258750484617e-13	-4.258750484617e-13
1190458.907	4082.667	-2641.12	1.16453012869121e-12	2.00596229432985e-13	-2.00596229432985e-13
1262976.939	5304.141	-6051.972	1.23747117852399e-12	2.46892491935964e-13	-2.46892491935964e-13
1273675.108	512.436	-309.97	1.23445700681425e-12	3.27622645817137e-13	-3.27622645817137e-13
1274510.461	431.769	-322.917	1.53417993567362e-12	3.7868583401456e-13	-3.7868583401456e-13
1282707.633	2911.510	-2095.638	9.52577339786219e-13	2.30264728910368e-13	-2.30264728910368e-13
1349759.037	363.572	-315.906	1.80104847498323e-12	4.31012189660677e-13	-4.31012189660677e-13
1360744.101	357.162	-535.437	1.28278798015752e-12	3.16930592991487e-13	-3.16930592991487e-13
1376030.592	25510.377	-10895.012	1.2657530900241e-12	1.98316707553822e-13	-1.98316707553822e-13
1472644.153	9716.905	-2697.982	6.77239955892532e-13	1.63772592400553e-13	-1.63772592400553e-13
1509245.191	717.296	-691.807	7.31481277322331e-13	1.88131277552333e-13	-1.88131277552333e-13
1517757.966	4023.067	-3444.624	8.33023089470223e-13	1.78595885679624e-13	-1.78595885679624e-13
1607199.628	681.193	-1026.278	6.54859091570958e-13	1.59366665302253e-13	-1.59366665302253e-13
1615883.840	3396.810	-4010.493	5.53630405460577e-13	1.09591058090901e-13	-1.09591058090901e-13
1696761.587	2619.851	-4491.458	7.8749342031306e-13	1.78095313619001e-13	-1.78095313619001e-13
1704220.595	6141.870	-450.861	5.75292977848462e-13	1.54891281207485e-13	-1.54891281207485e-13
1779397.500	683.576	-978.764	7.10140085162812e-13	1.76860195684397e-13	-1.76860195684397e-13
1786953.722	4214.909	-2792.404	8.16151734925143e-13	1.39912380362321e-13	-1.39912380362321e-13
1861669.468	21971.230	-24067.532	6.09669334915268e-13	1.00565733598468e-13	-1.00565733598468e-13
1970649.940	5332.099	-18483.207	6.18318960800033e-13	1.38871130678791e-13	-1.38871130678791e-13
2065024.032	13617.086	-11160.038	6.32110596214893e-13	1.12793555023201e-13	-1.12793555023201e-13
2218717.781	14964.623	-9801.814	4.62413267963341e-13	1.00235846373037e-13	-1.00235846373037e-13
2378807.768	9384.690	-8351.67	5.07574951137028e-13	1.00083742044374e-13	-1.00083742044374e-13
2591705.329	15477.159	-14225.767	3.95807271205663e-13	9.20734799880129e-14	-9.20734799880129e-14
2722672.777	43818.308	-24471.112	5.76286172836667e-13	1.03231072463483e-13	-1.03231072463483e-13
3015931.455	15090.576	-13676.29	4.90159313878389e-13	8.65150592574534e-14	-8.65150592574534e-14
3261513.041	5368.586	-7864.438	3.99634724608412e-13	7.8555598656819e-14	-7.8555598656819e-14
3548832.389	4968.266	-7904.861	2.68667757688384e-13	6.58412676473813e-14	-6.58412676473813e-14
3912126.022	123039.486	-130214.293	1.61085067303163e-13	3.80967805034709e-14	-3.80967805034709e-14
4272925.833	78995.228	-77522.085	1.65581457923355e-13	4.03706618272457e-14	-4.03706618272457e-14
4710480.007	88740.568	-107565.235	1.92294231675409e-13	3.91815929792961e-14	-3.91815929792961e-14
5235250.724	200631.175	-184605.138	2.37411883595009e-13	3.75605375240688e-14	-3.75605375240688e-14
6045667.458	400672.825	-384727.519	1.63814825620336e-13	3.34690619722347e-14	-3.34690619722347e-14
6992876.340	229025.245	-271617.189	1.41830408265154e-13	2.77682665905675e-14	-2.77682665905675e-14
7840106.111	340115.571	-389314.98	9.19125148104873e-14	2.10852583504606e-14	-2.10852583504606e-14
8926116.483	453684.656	-396840.354	7.37831634580378e-14	1.92968604488135e-14	-1.92968604488135e-14
10173131.170	183171.593	-467184.411	1.09699925129423e-13	2.50874343880682e-14	-2.50874343880682e-14
10619219.832	63061.543	-40374.845	9.36735916242082e-14	4.59499448149985e-14	-3.56108269963263e-14
